filename,width,height,class,xmin,ymin,xmax,ymax
0971.png,32,158,Smoke,962,381,994,539
0239.png,23,113,Smoke,1214,464,1237,577
0363.png,76,92,Smoke,1769,310,1845,402
0974.png,80,48,Smoke,414,514,494,562
0893.png,57,57,Smoke,1773,313,1830,370
0966.png,23,113,Smoke,1214,468,1237,581
1159.png,29,218,Smoke,1164,333,1193,551
1772.png,29,218,Smoke,1161,337,1190,555
1035.png,32,158,Smoke,962,381,994,539
1211.png,32,158,Smoke,963,376,995,534
0026.png,48,34,Smoke,559,483,607,517
1468.png,80,48,Smoke,414,514,494,562
1079.png,29,218,Smoke,1164,331,1193,549
0954.png,101,160,Smoke,812,383,913,543
0216.png,55,84,Smoke,450,458,505,542
0134.png,148,97,Smoke,1772,452,1920,549
0756.png,111,221,Smoke,1019,320,1130,541
0588.png,111,221,Smoke,1021,322,1132,543
0799.png,76,250,Smoke,1615,394,1691,644
1344.png,101,107,Smoke,635,446,736,553
0826.png,107,179,Smoke,815,369,922,548
1532.png,55,80,Smoke,546,424,601,504
1688.png,99,55,Smoke,642,498,741,553
0579.png,76,118,Smoke,1770,307,1846,425
0313.png,69,59,Smoke,1690,577,1759,636
1431.png,32,170,Smoke,962,373,994,543
0224.png,95,176,Smoke,819,375,914,551
0425.png,69,59,Smoke,1690,578,1759,637
1277.png,29,218,Smoke,1164,335,1193,553
0110.png,55,143,Smoke,446,387,501,530
0803.png,57,57,Smoke,1773,313,1830,370
0796.png,99,59,Smoke,1690,576,1789,635
0821.png,174,109,Smoke,1746,450,1920,559
1422.png,32,170,Smoke,962,375,994,545
0790.png,55,80,Smoke,546,424,601,504
0169.png,29,218,Smoke,1163,348,1192,566
0612.png,109,155,Smoke,809,395,918,550
1609.png,32,170,Smoke,964,372,996,542
1398.png,180,109,Smoke,1740,457,1920,566
0907.png,29,218,Smoke,1163,353,1192,571
1459.png,57,57,Smoke,1758,305,1815,362
0667.png,174,109,Smoke,1746,449,1920,558
1450.png,132,155,Smoke,1247,396,1379,551
0456.png,23,113,Smoke,1214,464,1237,577
1431.png,130,227,Smoke,1023,322,1153,549
0011.png,65,197,Smoke,1583,422,1648,619
1054.png,57,57,Smoke,1773,313,1830,370
0598.png,57,57,Smoke,1773,313,1830,370
1783.png,76,258,Smoke,1625,384,1701,642
0954.png,118,107,Smoke,620,448,738,555
0787.png,109,179,Smoke,813,367,922,546
1666.png,155,48,Smoke,1722,579,1877,627
0660.png,174,109,Smoke,1746,449,1920,558
0570.png,163,109,Smoke,1757,450,1920,559
1641.png,113,57,Smoke,629,495,742,552
0516.png,160,109,Smoke,1760,448,1920,557
0044.png,57,57,Smoke,1773,313,1830,370
0140.png,50,116,Smoke,1433,434,1483,550
0365.png,57,57,Smoke,1773,313,1830,370
1352.png,50,128,Smoke,1431,416,1481,544
1181.png,101,107,Smoke,635,446,736,553
1135.png,99,57,Smoke,1771,391,1870,448
0572.png,76,118,Smoke,1770,307,1846,425
1213.png,111,246,Smoke,1032,307,1143,553
0150.png,76,92,Smoke,1768,310,1844,402
1620.png,76,227,Smoke,1623,385,1699,612
0021.png,23,113,Smoke,1214,464,1237,577
0299.png,57,57,Smoke,1773,313,1830,370
1044.png,76,250,Smoke,1615,392,1691,642
0679.png,80,48,Smoke,414,514,494,562
1111.png,32,158,Smoke,963,377,995,535
1610.png,29,218,Smoke,1163,337,1192,555
0420.png,29,218,Smoke,1163,357,1192,575
0651.png,65,218,Smoke,1620,397,1685,615
0552.png,55,80,Smoke,546,424,601,504
0160.png,65,197,Smoke,1617,421,1682,618
0535.png,55,80,Smoke,546,424,601,504
1591.png,76,227,Smoke,1622,384,1698,611
0572.png,165,109,Smoke,1755,449,1920,558
0415.png,29,218,Smoke,1163,357,1192,575
1235.png,32,158,Smoke,963,376,995,534
0878.png,174,109,Smoke,1746,451,1920,560
1213.png,76,250,Smoke,1613,390,1689,640
1120.png,57,57,Smoke,1773,313,1830,370
0302.png,32,158,Smoke,962,387,994,545
0859.png,55,80,Smoke,546,424,601,504
0612.png,99,59,Smoke,1692,576,1791,635
1754.png,76,258,Smoke,1625,382,1701,640
0395.png,124,174,Smoke,1250,378,1374,552
0363.png,76,95,Smoke,665,430,741,525
0563.png,95,155,Smoke,824,394,919,549
1582.png,155,48,Smoke,1722,582,1877,630
0668.png,55,80,Smoke,546,424,601,504
0486.png,124,174,Smoke,1251,378,1375,552
0547.png,124,174,Smoke,1250,378,1374,552
1645.png,32,170,Smoke,963,378,995,548
0624.png,65,218,Smoke,1620,397,1685,615
0431.png,23,113,Smoke,1214,464,1237,577
0208.png,55,46,Smoke,552,484,607,530
0969.png,32,158,Smoke,962,381,994,539
1414.png,132,155,Smoke,1248,395,1380,550
0357.png,50,116,Smoke,1431,426,1481,542
1289.png,179,109,Smoke,1741,458,1920,567
0443.png,29,218,Smoke,1163,357,1192,575
0749.png,109,179,Smoke,813,366,922,545
0193.png,145,86,Smoke,1775,460,1920,546
1399.png,29,218,Smoke,1164,335,1193,553
0444.png,69,59,Smoke,1690,579,1759,638
1353.png,90,67,Smoke,816,490,906,557
0070.png,48,34,Smoke,559,483,607,517
0132.png,148,97,Smoke,1772,453,1920,550
0265.png,55,46,Smoke,552,484,607,530
1220.png,23,113,Smoke,1213,468,1236,581
0715.png,32,158,Smoke,963,388,995,546
0288.png,55,46,Smoke,552,484,607,530
0481.png,142,109,Smoke,1778,446,1920,555
0597.png,111,221,Smoke,1019,321,1130,542
1316.png,124,174,Smoke,1255,377,1379,551
0546.png,32,158,Smoke,962,389,994,547
1752.png,76,258,Smoke,1624,382,1700,640
1589.png,113,57,Smoke,628,498,741,555
0395.png,107,221,Smoke,1022,318,1129,539
0406.png,95,139,Smoke,821,408,916,547
0236.png,65,197,Smoke,1618,423,1683,620
1328.png,50,128,Smoke,1431,419,1481,547
0376.png,55,80,Smoke,546,422,601,502
0091.png,48,34,Smoke,559,483,607,517
0137.png,95,176,Smoke,819,375,914,551
0645.png,99,59,Smoke,1692,575,1791,634
1437.png,57,57,Smoke,1755,305,1812,362
1494.png,50,128,Smoke,1431,411,1481,539
0946.png,99,59,Smoke,1688,578,1787,637
1378.png,55,80,Smoke,546,424,601,504
1591.png,80,48,Smoke,414,514,494,562
0169.png,148,97,Smoke,1772,449,1920,546
1010.png,124,174,Smoke,1253,379,1377,553
0455.png,124,174,Smoke,1250,378,1374,552
0524.png,95,155,Smoke,823,394,918,549
0395.png,57,57,Smoke,1773,313,1830,370
1504.png,50,128,Smoke,1431,413,1481,541
1667.png,76,227,Smoke,1624,382,1700,609
0616.png,109,155,Smoke,809,395,918,550
0949.png,50,128,Smoke,1431,424,1481,552
1576.png,155,48,Smoke,1722,582,1877,630
0566.png,50,128,Smoke,1435,423,1485,551
0146.png,23,113,Smoke,1214,464,1237,577
0346.png,107,221,Smoke,1021,317,1128,538
0252.png,55,84,Smoke,450,460,505,544
1644.png,29,218,Smoke,1161,338,1190,556
1354.png,124,174,Smoke,1256,377,1380,551
0871.png,107,179,Smoke,814,369,921,548
0843.png,111,233,Smoke,1019,320,1130,553
0278.png,147,86,Smoke,1773,452,1920,538
0225.png,76,92,Smoke,1769,309,1845,401
0902.png,111,233,Smoke,1025,318,1136,551
0407.png,124,174,Smoke,1250,378,1374,552
0009.png,29,170,Smoke,1136,380,1165,550
0668.png,111,221,Smoke,1020,323,1131,544
0532.png,160,109,Smoke,1760,449,1920,558
1299.png,179,109,Smoke,1741,458,1920,567
0098.png,48,34,Smoke,559,483,607,517
0342.png,95,139,Smoke,821,409,916,548
0712.png,99,59,Smoke,1691,577,1790,636
1719.png,128,246,Smoke,1022,316,1150,562
1369.png,124,174,Smoke,1256,377,1380,551
1799.png,155,48,Smoke,1722,577,1877,625
0599.png,76,118,Smoke,1770,308,1846,426
0318.png,32,158,Smoke,962,387,994,545
0086.png,145,116,Smoke,1226,427,1371,543
1160.png,97,151,Smoke,815,392,912,543
0825.png,174,109,Smoke,1746,450,1920,559
0907.png,143,71,Smoke,596,483,739,554
0964.png,101,160,Smoke,813,383,914,543
1443.png,29,218,Smoke,1164,335,1193,553
0518.png,95,155,Smoke,823,392,918,547
1536.png,55,80,Smoke,546,424,601,504
0007.png,50,147,Smoke,418,397,468,544
0501.png,32,158,Smoke,962,387,994,545
1405.png,50,128,Smoke,1431,415,1481,543
0325.png,124,174,Smoke,1250,378,1374,552
0497.png,32,158,Smoke,962,387,994,545
0311.png,55,46,Smoke,552,484,607,530
0529.png,29,218,Smoke,1163,356,1192,574
1040.png,111,233,Smoke,1027,309,1138,542
0146.png,32,158,Smoke,962,387,994,545
0218.png,95,176,Smoke,820,375,915,551
1073.png,74,74,Smoke,1770,361,1844,435
1136.png,101,107,Smoke,635,446,736,553
1476.png,103,55,Smoke,817,497,920,552
1540.png,57,57,Smoke,1761,304,1818,361
1165.png,50,128,Smoke,1431,420,1481,548
1164.png,99,59,Smoke,1688,574,1787,633
0472.png,23,113,Smoke,1214,464,1237,577
0109.png,57,48,Smoke,1704,577,1761,625
1087.png,76,250,Smoke,1614,389,1690,639
1606.png,122,78,Smoke,808,475,930,553
1376.png,101,107,Smoke,635,446,736,553
0712.png,57,57,Smoke,1773,313,1830,370
0914.png,50,128,Smoke,1431,424,1481,552
0181.png,147,97,Smoke,1773,449,1920,546
0997.png,23,113,Smoke,1214,467,1237,580
0438.png,50,116,Smoke,1431,428,1481,544
0749.png,32,158,Smoke,963,388,995,546
0581.png,55,80,Smoke,546,424,601,504
1217.png,101,107,Smoke,635,446,736,553
0858.png,32,158,Smoke,963,386,995,544
0708.png,124,174,Smoke,1251,378,1375,552
1559.png,181,109,Smoke,1739,457,1920,566
0266.png,107,221,Smoke,1022,324,1129,545
1570.png,111,76,Smoke,814,477,925,553
0004.png,65,197,Smoke,1581,422,1646,619
1625.png,155,48,Smoke,1722,579,1877,627
0356.png,69,59,Smoke,1690,580,1759,639
0047.png,29,170,Smoke,1162,375,1191,545
0666.png,124,174,Smoke,1251,378,1375,552
0140.png,57,57,Smoke,1773,313,1830,370
0766.png,55,80,Smoke,546,424,601,504
0096.png,148,97,Smoke,1772,456,1920,553
1466.png,50,128,Smoke,1431,412,1481,540
1063.png,74,74,Smoke,1770,361,1844,435
1066.png,32,158,Smoke,963,377,995,535
0325.png,95,139,Smoke,822,409,917,548
0615.png,57,57,Smoke,1773,313,1830,370
0014.png,34,116,Smoke,1403,434,1437,550
1171.png,111,246,Smoke,1031,307,1142,553
1613.png,76,227,Smoke,1623,384,1699,611
0180.png,145,116,Smoke,1226,427,1371,543
0749.png,174,109,Smoke,1746,449,1920,558
0311.png,55,84,Smoke,450,460,505,544
1125.png,97,151,Smoke,814,395,911,546
0194.png,50,116,Smoke,1432,426,1482,542
1791.png,80,48,Smoke,414,514,494,562
1646.png,50,128,Smoke,1431,412,1481,540
0339.png,107,221,Smoke,1021,319,1128,540
1325.png,23,151,Smoke,1212,427,1235,578
0355.png,107,221,Smoke,1021,319,1128,540
1004.png,86,160,Smoke,813,385,899,545
0375.png,50,116,Smoke,1431,427,1481,543
1493.png,57,57,Smoke,1758,304,1815,361
1471.png,23,151,Smoke,1212,424,1235,575
1629.png,23,151,Smoke,1210,422,1233,573
1235.png,23,113,Smoke,1214,467,1237,580
1585.png,80,48,Smoke,414,514,494,562
1637.png,122,78,Smoke,809,474,931,552
0912.png,143,71,Smoke,596,485,739,556
0364.png,76,95,Smoke,665,431,741,526
1340.png,29,218,Smoke,1164,337,1193,555
1715.png,128,246,Smoke,1022,316,1150,562
1558.png,32,170,Smoke,962,373,994,543
1574.png,141,67,Smoke,1757,377,1898,444
1025.png,76,250,Smoke,1615,390,1691,640
0894.png,55,80,Smoke,546,424,601,504
0772.png,76,118,Smoke,1771,301,1847,419
1789.png,132,155,Smoke,1245,399,1377,554
0157.png,149,97,Smoke,1771,450,1920,547
1203.png,97,151,Smoke,816,393,913,544
0871.png,76,118,Smoke,1770,317,1846,435
1537.png,181,109,Smoke,1739,456,1920,565
1251.png,99,59,Smoke,1689,575,1788,634
0962.png,50,128,Smoke,1431,424,1481,552
1492.png,103,55,Smoke,818,499,921,554
1588.png,80,48,Smoke,414,514,494,562
1359.png,101,107,Smoke,635,446,736,553
1120.png,111,246,Smoke,1030,308,1141,554
0972.png,29,218,Smoke,1163,353,1192,571
0258.png,141,147,Smoke,1232,408,1373,555
0970.png,76,118,Smoke,1769,316,1845,434
0245.png,55,84,Smoke,450,460,505,544
0582.png,55,80,Smoke,546,424,601,504
0671.png,32,158,Smoke,963,389,995,547
1248.png,23,113,Smoke,1212,466,1235,579
1206.png,29,218,Smoke,1164,333,1193,551
1382.png,23,151,Smoke,1212,423,1235,574
1750.png,182,109,Smoke,1738,456,1920,565
1772.png,180,109,Smoke,1740,458,1920,567
1119.png,179,109,Smoke,1741,457,1920,566
0569.png,163,109,Smoke,1757,449,1920,558
1061.png,101,107,Smoke,635,446,736,553
0951.png,124,174,Smoke,1253,379,1377,553
0472.png,50,116,Smoke,1432,428,1482,544
0949.png,76,118,Smoke,1769,316,1845,434
1249.png,55,80,Smoke,546,424,601,504
0327.png,57,57,Smoke,1773,313,1830,370
1659.png,55,80,Smoke,546,424,601,504
1510.png,80,48,Smoke,414,514,494,562
1375.png,23,151,Smoke,1212,421,1235,572
1068.png,57,57,Smoke,1773,313,1830,370
0242.png,141,147,Smoke,1231,408,1372,555
0824.png,55,80,Smoke,546,424,601,504
1061.png,74,74,Smoke,1770,361,1844,435
1397.png,55,80,Smoke,546,424,601,504
1213.png,57,57,Smoke,1773,313,1830,370
1790.png,141,67,Smoke,1761,370,1902,437
0622.png,97,120,Smoke,647,429,744,549
1369.png,130,227,Smoke,1023,322,1153,549
1652.png,132,155,Smoke,1246,397,1378,552
1695.png,23,151,Smoke,1210,420,1233,571
1476.png,29,218,Smoke,1164,333,1193,551
0070.png,149,97,Smoke,1771,457,1920,554
1123.png,99,59,Smoke,1688,574,1787,633
1640.png,182,109,Smoke,1738,456,1920,565
0059.png,57,48,Smoke,1702,578,1759,626
1215.png,179,109,Smoke,1741,458,1920,567
1168.png,99,59,Smoke,1688,574,1787,633
0415.png,76,105,Smoke,1770,311,1846,416
1096.png,124,174,Smoke,1253,377,1377,551
1086.png,179,109,Smoke,1741,456,1920,565
0813.png,76,250,Smoke,1615,394,1691,644
0417.png,95,139,Smoke,821,406,916,545
0925.png,32,158,Smoke,962,381,994,539
0786.png,76,118,Smoke,1772,301,1848,419
0119.png,65,197,Smoke,1617,422,1682,619
1786.png,55,80,Smoke,546,424,601,504
1237.png,124,174,Smoke,1255,377,1379,551
0383.png,76,92,Smoke,1768,310,1844,402
0779.png,57,57,Smoke,1773,313,1830,370
1151.png,23,113,Smoke,1212,471,1235,584
1066.png,80,48,Smoke,414,514,494,562
0455.png,29,218,Smoke,1163,355,1192,573
1661.png,122,78,Smoke,811,475,933,553
1281.png,99,59,Smoke,1689,574,1788,633
0352.png,23,113,Smoke,1214,464,1237,577
0323.png,29,218,Smoke,1163,356,1192,574
0352.png,76,92,Smoke,1768,310,1844,402
0037.png,65,197,Smoke,1597,422,1662,619
1075.png,50,128,Smoke,1431,422,1481,550
1221.png,97,151,Smoke,816,393,913,544
1144.png,101,107,Smoke,635,446,736,553
0470.png,124,174,Smoke,1250,378,1374,552
1181.png,23,113,Smoke,1213,470,1236,583
1146.png,84,67,Smoke,1762,378,1846,445
1741.png,80,57,Smoke,1758,299,1838,356
1416.png,50,128,Smoke,1431,415,1481,543
0057.png,76,92,Smoke,1767,309,1843,401
1778.png,80,48,Smoke,414,514,494,562
0960.png,179,109,Smoke,1741,457,1920,566
0314.png,76,95,Smoke,664,435,740,530
1543.png,29,218,Smoke,1163,345,1192,563
1733.png,50,128,Smoke,1431,412,1481,540
0691.png,99,59,Smoke,1692,576,1791,635
1333.png,141,67,Smoke,1759,376,1900,443
0099.png,65,197,Smoke,1618,422,1683,619
1140.png,55,80,Smoke,546,424,601,504
1507.png,170,57,Smoke,568,499,738,556
1350.png,55,80,Smoke,546,424,601,504
0761.png,124,174,Smoke,1251,379,1375,553
0219.png,23,113,Smoke,1214,464,1237,577
0944.png,29,218,Smoke,1163,353,1192,571
1570.png,57,57,Smoke,1761,304,1818,361
1705.png,99,55,Smoke,643,499,742,554
0123.png,29,218,Smoke,1164,348,1193,566
1006.png,80,48,Smoke,414,514,494,562
1699.png,99,55,Smoke,642,498,741,553
1495.png,130,227,Smoke,1024,318,1154,545
1187.png,23,113,Smoke,1213,469,1236,582
0546.png,23,113,Smoke,1214,465,1237,578
1754.png,32,170,Smoke,966,382,998,552
0637.png,57,57,Smoke,1773,313,1830,370
1289.png,84,67,Smoke,1760,375,1844,442
0159.png,95,176,Smoke,818,375,913,551
0212.png,74,99,Smoke,666,431,740,530
0277.png,65,197,Smoke,1617,424,1682,621
0600.png,55,80,Smoke,546,424,601,504
0220.png,65,197,Smoke,1617,423,1682,620
0228.png,69,86,Smoke,670,445,739,531
0590.png,124,174,Smoke,1251,377,1375,551
1776.png,99,55,Smoke,642,499,741,554
1143.png,57,57,Smoke,1773,313,1830,370
0039.png,107,195,Smoke,1006,357,1113,552
1587.png,155,48,Smoke,1722,581,1877,629
0053.png,150,97,Smoke,1770,462,1920,559
0229.png,95,176,Smoke,819,376,914,552
1126.png,76,250,Smoke,1614,390,1690,640
1418.png,90,67,Smoke,816,488,906,555
0049.png,32,158,Smoke,954,388,986,546
0386.png,69,59,Smoke,1691,580,1760,639
0471.png,95,155,Smoke,821,397,916,552
0866.png,170,90,Smoke,567,465,737,555
1175.png,57,57,Smoke,1773,313,1830,370
1638.png,76,227,Smoke,1623,385,1699,612
1329.png,57,57,Smoke,1773,313,1830,370
0735.png,111,221,Smoke,1019,321,1130,542
0551.png,29,218,Smoke,1163,357,1192,575
1765.png,23,151,Smoke,1215,417,1238,568
0452.png,32,158,Smoke,962,387,994,545
0122.png,65,197,Smoke,1617,421,1682,618
1505.png,23,151,Smoke,1212,423,1235,574
1348.png,76,227,Smoke,1615,381,1691,608
1403.png,32,170,Smoke,962,375,994,545
0493.png,97,120,Smoke,646,423,743,543
1044.png,101,107,Smoke,635,446,736,553
1621.png,76,227,Smoke,1623,384,1699,611
0475.png,142,109,Smoke,1778,446,1920,555
1543.png,111,76,Smoke,811,477,922,553
0981.png,101,160,Smoke,812,379,913,539
0954.png,179,109,Smoke,1741,456,1920,565
0918.png,32,158,Smoke,962,381,994,539
1550.png,80,48,Smoke,414,514,494,562
0883.png,107,179,Smoke,814,369,921,548
0230.png,107,221,Smoke,1022,324,1129,545
1693.png,99,55,Smoke,642,499,741,554
1067.png,97,151,Smoke,813,393,910,544
1382.png,32,170,Smoke,962,375,994,545
0245.png,57,57,Smoke,1773,313,1830,370
1037.png,101,107,Smoke,635,446,736,553
0728.png,76,250,Smoke,1611,394,1687,644
1099.png,101,107,Smoke,635,446,736,553
0797.png,57,57,Smoke,1773,313,1830,370
0384.png,55,80,Smoke,546,422,601,502
0812.png,76,250,Smoke,1615,394,1691,644
1570.png,76,227,Smoke,1621,383,1697,610
1603.png,155,48,Smoke,1722,581,1877,629
0180.png,74,99,Smoke,666,431,740,530
0689.png,99,59,Smoke,1692,576,1791,635
1088.png,32,158,Smoke,963,375,995,533
1245.png,29,218,Smoke,1164,337,1193,555
0551.png,55,80,Smoke,546,424,601,504
1617.png,181,109,Smoke,1739,457,1920,566
0278.png,69,86,Smoke,671,443,740,529
0167.png,107,195,Smoke,1022,350,1129,545
0275.png,55,84,Smoke,450,460,505,544
0712.png,109,179,Smoke,813,368,922,547
1063.png,80,48,Smoke,414,514,494,562
1798.png,180,109,Smoke,1740,458,1920,567
0661.png,76,118,Smoke,1771,305,1847,423
1108.png,32,158,Smoke,963,375,995,533
1662.png,128,246,Smoke,1017,310,1145,556
1140.png,76,250,Smoke,1614,390,1690,640
1322.png,101,107,Smoke,635,446,736,553
1427.png,50,128,Smoke,1431,414,1481,542
1021.png,50,128,Smoke,1431,422,1481,550
1045.png,50,128,Smoke,1431,421,1481,549
0030.png,74,99,Smoke,634,449,708,548
1687.png,55,80,Smoke,546,424,601,504
1201.png,80,48,Smoke,414,514,494,562
0569.png,99,59,Smoke,1692,576,1791,635
0608.png,32,158,Smoke,962,387,994,545
1291.png,32,170,Smoke,962,376,994,546
0499.png,29,218,Smoke,1163,356,1192,574
0584.png,80,48,Smoke,415,515,495,563
0911.png,50,128,Smoke,1431,424,1481,552
1351.png,76,227,Smoke,1616,380,1692,607
1477.png,132,155,Smoke,1247,397,1379,552
0963.png,76,118,Smoke,1769,316,1845,434
0370.png,23,113,Smoke,1214,464,1237,577
0429.png,143,113,Smoke,1777,447,1920,560
1414.png,76,227,Smoke,1617,383,1693,610
1293.png,57,57,Smoke,1773,313,1830,370
1772.png,55,80,Smoke,546,424,601,504
0354.png,23,113,Smoke,1214,464,1237,577
0312.png,124,174,Smoke,1250,378,1374,552
0291.png,95,176,Smoke,821,374,916,550
1456.png,50,128,Smoke,1431,412,1481,540
1797.png,132,155,Smoke,1245,399,1377,554
1551.png,141,67,Smoke,1758,376,1899,443
1555.png,155,48,Smoke,1721,582,1876,630
0693.png,124,174,Smoke,1251,378,1375,552
1116.png,23,113,Smoke,1214,469,1237,582
0858.png,111,233,Smoke,1021,318,1132,551
0640.png,76,118,Smoke,1771,305,1847,423
1052.png,80,48,Smoke,414,514,494,562
1333.png,32,170,Smoke,962,376,994,546
0635.png,99,59,Smoke,1692,575,1791,634
1698.png,128,246,Smoke,1022,313,1150,559
0591.png,109,155,Smoke,809,395,918,550
1423.png,76,227,Smoke,1619,383,1695,610
0453.png,76,118,Smoke,1771,310,1847,428
1097.png,29,218,Smoke,1164,337,1193,555
1180.png,124,174,Smoke,1254,377,1378,551
0140.png,76,92,Smoke,1768,310,1844,402
1060.png,111,246,Smoke,1028,308,1139,554
1501.png,170,57,Smoke,568,499,738,556
0406.png,144,113,Smoke,1776,443,1920,556
0635.png,76,118,Smoke,1771,305,1847,423
1082.png,101,107,Smoke,635,446,736,553
1541.png,155,48,Smoke,1721,581,1876,629
1254.png,50,128,Smoke,1431,417,1481,545
0701.png,99,59,Smoke,1692,576,1791,635
1674.png,113,57,Smoke,629,495,742,552
0078.png,145,116,Smoke,1226,427,1371,543
0109.png,145,116,Smoke,1226,427,1371,543
1761.png,155,48,Smoke,1722,579,1877,627
0552.png,32,158,Smoke,962,389,994,547
1158.png,97,151,Smoke,815,392,912,543
0415.png,124,174,Smoke,1251,378,1375,552
0605.png,109,155,Smoke,809,395,918,550
0418.png,144,113,Smoke,1776,444,1920,557
0632.png,55,80,Smoke,546,424,601,504
1305.png,101,107,Smoke,635,446,736,553
0984.png,179,109,Smoke,1741,455,1920,564
0062.png,32,158,Smoke,961,388,993,546
0738.png,32,158,Smoke,963,388,995,546
1224.png,99,59,Smoke,1687,574,1786,633
1589.png,130,227,Smoke,1026,312,1156,539
1167.png,99,59,Smoke,1688,574,1787,633
1775.png,76,258,Smoke,1625,384,1701,642
0722.png,29,218,Smoke,1163,355,1192,573
1776.png,155,48,Smoke,1722,579,1877,627
0713.png,111,221,Smoke,1019,322,1130,543
0918.png,80,48,Smoke,414,514,494,562
1516.png,132,155,Smoke,1247,398,1379,553
0488.png,57,57,Smoke,1773,313,1830,370
0709.png,160,57,Smoke,580,500,740,557
1323.png,99,59,Smoke,1689,575,1788,634
0102.png,50,116,Smoke,1433,433,1483,549
1528.png,29,218,Smoke,1164,339,1193,557
0129.png,150,97,Smoke,1770,452,1920,549
0542.png,65,218,Smoke,1618,399,1683,617
0758.png,174,109,Smoke,1746,449,1920,558
1442.png,141,67,Smoke,1759,374,1900,441
0250.png,50,116,Smoke,1431,428,1481,544
0983.png,76,118,Smoke,1769,316,1845,434
1035.png,57,57,Smoke,1773,313,1830,370
0030.png,55,143,Smoke,420,396,475,539
1214.png,101,107,Smoke,635,446,736,553
1243.png,57,57,Smoke,1773,313,1830,370
0237.png,50,116,Smoke,1431,427,1481,543
0287.png,55,46,Smoke,552,484,607,530
0327.png,76,95,Smoke,665,434,741,529
1375.png,55,80,Smoke,546,424,601,504
0120.png,145,116,Smoke,1226,427,1371,543
1327.png,29,218,Smoke,1164,335,1193,553
0536.png,107,221,Smoke,1024,319,1131,540
0485.png,57,57,Smoke,1773,313,1830,370
0797.png,76,118,Smoke,1772,301,1848,419
0560.png,99,59,Smoke,1692,576,1791,635
0585.png,32,158,Smoke,962,389,994,547
1123.png,32,158,Smoke,963,376,995,534
0787.png,80,48,Smoke,414,514,494,562
0855.png,76,250,Smoke,1615,392,1691,642
1514.png,50,128,Smoke,1431,412,1481,540
1552.png,23,151,Smoke,1212,423,1235,574
1670.png,80,48,Smoke,414,514,494,562
0135.png,145,116,Smoke,1226,427,1371,543
0142.png,65,197,Smoke,1617,421,1682,618
0137.png,48,34,Smoke,559,483,607,517
0020.png,145,116,Smoke,1194,430,1339,546
0852.png,170,90,Smoke,567,466,737,556
1223.png,84,67,Smoke,1760,376,1844,443
1102.png,124,174,Smoke,1253,377,1377,551
0127.png,57,48,Smoke,1705,577,1762,625
0434.png,29,218,Smoke,1163,357,1192,575
1218.png,76,250,Smoke,1614,390,1690,640
0797.png,55,80,Smoke,546,424,601,504
0908.png,111,233,Smoke,1024,318,1135,551
0579.png,29,218,Smoke,1163,355,1192,573
1762.png,132,155,Smoke,1245,399,1377,554
1474.png,180,109,Smoke,1740,457,1920,566
0941.png,55,80,Smoke,546,424,601,504
0461.png,69,59,Smoke,1689,578,1758,637
1286.png,124,174,Smoke,1255,377,1379,551
0228.png,141,147,Smoke,1231,408,1372,555
1057.png,32,158,Smoke,962,380,994,538
1716.png,76,227,Smoke,1623,382,1699,609
1286.png,179,109,Smoke,1741,458,1920,567
1220.png,124,174,Smoke,1255,377,1379,551
1001.png,76,250,Smoke,1615,390,1691,640
1521.png,23,151,Smoke,1212,423,1235,574
0502.png,23,113,Smoke,1214,464,1237,577
0183.png,32,158,Smoke,962,387,994,545
0192.png,50,116,Smoke,1432,426,1482,542
1004.png,179,109,Smoke,1741,456,1920,565
1751.png,141,67,Smoke,1759,371,1900,438
0181.png,57,57,Smoke,1773,313,1830,370
1050.png,32,158,Smoke,963,381,995,539
0811.png,32,158,Smoke,963,386,995,544
0369.png,142,113,Smoke,1778,443,1920,556
1744.png,128,246,Smoke,1025,317,1153,563
1262.png,57,57,Smoke,1773,313,1830,370
1399.png,124,174,Smoke,1256,377,1380,551
1081.png,23,113,Smoke,1214,469,1237,582
1065.png,99,59,Smoke,1687,575,1786,634
1775.png,80,48,Smoke,414,514,494,562
1575.png,50,128,Smoke,1431,412,1481,540
1550.png,76,227,Smoke,1621,383,1697,610
0909.png,111,233,Smoke,1024,318,1135,551
0987.png,80,48,Smoke,414,514,494,562
0923.png,76,118,Smoke,1769,316,1845,434
1063.png,57,57,Smoke,1773,313,1830,370
0543.png,50,128,Smoke,1435,421,1485,549
1653.png,130,227,Smoke,1027,310,1157,537
0504.png,55,80,Smoke,546,424,601,504
1653.png,80,48,Smoke,414,514,494,562
0521.png,161,109,Smoke,1759,449,1920,558
0678.png,32,158,Smoke,963,388,995,546
0046.png,48,34,Smoke,559,483,607,517
1240.png,80,48,Smoke,414,514,494,562
1381.png,55,80,Smoke,546,424,601,504
1149.png,32,158,Smoke,963,376,995,534
0287.png,29,218,Smoke,1163,356,1192,574
1414.png,50,128,Smoke,1431,415,1481,543
0975.png,76,250,Smoke,1615,390,1691,640
0674.png,57,57,Smoke,1773,313,1830,370
1589.png,29,218,Smoke,1163,339,1192,557
0844.png,174,109,Smoke,1746,451,1920,560
0616.png,29,218,Smoke,1163,357,1192,575
0296.png,69,59,Smoke,1690,577,1759,636
0569.png,57,57,Smoke,1773,313,1830,370
0911.png,29,218,Smoke,1163,355,1192,573
1680.png,76,227,Smoke,1623,382,1699,609
0633.png,65,218,Smoke,1620,397,1685,615
1604.png,155,48,Smoke,1722,581,1877,629
0478.png,65,197,Smoke,1616,421,1681,618
0694.png,57,57,Smoke,1773,313,1830,370
0987.png,76,118,Smoke,1769,316,1845,434
1661.png,55,80,Smoke,546,424,601,504
1154.png,99,59,Smoke,1688,574,1787,633
0090.png,65,197,Smoke,1618,421,1683,618
1114.png,99,57,Smoke,1771,391,1870,448
1271.png,55,80,Smoke,546,424,601,504
0656.png,50,128,Smoke,1434,425,1484,553
0480.png,29,218,Smoke,1163,354,1192,572
0868.png,29,218,Smoke,1163,355,1192,573
0134.png,29,218,Smoke,1164,346,1193,564
1193.png,84,67,Smoke,1761,377,1845,444
0190.png,74,99,Smoke,665,432,739,531
0916.png,55,80,Smoke,546,424,601,504
1698.png,180,109,Smoke,1740,456,1920,565
0736.png,29,218,Smoke,1163,355,1192,573
0241.png,23,113,Smoke,1214,464,1237,577
0764.png,80,48,Smoke,414,514,494,562
0319.png,65,197,Smoke,1617,422,1682,619
1405.png,124,174,Smoke,1256,377,1380,551
0230.png,69,86,Smoke,670,445,739,531
1355.png,80,48,Smoke,414,514,494,562
0039.png,23,113,Smoke,1214,464,1237,577
0059.png,29,170,Smoke,1167,382,1196,552
0118.png,32,158,Smoke,962,387,994,545
0147.png,50,116,Smoke,1433,432,1483,548
1708.png,80,57,Smoke,1759,299,1839,356
0318.png,23,113,Smoke,1214,464,1237,577
0391.png,107,221,Smoke,1022,318,1129,539
0629.png,57,57,Smoke,1773,313,1830,370
0275.png,76,92,Smoke,1768,310,1844,402
0368.png,32,158,Smoke,962,387,994,545
1585.png,111,76,Smoke,816,477,927,553
0765.png,76,118,Smoke,1771,303,1847,421
1491.png,170,57,Smoke,563,500,733,557
1731.png,55,80,Smoke,546,424,601,504
0905.png,80,48,Smoke,414,514,494,562
0067.png,107,195,Smoke,1023,355,1130,550
0215.png,57,57,Smoke,1773,313,1830,370
0323.png,55,84,Smoke,450,460,505,544
1565.png,141,67,Smoke,1757,377,1898,444
0967.png,76,250,Smoke,1615,390,1691,640
0728.png,50,128,Smoke,1432,424,1482,552
0461.png,50,116,Smoke,1431,428,1481,544
1423.png,50,128,Smoke,1431,414,1481,542
0577.png,29,218,Smoke,1163,355,1192,573
1464.png,155,48,Smoke,1717,579,1872,627
0234.png,69,86,Smoke,670,446,739,532
1788.png,29,218,Smoke,1161,337,1190,555
1062.png,111,246,Smoke,1028,310,1139,556
1383.png,155,48,Smoke,1718,577,1873,625
0462.png,69,59,Smoke,1689,578,1758,637
0537.png,57,57,Smoke,1773,313,1830,370
1522.png,29,218,Smoke,1164,343,1193,561
0659.png,29,218,Smoke,1163,358,1192,576
0665.png,32,158,Smoke,963,389,995,547
1302.png,101,107,Smoke,635,446,736,553
0705.png,160,57,Smoke,580,500,740,557
0197.png,95,176,Smoke,819,375,914,551
0840.png,57,57,Smoke,1773,313,1830,370
1020.png,80,48,Smoke,414,514,494,562
1486.png,80,48,Smoke,414,514,494,562
0265.png,69,86,Smoke,669,443,738,529
1263.png,50,128,Smoke,1431,417,1481,545
0978.png,57,57,Smoke,1773,313,1830,370
0951.png,57,57,Smoke,1773,313,1830,370
1356.png,179,109,Smoke,1741,460,1920,569
1724.png,132,155,Smoke,1246,397,1378,552
0687.png,57,57,Smoke,1773,313,1830,370
0533.png,57,57,Smoke,1773,313,1830,370
1101.png,57,57,Smoke,1773,313,1830,370
1426.png,141,67,Smoke,1759,374,1900,441
0104.png,57,48,Smoke,1704,577,1761,625
1051.png,50,128,Smoke,1431,421,1481,549
1227.png,101,107,Smoke,635,446,736,553
1022.png,76,118,Smoke,1769,317,1845,435
1743.png,141,67,Smoke,1759,371,1900,438
0493.png,50,116,Smoke,1431,428,1481,544
0144.png,57,57,Smoke,1773,313,1830,370
1080.png,57,57,Smoke,1773,313,1830,370
1748.png,55,80,Smoke,546,424,601,504
1602.png,130,227,Smoke,1026,311,1156,538
1121.png,57,57,Smoke,1773,313,1830,370
0701.png,80,48,Smoke,414,514,494,562
1461.png,57,57,Smoke,1758,305,1815,362
0723.png,174,109,Smoke,1746,449,1920,558
0640.png,80,48,Smoke,415,515,495,563
0482.png,107,221,Smoke,1023,317,1130,538
0807.png,57,57,Smoke,1773,313,1830,370
0901.png,143,71,Smoke,596,483,739,554
0320.png,76,95,Smoke,665,435,741,530
1141.png,23,113,Smoke,1213,471,1236,584
0541.png,65,218,Smoke,1618,399,1683,617
1782.png,128,246,Smoke,1025,318,1153,564
0692.png,124,174,Smoke,1251,378,1375,552
0928.png,76,250,Smoke,1613,390,1689,640
1061.png,29,218,Smoke,1163,345,1192,563
0765.png,80,48,Smoke,414,514,494,562
0423.png,76,105,Smoke,1770,311,1846,416
0137.png,32,158,Smoke,962,387,994,545
1601.png,141,67,Smoke,1758,377,1899,444
0989.png,23,113,Smoke,1214,466,1237,579
0666.png,32,158,Smoke,963,389,995,547
1146.png,111,246,Smoke,1030,307,1141,553
0900.png,111,233,Smoke,1024,317,1135,550
0961.png,23,113,Smoke,1214,469,1237,582
0985.png,118,107,Smoke,619,448,737,555
0872.png,23,113,Smoke,1214,469,1237,582
0489.png,107,221,Smoke,1023,316,1130,537
0974.png,76,118,Smoke,1769,316,1845,434
1452.png,32,170,Smoke,962,373,994,543
1438.png,180,109,Smoke,1740,457,1920,566
1227.png,76,250,Smoke,1614,389,1690,639
0086.png,48,34,Smoke,559,483,607,517
1552.png,32,170,Smoke,962,373,994,543
0196.png,23,113,Smoke,1214,464,1237,577
1004.png,111,233,Smoke,1027,313,1138,546
0437.png,57,57,Smoke,1773,313,1830,370
0913.png,174,109,Smoke,1746,452,1920,561
1583.png,132,155,Smoke,1246,396,1378,551
0029.png,57,57,Smoke,1773,313,1830,370
0110.png,29,218,Smoke,1164,353,1193,571
0174.png,55,143,Smoke,445,384,500,527
1545.png,155,48,Smoke,1721,581,1876,629
1096.png,99,59,Smoke,1688,574,1787,633
1067.png,55,80,Smoke,546,424,601,504
1651.png,113,57,Smoke,629,495,742,552
1746.png,128,246,Smoke,1025,317,1153,563
0443.png,23,113,Smoke,1214,464,1237,577
0074.png,74,99,Smoke,663,445,737,544
0811.png,29,218,Smoke,1163,355,1192,573
1011.png,76,250,Smoke,1615,390,1691,640
1438.png,57,57,Smoke,1755,305,1812,362
1407.png,90,67,Smoke,816,490,906,557
1220.png,179,109,Smoke,1741,458,1920,567
0002.png,29,170,Smoke,1136,380,1165,550
0398.png,55,80,Smoke,546,421,601,501
1361.png,124,174,Smoke,1256,377,1380,551
1781.png,141,67,Smoke,1761,371,1902,438
0882.png,107,179,Smoke,814,369,921,548
0360.png,29,218,Smoke,1163,357,1192,575
0635.png,29,218,Smoke,1163,357,1192,575
1028.png,23,113,Smoke,1214,468,1237,581
1446.png,132,155,Smoke,1247,396,1379,551
0406.png,50,116,Smoke,1431,428,1481,544
1640.png,32,170,Smoke,964,376,996,546
1030.png,29,218,Smoke,1163,351,1192,569
0992.png,76,250,Smoke,1615,390,1691,640
1514.png,155,48,Smoke,1718,580,1873,628
0255.png,95,176,Smoke,819,372,914,548
0443.png,107,221,Smoke,1022,318,1129,539
0489.png,29,218,Smoke,1163,356,1192,574
1425.png,90,67,Smoke,816,488,906,555
0681.png,57,57,Smoke,1773,313,1830,370
1443.png,181,109,Smoke,1739,456,1920,565
0491.png,80,48,Smoke,423,504,503,552
0181.png,74,99,Smoke,666,432,740,531
1285.png,57,57,Smoke,1773,313,1830,370
1071.png,124,174,Smoke,1253,377,1377,551
0675.png,111,221,Smoke,1020,322,1131,543
1732.png,122,78,Smoke,813,473,935,551
0005.png,65,197,Smoke,1583,422,1648,619
0714.png,109,179,Smoke,813,368,922,547
1448.png,76,227,Smoke,1620,383,1696,610
1491.png,29,218,Smoke,1164,335,1193,553
0329.png,55,84,Smoke,450,460,505,544
0651.png,111,221,Smoke,1020,322,1131,543
0431.png,107,221,Smoke,1021,318,1128,539
0150.png,29,218,Smoke,1163,352,1192,570
0250.png,65,197,Smoke,1617,421,1682,618
1351.png,124,174,Smoke,1256,377,1380,551
0442.png,29,218,Smoke,1163,357,1192,575
1686.png,29,218,Smoke,1161,332,1190,550
0321.png,65,197,Smoke,1617,422,1682,619
1618.png,155,48,Smoke,1722,580,1877,628
1712.png,76,227,Smoke,1623,382,1699,609
0770.png,80,48,Smoke,414,514,494,562
0316.png,32,158,Smoke,962,387,994,545
0309.png,55,46,Smoke,552,484,607,530
1292.png,101,107,Smoke,635,446,736,553
1173.png,179,109,Smoke,1741,457,1920,566
1528.png,130,227,Smoke,1025,315,1155,542
1076.png,23,113,Smoke,1214,469,1237,582
1773.png,80,57,Smoke,1760,298,1840,355
1467.png,170,57,Smoke,563,503,733,560
1320.png,50,128,Smoke,1431,419,1481,547
0352.png,29,218,Smoke,1163,357,1192,575
1104.png,57,57,Smoke,1773,313,1830,370
0615.png,65,218,Smoke,1620,397,1685,615
1006.png,179,109,Smoke,1741,456,1920,565
0085.png,107,195,Smoke,1022,357,1129,552
1606.png,80,48,Smoke,414,514,494,562
0783.png,29,218,Smoke,1163,355,1192,573
1625.png,122,78,Smoke,809,474,931,552
0720.png,57,57,Smoke,1773,313,1830,370
0387.png,29,218,Smoke,1163,357,1192,575
0251.png,55,84,Smoke,450,460,505,544
1152.png,57,57,Smoke,1773,313,1830,370
1533.png,170,57,Smoke,568,499,738,556
0325.png,144,113,Smoke,1776,446,1920,559
0325.png,69,59,Smoke,1690,578,1759,637
0030.png,32,158,Smoke,935,389,967,547
0725.png,32,158,Smoke,963,388,995,546
1175.png,29,218,Smoke,1164,333,1193,551
0569.png,32,158,Smoke,962,389,994,547
1598.png,23,151,Smoke,1211,421,1234,572
1290.png,29,218,Smoke,1164,335,1193,553
1418.png,55,80,Smoke,546,424,601,504
0951.png,118,107,Smoke,620,445,738,552
0271.png,95,176,Smoke,820,372,915,548
0142.png,57,48,Smoke,1705,577,1762,625
1255.png,55,80,Smoke,546,424,601,504
0011.png,57,48,Smoke,1670,578,1727,626
0351.png,23,113,Smoke,1214,464,1237,577
0129.png,55,143,Smoke,445,387,500,530
1379.png,101,107,Smoke,635,446,736,553
0619.png,65,218,Smoke,1620,397,1685,615
1742.png,128,246,Smoke,1025,316,1153,562
1714.png,50,128,Smoke,1431,412,1481,540
0749.png,111,221,Smoke,1019,320,1130,541
0922.png,55,80,Smoke,546,424,601,504
1629.png,50,128,Smoke,1431,412,1481,540
1020.png,179,109,Smoke,1741,458,1920,567
1729.png,55,80,Smoke,546,424,601,504
0494.png,23,113,Smoke,1214,464,1237,577
0578.png,23,113,Smoke,1214,465,1237,578
1155.png,97,151,Smoke,815,393,912,544
0887.png,99,59,Smoke,1688,577,1787,636
0104.png,76,92,Smoke,1768,309,1844,401
0498.png,151,109,Smoke,1769,447,1920,556
1370.png,128,59,Smoke,1692,578,1820,637
0815.png,57,57,Smoke,1773,313,1830,370
0149.png,48,34,Smoke,559,483,607,517
0837.png,32,158,Smoke,963,386,995,544
1022.png,57,57,Smoke,1773,313,1830,370
1459.png,130,227,Smoke,1024,322,1154,549
1669.png,141,67,Smoke,1759,373,1900,440
0212.png,144,86,Smoke,1776,459,1920,545
0497.png,29,218,Smoke,1163,356,1192,574
0057.png,150,97,Smoke,1770,462,1920,559
1642.png,155,48,Smoke,1722,579,1877,627
1546.png,141,67,Smoke,1757,377,1898,444
0252.png,69,59,Smoke,1691,577,1760,636
1269.png,29,218,Smoke,1164,335,1193,553
1431.png,155,48,Smoke,1716,577,1871,625
1579.png,141,67,Smoke,1757,377,1898,444
1045.png,99,59,Smoke,1686,577,1785,636
1088.png,23,113,Smoke,1214,470,1237,583
0309.png,69,59,Smoke,1690,577,1759,636
0148.png,29,218,Smoke,1164,340,1193,558
1720.png,128,246,Smoke,1023,311,1151,557
1696.png,76,227,Smoke,1623,382,1699,609
0989.png,50,128,Smoke,1431,424,1481,552
1010.png,50,128,Smoke,1431,423,1481,551
0138.png,50,116,Smoke,1433,432,1483,548
0208.png,57,57,Smoke,1773,313,1830,370
0734.png,23,113,Smoke,1213,467,1236,580
0381.png,32,158,Smoke,962,387,994,545
0332.png,76,95,Smoke,665,434,741,529
1363.png,29,218,Smoke,1164,337,1193,555
0533.png,69,59,Smoke,1688,578,1757,637
0463.png,107,221,Smoke,1023,318,1130,539
1634.png,180,109,Smoke,1740,456,1920,565
0363.png,124,174,Smoke,1251,378,1375,552
0672.png,50,128,Smoke,1434,424,1484,552
0433.png,50,116,Smoke,1431,428,1481,544
1624.png,76,227,Smoke,1623,385,1699,612
1174.png,179,109,Smoke,1741,457,1920,566
1605.png,29,218,Smoke,1163,336,1192,554
0837.png,57,57,Smoke,1773,313,1830,370
1197.png,101,107,Smoke,635,446,736,553
0442.png,50,116,Smoke,1431,428,1481,544
0272.png,69,86,Smoke,670,444,739,530
1251.png,32,158,Smoke,963,376,995,534
0208.png,65,197,Smoke,1617,422,1682,619
0782.png,50,128,Smoke,1431,424,1481,552
0619.png,55,80,Smoke,546,424,601,504
0299.png,55,46,Smoke,552,484,607,530
0263.png,57,57,Smoke,1773,313,1830,370
1742.png,23,151,Smoke,1212,417,1235,568
1679.png,50,128,Smoke,1431,412,1481,540
0741.png,23,113,Smoke,1213,467,1236,580
1590.png,132,155,Smoke,1246,398,1378,553
1095.png,23,113,Smoke,1214,470,1237,583
1112.png,180,109,Smoke,1740,457,1920,566
1636.png,180,109,Smoke,1740,456,1920,565
0148.png,48,34,Smoke,559,483,607,517
1091.png,57,57,Smoke,1773,313,1830,370
0193.png,141,147,Smoke,1231,408,1372,555
0581.png,23,113,Smoke,1214,465,1237,578
0097.png,145,116,Smoke,1226,427,1371,543
0847.png,76,250,Smoke,1613,391,1689,641
1749.png,29,218,Smoke,1161,345,1190,563
0969.png,76,118,Smoke,1769,316,1845,434
0475.png,124,174,Smoke,1250,378,1374,552
1045.png,80,48,Smoke,414,514,494,562
0840.png,23,113,Smoke,1214,470,1237,583
1270.png,99,59,Smoke,1689,574,1788,633
0502.png,65,197,Smoke,1617,421,1682,618
0096.png,74,99,Smoke,665,442,739,541
0171.png,57,48,Smoke,1704,577,1761,625
0197.png,76,92,Smoke,1768,309,1844,401
1507.png,103,55,Smoke,819,501,922,556
0543.png,32,158,Smoke,962,389,994,547
0863.png,76,118,Smoke,1770,317,1846,435
1349.png,29,218,Smoke,1164,335,1193,553
0058.png,95,176,Smoke,817,378,912,554
0647.png,111,221,Smoke,1020,322,1131,543
1316.png,84,67,Smoke,1760,375,1844,442
0018.png,76,92,Smoke,1732,311,1808,403
0164.png,32,158,Smoke,962,387,994,545
1351.png,23,151,Smoke,1212,425,1235,576
1556.png,55,80,Smoke,546,424,601,504
0659.png,23,113,Smoke,1213,466,1236,579
1382.png,130,227,Smoke,1022,324,1152,551
0999.png,99,59,Smoke,1689,577,1788,636
0850.png,57,57,Smoke,1773,313,1830,370
0447.png,32,158,Smoke,962,387,994,545
1571.png,155,48,Smoke,1722,582,1877,630
1161.png,23,113,Smoke,1213,472,1236,585
1333.png,50,128,Smoke,1431,418,1481,546
1452.png,103,55,Smoke,817,498,920,553
1039.png,80,48,Smoke,414,514,494,562
0526.png,95,155,Smoke,825,394,920,549
0729.png,109,179,Smoke,813,368,922,547
1691.png,122,78,Smoke,812,474,934,552
0875.png,124,174,Smoke,1252,379,1376,553
0600.png,169,109,Smoke,1751,450,1920,559
0385.png,23,113,Smoke,1214,464,1237,577
1321.png,130,227,Smoke,1020,323,1150,550
0570.png,55,80,Smoke,546,424,601,504
0501.png,23,113,Smoke,1214,464,1237,577
1510.png,76,227,Smoke,1621,383,1697,610
0667.png,65,218,Smoke,1620,397,1685,615
0567.png,29,218,Smoke,1163,358,1192,576
0503.png,97,120,Smoke,646,424,743,544
1377.png,124,174,Smoke,1256,377,1380,551
1078.png,23,113,Smoke,1214,469,1237,582
0528.png,55,80,Smoke,546,424,601,504
0936.png,23,113,Smoke,1214,467,1237,580
0793.png,76,250,Smoke,1615,394,1691,644
0659.png,57,57,Smoke,1773,313,1830,370
0513.png,161,109,Smoke,1759,452,1920,561
1517.png,103,55,Smoke,820,502,923,557
1055.png,97,151,Smoke,813,393,910,544
1146.png,76,250,Smoke,1614,390,1690,640
1478.png,132,155,Smoke,1247,397,1379,552
0173.png,76,92,Smoke,1769,310,1845,402
1223.png,50,128,Smoke,1431,420,1481,548
0999.png,76,118,Smoke,1769,317,1845,435
1730.png,55,80,Smoke,546,424,601,504
0085.png,145,116,Smoke,1226,427,1371,543
1707.png,141,67,Smoke,1761,372,1902,439
0757.png,99,59,Smoke,1692,576,1791,635
1531.png,23,151,Smoke,1212,423,1235,574
0852.png,76,250,Smoke,1615,392,1691,642
0872.png,32,158,Smoke,963,386,995,544
1358.png,76,227,Smoke,1615,381,1691,608
0864.png,23,113,Smoke,1214,470,1237,583
0522.png,69,59,Smoke,1688,578,1757,637
1619.png,29,218,Smoke,1162,333,1191,551
0326.png,69,59,Smoke,1690,578,1759,637
1554.png,141,67,Smoke,1758,377,1899,444
1586.png,132,155,Smoke,1246,396,1378,551
1746.png,55,80,Smoke,546,424,601,504
0993.png,57,57,Smoke,1773,313,1830,370
0613.png,109,155,Smoke,809,395,918,550
0927.png,111,233,Smoke,1026,317,1137,550
0320.png,107,221,Smoke,1021,321,1128,542
1538.png,57,57,Smoke,1761,304,1818,361
0351.png,55,46,Smoke,552,483,607,529
1555.png,181,109,Smoke,1739,456,1920,565
1004.png,76,118,Smoke,1769,317,1845,435
0294.png,50,116,Smoke,1431,428,1481,544
1348.png,32,170,Smoke,962,378,994,548
1147.png,101,107,Smoke,635,446,736,553
1738.png,76,258,Smoke,1625,379,1701,637
1552.png,130,227,Smoke,1025,311,1155,538
0718.png,29,218,Smoke,1163,355,1192,573
1300.png,84,67,Smoke,1760,375,1844,442
0038.png,57,48,Smoke,1685,579,1742,627
0132.png,107,195,Smoke,1022,350,1129,545
1004.png,23,113,Smoke,1214,466,1237,579
1580.png,141,67,Smoke,1757,377,1898,444
0682.png,29,218,Smoke,1163,358,1192,576
1149.png,50,128,Smoke,1431,421,1481,549
0658.png,57,57,Smoke,1773,313,1830,370
0336.png,57,57,Smoke,1773,313,1830,370
0747.png,50,128,Smoke,1432,424,1482,552
0442.png,23,113,Smoke,1214,464,1237,577
1337.png,55,80,Smoke,546,424,601,504
1361.png,23,151,Smoke,1212,423,1235,574
0387.png,124,174,Smoke,1249,378,1373,552
0969.png,23,113,Smoke,1214,468,1237,581
1260.png,84,67,Smoke,1760,374,1844,441
0991.png,76,250,Smoke,1615,390,1691,640
1557.png,132,155,Smoke,1247,398,1379,553
0470.png,97,120,Smoke,647,426,744,546
1731.png,155,48,Smoke,1722,579,1877,627
0228.png,55,46,Smoke,552,484,607,530
1152.png,80,48,Smoke,414,514,494,562
0558.png,76,118,Smoke,1771,307,1847,425
0770.png,55,80,Smoke,546,424,601,504
1018.png,99,59,Smoke,1687,577,1786,636
0224.png,55,46,Smoke,552,484,607,530
1429.png,32,170,Smoke,962,371,994,541
0902.png,23,113,Smoke,1214,467,1237,580
1116.png,55,80,Smoke,546,424,601,504
0247.png,55,84,Smoke,450,460,505,544
0184.png,32,158,Smoke,962,387,994,545
0381.png,65,197,Smoke,1617,422,1682,619
1023.png,50,128,Smoke,1431,422,1481,550
0067.png,65,197,Smoke,1618,422,1683,619
1281.png,29,218,Smoke,1164,335,1193,553
1254.png,179,109,Smoke,1741,456,1920,565
1202.png,179,109,Smoke,1741,458,1920,567
0098.png,65,197,Smoke,1618,422,1683,619
0090.png,50,116,Smoke,1433,433,1483,549
0993.png,179,109,Smoke,1741,456,1920,565
0205.png,65,197,Smoke,1617,422,1682,619
1712.png,50,128,Smoke,1431,412,1481,540
0703.png,76,118,Smoke,1772,304,1848,422
0604.png,57,57,Smoke,1773,313,1830,370
0754.png,76,250,Smoke,1610,393,1686,643
0777.png,57,57,Smoke,1773,313,1830,370
0565.png,80,48,Smoke,415,514,495,562
0836.png,32,158,Smoke,963,386,995,544
0911.png,57,57,Smoke,1773,313,1830,370
1573.png,111,76,Smoke,814,477,925,553
0121.png,150,97,Smoke,1770,455,1920,552
1358.png,55,80,Smoke,546,424,601,504
0557.png,55,80,Smoke,546,424,601,504
1779.png,29,218,Smoke,1161,341,1190,559
0359.png,32,158,Smoke,962,387,994,545
0528.png,50,116,Smoke,1431,428,1481,544
1471.png,23,151,Smoke,1212,423,1235,574
1467.png,80,48,Smoke,414,514,494,562
0508.png,97,120,Smoke,647,424,744,544
0768.png,55,80,Smoke,546,424,601,504
1122.png,32,158,Smoke,963,376,995,534
0082.png,57,57,Smoke,1773,313,1830,370
1357.png,50,128,Smoke,1431,415,1481,543
1492.png,29,218,Smoke,1164,335,1193,553
0269.png,107,221,Smoke,1022,323,1129,544
1091.png,101,107,Smoke,635,446,736,553
0513.png,65,197,Smoke,1617,421,1682,618
0840.png,111,233,Smoke,1019,321,1130,554
0987.png,99,59,Smoke,1689,577,1788,636
0462.png,55,84,Smoke,450,460,505,544
1693.png,141,67,Smoke,1761,372,1902,439
1126.png,32,158,Smoke,963,376,995,534
0018.png,29,170,Smoke,1137,380,1166,550
0841.png,111,233,Smoke,1019,320,1130,553
1248.png,50,128,Smoke,1431,419,1481,547
1775.png,50,128,Smoke,1431,412,1481,540
0593.png,50,128,Smoke,1434,423,1484,551
0673.png,65,218,Smoke,1620,396,1685,614
0854.png,99,59,Smoke,1689,577,1788,636
1250.png,50,128,Smoke,1431,419,1481,547
0210.png,141,147,Smoke,1231,408,1372,555
1431.png,141,67,Smoke,1759,374,1900,441
1074.png,32,158,Smoke,963,375,995,533
0112.png,65,197,Smoke,1618,422,1683,619
1362.png,50,128,Smoke,1431,415,1481,543
0582.png,169,109,Smoke,1751,450,1920,559
0862.png,50,128,Smoke,1431,425,1481,553
1064.png,111,246,Smoke,1028,310,1139,556
1004.png,32,158,Smoke,962,381,994,539
0894.png,29,218,Smoke,1163,353,1192,571
0690.png,111,221,Smoke,1020,323,1131,544
1168.png,57,57,Smoke,1773,313,1830,370
1476.png,76,227,Smoke,1620,383,1696,610
0268.png,57,57,Smoke,1773,313,1830,370
0721.png,174,109,Smoke,1746,449,1920,558
1123.png,99,57,Smoke,1771,391,1870,448
1467.png,132,155,Smoke,1247,397,1379,552
1089.png,50,128,Smoke,1431,422,1481,550
0412.png,124,174,Smoke,1251,378,1375,552
0057.png,48,34,Smoke,559,483,607,517
1260.png,57,57,Smoke,1773,313,1830,370
1391.png,23,151,Smoke,1212,423,1235,574
1600.png,180,109,Smoke,1740,458,1920,567
0856.png,124,174,Smoke,1251,379,1375,553
0095.png,76,92,Smoke,1768,309,1844,401
1579.png,29,218,Smoke,1163,337,1192,555
0462.png,32,158,Smoke,962,386,994,544
0954.png,76,250,Smoke,1613,389,1689,639
0494.png,65,197,Smoke,1617,420,1682,617
0049.png,23,113,Smoke,1214,464,1237,577
0038.png,145,116,Smoke,1208,427,1353,543
1664.png,113,57,Smoke,629,495,742,552
0478.png,32,158,Smoke,962,387,994,545
0754.png,50,128,Smoke,1432,424,1482,552
0738.png,174,109,Smoke,1746,448,1920,557
1571.png,111,76,Smoke,814,477,925,553
0523.png,50,116,Smoke,1431,428,1481,544
0193.png,55,97,Smoke,450,445,505,542
1449.png,57,57,Smoke,1758,305,1815,362
1317.png,90,67,Smoke,815,490,905,557
0430.png,124,174,Smoke,1250,378,1374,552
1116.png,80,48,Smoke,414,514,494,562
1346.png,80,48,Smoke,414,514,494,562
1724.png,29,218,Smoke,1161,337,1190,555
1206.png,55,80,Smoke,546,424,601,504
0917.png,55,80,Smoke,546,424,601,504
1284.png,99,59,Smoke,1689,574,1788,633
0679.png,111,221,Smoke,1020,321,1131,542
0265.png,29,218,Smoke,1163,356,1192,574
1433.png,80,48,Smoke,414,514,494,562
0954.png,55,80,Smoke,546,424,601,504
0879.png,50,128,Smoke,1431,425,1481,553
0832.png,174,109,Smoke,1746,449,1920,558
0270.png,124,174,Smoke,1249,380,1373,554
0168.png,74,99,Smoke,666,433,740,532
0617.png,109,155,Smoke,809,395,918,550
0509.png,153,109,Smoke,1767,447,1920,556
1799.png,128,246,Smoke,1025,322,1153,568
1342.png,76,250,Smoke,1616,380,1692,630
0378.png,124,174,Smoke,1250,378,1374,552
0291.png,55,46,Smoke,552,484,607,530
0900.png,29,218,Smoke,1163,353,1192,571
0798.png,23,113,Smoke,1214,468,1237,581
1208.png,80,48,Smoke,414,514,494,562
0462.png,55,80,Smoke,546,424,601,504
1317.png,23,113,Smoke,1212,465,1235,578
1464.png,32,170,Smoke,962,373,994,543
0316.png,69,59,Smoke,1690,577,1759,636
1731.png,32,170,Smoke,966,382,998,552
1065.png,97,151,Smoke,813,393,910,544
1753.png,141,67,Smoke,1760,370,1901,437
0972.png,99,59,Smoke,1688,577,1787,636
0359.png,69,59,Smoke,1691,580,1760,639
1664.png,29,218,Smoke,1161,338,1190,556
0905.png,23,113,Smoke,1214,467,1237,580
1680.png,122,78,Smoke,812,474,934,552
0177.png,145,116,Smoke,1226,427,1371,543
0226.png,95,176,Smoke,819,375,914,551
1499.png,103,55,Smoke,819,501,922,556
0580.png,32,158,Smoke,962,389,994,547
1450.png,29,218,Smoke,1164,335,1193,553
0655.png,55,80,Smoke,546,424,601,504
0961.png,179,109,Smoke,1741,457,1920,566
1478.png,130,227,Smoke,1024,321,1154,548
0131.png,107,195,Smoke,1022,350,1129,545
0167.png,57,57,Smoke,1773,313,1830,370
0902.png,124,174,Smoke,1252,379,1376,553
0223.png,32,158,Smoke,962,387,994,545
0705.png,124,174,Smoke,1251,378,1375,552
0211.png,23,113,Smoke,1214,464,1237,577
1076.png,111,246,Smoke,1027,308,1138,554
1235.png,97,151,Smoke,816,392,913,543
0550.png,99,59,Smoke,1692,576,1791,635
1172.png,32,158,Smoke,963,376,995,534
1496.png,23,151,Smoke,1212,422,1235,573
0742.png,109,179,Smoke,813,368,922,547
0912.png,111,233,Smoke,1025,318,1136,551
1373.png,181,109,Smoke,1739,459,1920,568
1042.png,57,57,Smoke,1773,313,1830,370
1669.png,128,246,Smoke,1020,310,1148,556
1285.png,55,80,Smoke,546,424,601,504
1220.png,76,250,Smoke,1614,389,1690,639
1688.png,50,128,Smoke,1431,412,1481,540
0530.png,76,118,Smoke,1771,309,1847,427
1344.png,76,227,Smoke,1615,381,1691,608
0810.png,80,48,Smoke,414,514,494,562
0333.png,57,57,Smoke,1773,313,1830,370
1055.png,32,158,Smoke,962,382,994,540
0300.png,124,174,Smoke,1250,378,1374,552
0751.png,57,57,Smoke,1773,313,1830,370
1648.png,155,48,Smoke,1722,579,1877,627
1388.png,180,109,Smoke,1740,458,1920,567
0689.png,149,57,Smoke,590,500,739,557
0782.png,55,80,Smoke,546,424,601,504
1489.png,181,109,Smoke,1739,457,1920,566
1263.png,124,174,Smoke,1255,377,1379,551
0345.png,57,57,Smoke,1773,313,1830,370
1120.png,124,174,Smoke,1254,377,1378,551
1548.png,180,109,Smoke,1740,457,1920,566
0820.png,111,233,Smoke,1019,321,1130,554
0926.png,99,59,Smoke,1687,577,1786,636
1233.png,101,107,Smoke,635,446,736,553
1145.png,57,57,Smoke,1773,313,1830,370
0152.png,23,113,Smoke,1214,464,1237,577
0056.png,95,176,Smoke,816,378,911,554
0606.png,80,48,Smoke,415,515,495,563
0144.png,65,197,Smoke,1617,421,1682,618
1772.png,132,155,Smoke,1245,399,1377,554
1587.png,23,151,Smoke,1212,424,1235,575
0190.png,65,197,Smoke,1617,421,1682,618
0526.png,69,59,Smoke,1688,578,1757,637
1132.png,57,57,Smoke,1773,313,1830,370
1153.png,99,59,Smoke,1688,574,1787,633
1036.png,55,80,Smoke,546,424,601,504
0955.png,76,250,Smoke,1613,389,1689,639
1605.png,23,151,Smoke,1211,421,1234,572
1711.png,76,227,Smoke,1623,382,1699,609
0408.png,95,139,Smoke,821,408,916,547
1217.png,23,113,Smoke,1213,468,1236,581
0639.png,111,221,Smoke,1020,322,1131,543
1766.png,32,170,Smoke,966,384,998,554
0634.png,55,80,Smoke,546,424,601,504
0405.png,69,59,Smoke,1690,578,1759,637
0857.png,57,57,Smoke,1773,313,1830,370
0726.png,111,221,Smoke,1019,321,1130,542
1496.png,141,67,Smoke,1758,374,1899,441
0707.png,55,80,Smoke,546,424,601,504
1648.png,80,57,Smoke,1760,301,1840,358
0405.png,23,113,Smoke,1214,464,1237,577
1640.png,80,48,Smoke,414,514,494,562
0670.png,109,155,Smoke,810,394,919,549
0544.png,50,128,Smoke,1435,421,1485,549
1760.png,132,155,Smoke,1245,399,1377,554
0583.png,29,218,Smoke,1163,355,1192,573
0898.png,99,59,Smoke,1688,577,1787,636
1018.png,179,109,Smoke,1741,458,1920,567
0100.png,95,176,Smoke,818,374,913,550
0946.png,76,118,Smoke,1769,315,1845,433
0629.png,29,218,Smoke,1163,357,1192,575
1077.png,23,113,Smoke,1214,469,1237,582
1485.png,55,80,Smoke,546,424,601,504
1220.png,32,158,Smoke,963,376,995,534
0798.png,57,57,Smoke,1773,313,1830,370
0831.png,23,113,Smoke,1214,469,1237,582
0932.png,143,95,Smoke,595,460,738,555
1710.png,141,67,Smoke,1761,372,1902,439
0169.png,57,48,Smoke,1704,577,1761,625
1011.png,124,174,Smoke,1253,379,1377,553
0486.png,80,48,Smoke,423,504,503,552
1270.png,76,250,Smoke,1614,387,1690,637
0326.png,65,197,Smoke,1617,422,1682,619
0176.png,29,218,Smoke,1163,347,1192,565
1514.png,29,218,Smoke,1164,341,1193,559
1314.png,80,48,Smoke,414,514,494,562
0951.png,99,59,Smoke,1688,577,1787,636
1712.png,141,67,Smoke,1761,372,1902,439
0072.png,107,195,Smoke,1022,355,1129,550
1733.png,132,155,Smoke,1246,399,1378,554
1020.png,50,128,Smoke,1431,421,1481,549
0364.png,23,113,Smoke,1214,464,1237,577
0718.png,160,57,Smoke,580,501,740,558
0831.png,174,109,Smoke,1746,450,1920,559
0618.png,57,57,Smoke,1773,313,1830,370
0797.png,32,158,Smoke,963,388,995,546
0906.png,174,109,Smoke,1746,452,1920,561
0567.png,76,118,Smoke,1770,307,1846,425
1022.png,99,59,Smoke,1687,577,1786,636
1772.png,122,78,Smoke,814,476,936,554
0496.png,50,116,Smoke,1431,428,1481,544
0401.png,76,92,Smoke,1768,310,1844,402
0594.png,169,109,Smoke,1751,450,1920,559
0231.png,76,92,Smoke,1768,309,1844,401
1680.png,23,151,Smoke,1210,419,1233,570
0785.png,50,128,Smoke,1431,424,1481,552
1518.png,80,48,Smoke,414,514,494,562
0997.png,101,168,Smoke,813,378,914,546
1737.png,141,67,Smoke,1759,371,1900,438
0220.png,32,158,Smoke,962,387,994,545
0675.png,23,113,Smoke,1213,465,1236,578
0450.png,32,158,Smoke,962,387,994,545
0471.png,80,48,Smoke,423,505,503,553
0058.png,23,113,Smoke,1214,464,1237,577
0087.png,50,116,Smoke,1433,433,1483,549
0026.png,57,48,Smoke,1672,580,1729,628
1642.png,50,128,Smoke,1431,412,1481,540
1021.png,76,118,Smoke,1769,317,1845,435
1477.png,155,48,Smoke,1717,578,1872,626
1621.png,32,170,Smoke,964,372,996,542
0930.png,76,250,Smoke,1613,390,1689,640
1793.png,80,48,Smoke,414,514,494,562
0890.png,174,109,Smoke,1746,451,1920,560
0950.png,124,174,Smoke,1253,379,1377,553
1412.png,155,48,Smoke,1717,577,1872,625
1097.png,74,74,Smoke,1771,361,1845,435
0781.png,111,233,Smoke,1019,321,1130,554
0616.png,169,109,Smoke,1751,449,1920,558
0815.png,170,67,Smoke,567,490,737,557
0131.png,50,116,Smoke,1433,433,1483,549
0057.png,107,195,Smoke,1021,355,1128,550
1084.png,80,48,Smoke,414,514,494,562
0519.png,161,109,Smoke,1759,450,1920,559
0025.png,29,170,Smoke,1136,388,1165,558
1427.png,141,67,Smoke,1759,374,1900,441
1584.png,76,227,Smoke,1622,383,1698,610
0575.png,111,221,Smoke,1021,322,1132,543
0505.png,95,155,Smoke,823,394,918,549
1609.png,80,48,Smoke,414,514,494,562
1354.png,101,107,Smoke,635,446,736,553
0530.png,29,218,Smoke,1163,356,1192,574
1701.png,80,57,Smoke,1758,299,1838,356
0989.png,55,80,Smoke,546,424,601,504
0344.png,55,84,Smoke,450,460,505,544
0532.png,50,116,Smoke,1432,428,1482,544
1522.png,76,227,Smoke,1621,384,1697,611
0313.png,65,197,Smoke,1617,422,1682,619
0851.png,124,174,Smoke,1251,379,1375,553
1738.png,55,80,Smoke,546,424,601,504
0107.png,74,99,Smoke,665,441,739,540
0294.png,76,92,Smoke,1767,310,1843,402
0735.png,124,174,Smoke,1251,379,1375,553
1512.png,155,48,Smoke,1719,581,1874,629
0780.png,50,128,Smoke,1431,424,1481,552
1776.png,76,258,Smoke,1625,384,1701,642
0833.png,76,118,Smoke,1771,302,1847,420
0996.png,55,80,Smoke,546,424,601,504
1515.png,181,109,Smoke,1739,457,1920,566
0186.png,29,218,Smoke,1162,350,1191,568
0507.png,95,155,Smoke,823,394,918,549
1036.png,111,233,Smoke,1028,309,1139,542
0601.png,32,158,Smoke,962,389,994,547
0288.png,148,86,Smoke,1772,448,1920,534
0758.png,80,48,Smoke,414,514,494,562
0690.png,55,80,Smoke,546,424,601,504
1108.png,124,174,Smoke,1254,377,1378,551
1195.png,29,218,Smoke,1164,333,1193,551
0282.png,107,221,Smoke,1021,324,1128,545
1701.png,23,151,Smoke,1210,420,1233,571
1643.png,80,48,Smoke,414,514,494,562
0315.png,55,46,Smoke,552,484,607,530
1301.png,23,113,Smoke,1212,466,1235,579
0659.png,109,155,Smoke,810,394,919,549
0588.png,50,128,Smoke,1434,422,1484,550
0732.png,76,250,Smoke,1611,395,1687,645
1148.png,84,67,Smoke,1762,378,1846,445
1083.png,74,74,Smoke,1770,361,1844,435
0880.png,107,179,Smoke,814,371,921,550
0262.png,69,59,Smoke,1691,577,1760,636
1257.png,50,128,Smoke,1431,417,1481,545
1633.png,132,155,Smoke,1247,397,1379,552
1407.png,23,151,Smoke,1212,423,1235,574
0512.png,23,113,Smoke,1214,464,1237,577
0603.png,124,174,Smoke,1251,377,1375,551
1507.png,141,67,Smoke,1756,376,1897,443
0174.png,95,176,Smoke,818,375,913,551
1514.png,55,80,Smoke,546,424,601,504
0299.png,50,116,Smoke,1431,428,1481,544
0964.png,80,48,Smoke,414,514,494,562
0921.png,50,128,Smoke,1431,424,1481,552
0198.png,65,197,Smoke,1617,421,1682,618
1202.png,57,57,Smoke,1773,313,1830,370
1053.png,29,218,Smoke,1163,351,1192,569
1422.png,76,227,Smoke,1618,384,1694,611
0153.png,48,34,Smoke,559,483,607,517
1104.png,111,246,Smoke,1030,307,1141,553
1388.png,23,151,Smoke,1212,422,1235,573
0101.png,149,97,Smoke,1771,456,1920,553
0508.png,23,113,Smoke,1214,464,1237,577
1232.png,180,109,Smoke,1740,457,1920,566
0609.png,109,155,Smoke,809,395,918,550
1513.png,103,55,Smoke,819,502,922,557
1347.png,141,67,Smoke,1759,375,1900,442
1772.png,76,258,Smoke,1625,385,1701,643
0200.png,57,57,Smoke,1773,313,1830,370
0644.png,76,118,Smoke,1771,305,1847,423
0037.png,23,113,Smoke,1214,464,1237,577
0937.png,57,57,Smoke,1773,313,1830,370
0307.png,124,174,Smoke,1250,378,1374,552
1008.png,57,57,Smoke,1773,313,1830,370
1131.png,32,158,Smoke,963,376,995,534
1796.png,50,128,Smoke,1431,412,1481,540
0080.png,65,197,Smoke,1618,421,1683,618
0774.png,160,57,Smoke,580,501,740,558
0536.png,160,109,Smoke,1760,449,1920,558
1785.png,80,48,Smoke,414,514,494,562
1686.png,50,128,Smoke,1431,412,1481,540
1264.png,57,57,Smoke,1773,313,1830,370
0117.png,48,34,Smoke,559,483,607,517
0020.png,57,57,Smoke,1773,313,1830,370
0637.png,80,48,Smoke,415,515,495,563
1760.png,128,246,Smoke,1025,317,1153,563
0199.png,57,57,Smoke,1773,313,1830,370
0995.png,57,57,Smoke,1773,313,1830,370
1732.png,23,151,Smoke,1212,415,1235,566
0680.png,65,250,Smoke,1620,397,1685,647
1057.png,74,74,Smoke,1770,361,1844,435
1581.png,80,48,Smoke,414,514,494,562
0093.png,145,116,Smoke,1226,427,1371,543
0945.png,55,80,Smoke,546,424,601,504
1031.png,101,107,Smoke,636,446,737,553
0766.png,124,174,Smoke,1251,379,1375,553
1127.png,23,113,Smoke,1214,470,1237,583
0522.png,23,113,Smoke,1214,464,1237,577
0372.png,124,174,Smoke,1250,378,1374,552
0416.png,95,139,Smoke,821,407,916,546
0490.png,97,120,Smoke,646,424,743,544
0654.png,174,109,Smoke,1746,448,1920,557
0227.png,23,113,Smoke,1214,464,1237,577
0354.png,65,197,Smoke,1617,423,1682,620
1063.png,32,158,Smoke,963,377,995,535
0718.png,55,80,Smoke,546,424,601,504
0592.png,76,118,Smoke,1770,308,1846,426
1210.png,32,158,Smoke,963,376,995,534
1557.png,76,227,Smoke,1621,384,1697,611
1079.png,57,57,Smoke,1773,313,1830,370
0762.png,76,250,Smoke,1612,394,1688,644
0066.png,107,195,Smoke,1024,355,1131,550
1486.png,180,109,Smoke,1740,456,1920,565
0733.png,57,57,Smoke,1773,313,1830,370
1583.png,29,218,Smoke,1163,341,1192,559
0073.png,145,116,Smoke,1226,427,1371,543
0584.png,32,158,Smoke,962,389,994,547
0391.png,23,113,Smoke,1214,464,1237,577
0413.png,76,105,Smoke,1769,311,1845,416
0882.png,55,80,Smoke,546,424,601,504
1595.png,113,57,Smoke,629,497,742,554
0823.png,76,250,Smoke,1615,394,1691,644
0241.png,69,59,Smoke,1691,577,1760,636
0935.png,29,218,Smoke,1163,353,1192,571
1250.png,80,48,Smoke,414,514,494,562
0084.png,29,218,Smoke,1165,353,1194,571
0748.png,50,128,Smoke,1432,424,1482,552
0796.png,174,109,Smoke,1746,449,1920,558
0844.png,76,250,Smoke,1615,392,1691,642
1591.png,23,151,Smoke,1211,424,1234,575
0523.png,107,221,Smoke,1024,320,1131,541
1462.png,23,151,Smoke,1212,423,1235,574
1280.png,84,67,Smoke,1760,375,1844,442
1088.png,29,218,Smoke,1164,331,1193,549
1505.png,50,128,Smoke,1431,412,1481,540
0022.png,74,99,Smoke,629,448,703,547
0933.png,176,109,Smoke,1744,452,1920,561
0653.png,65,218,Smoke,1620,397,1685,615
0354.png,76,92,Smoke,1768,310,1844,402
1399.png,80,48,Smoke,414,514,494,562
1622.png,113,57,Smoke,630,497,743,554
1300.png,50,128,Smoke,1431,418,1481,546
1530.png,155,48,Smoke,1721,581,1876,629
0635.png,124,174,Smoke,1251,378,1375,552
1199.png,23,113,Smoke,1213,469,1236,582
0315.png,32,158,Smoke,962,387,994,545
0407.png,23,113,Smoke,1214,464,1237,577
0617.png,76,118,Smoke,1770,308,1846,426
0262.png,23,113,Smoke,1214,464,1237,577
1073.png,111,246,Smoke,1027,309,1138,555
1720.png,55,80,Smoke,546,424,601,504
1380.png,57,57,Smoke,1754,305,1811,362
0529.png,97,120,Smoke,647,425,744,545
0917.png,80,48,Smoke,414,514,494,562
0291.png,107,221,Smoke,1021,322,1128,543
1130.png,23,113,Smoke,1214,470,1237,583
1520.png,32,170,Smoke,962,375,994,545
0065.png,32,158,Smoke,961,388,993,546
1360.png,130,227,Smoke,1022,325,1152,552
1560.png,111,76,Smoke,814,477,925,553
1373.png,101,107,Smoke,635,446,736,553
0348.png,124,174,Smoke,1251,378,1375,552
0708.png,29,218,Smoke,1163,357,1192,575
0170.png,148,97,Smoke,1772,448,1920,545
1563.png,132,155,Smoke,1246,398,1378,553
1208.png,97,151,Smoke,816,392,913,543
1157.png,111,246,Smoke,1030,307,1141,553
1071.png,32,158,Smoke,963,375,995,533
0635.png,97,120,Smoke,647,432,744,552
1092.png,179,109,Smoke,1741,457,1920,566
0254.png,32,158,Smoke,962,387,994,545
0348.png,69,59,Smoke,1690,580,1759,639
0032.png,76,92,Smoke,1742,311,1818,403
0137.png,50,116,Smoke,1433,433,1483,549
1711.png,32,170,Smoke,966,380,998,550
1261.png,29,218,Smoke,1164,335,1193,553
1380.png,130,227,Smoke,1022,323,1152,550
1592.png,113,57,Smoke,628,497,741,554
0473.png,65,197,Smoke,1616,422,1681,619
1595.png,141,67,Smoke,1759,377,1900,444
0042.png,76,92,Smoke,1755,311,1831,403
1221.png,80,48,Smoke,414,514,494,562
1668.png,80,48,Smoke,414,514,494,562
0308.png,55,46,Smoke,552,484,607,530
1701.png,128,246,Smoke,1022,312,1150,558
0156.png,57,48,Smoke,1704,577,1761,625
0353.png,76,95,Smoke,665,433,741,528
0638.png,50,128,Smoke,1434,424,1484,552
1642.png,113,57,Smoke,629,495,742,552
1418.png,23,151,Smoke,1212,423,1235,574
0944.png,76,250,Smoke,1613,388,1689,638
1691.png,80,48,Smoke,414,514,494,562
0626.png,80,48,Smoke,414,514,494,562
1735.png,99,55,Smoke,642,498,741,553
1502.png,132,155,Smoke,1247,398,1379,553
1469.png,57,57,Smoke,1758,304,1815,361
1626.png,50,128,Smoke,1431,412,1481,540
1336.png,90,67,Smoke,815,490,905,557
1250.png,29,218,Smoke,1164,335,1193,553
0951.png,55,80,Smoke,546,424,601,504
0371.png,107,221,Smoke,1021,319,1128,540
1244.png,57,57,Smoke,1773,313,1830,370
1078.png,29,218,Smoke,1162,349,1191,567
1172.png,80,48,Smoke,414,514,494,562
0124.png,50,116,Smoke,1433,433,1483,549
0938.png,80,48,Smoke,414,514,494,562
1071.png,50,128,Smoke,1431,422,1481,550
1566.png,130,227,Smoke,1025,311,1155,538
0526.png,32,158,Smoke,962,389,994,547
0603.png,50,128,Smoke,1434,423,1484,551
0716.png,23,113,Smoke,1213,467,1236,580
0868.png,170,90,Smoke,567,465,737,555
1090.png,99,59,Smoke,1688,575,1787,634
0562.png,65,218,Smoke,1618,397,1683,615
0884.png,124,174,Smoke,1252,379,1376,553
0619.png,76,118,Smoke,1771,307,1847,425
1355.png,57,57,Smoke,1773,313,1830,370
0685.png,57,57,Smoke,1773,313,1830,370
0641.png,174,109,Smoke,1746,449,1920,558
1476.png,130,227,Smoke,1024,321,1154,548
0688.png,57,57,Smoke,1773,313,1830,370
0192.png,74,99,Smoke,666,431,740,530
1165.png,55,80,Smoke,546,424,601,504
0270.png,32,158,Smoke,962,387,994,545
1160.png,57,57,Smoke,1773,313,1830,370
0441.png,65,197,Smoke,1617,422,1682,619
0723.png,99,59,Smoke,1692,576,1791,635
1203.png,76,250,Smoke,1613,390,1689,640
1017.png,124,174,Smoke,1253,379,1377,553
1619.png,132,155,Smoke,1246,397,1378,552
0308.png,76,92,Smoke,1768,310,1844,402
1494.png,55,80,Smoke,546,424,601,504
0209.png,95,176,Smoke,819,376,914,552
1572.png,23,151,Smoke,1212,423,1235,574
1242.png,29,218,Smoke,1164,335,1193,553
0397.png,107,221,Smoke,1021,318,1128,539
0077.png,48,34,Smoke,559,483,607,517
0324.png,23,113,Smoke,1214,464,1237,577
1654.png,132,155,Smoke,1246,397,1378,552
0248.png,29,218,Smoke,1162,370,1191,588
0831.png,111,233,Smoke,1019,321,1130,554
1017.png,23,113,Smoke,1214,467,1237,580
0013.png,23,113,Smoke,1214,464,1237,577
1339.png,130,227,Smoke,1022,325,1152,552
1637.png,50,128,Smoke,1431,412,1481,540
0735.png,32,158,Smoke,963,388,995,546
1664.png,55,80,Smoke,546,424,601,504
0263.png,23,113,Smoke,1214,464,1237,577
0848.png,23,113,Smoke,1214,469,1237,582
1511.png,55,80,Smoke,546,424,601,504
0536.png,23,113,Smoke,1214,464,1237,577
0122.png,50,116,Smoke,1433,433,1483,549
1491.png,57,57,Smoke,1759,304,1816,361
0618.png,169,109,Smoke,1751,450,1920,559
1569.png,55,80,Smoke,546,424,601,504
0713.png,99,59,Smoke,1691,577,1790,636
0892.png,57,57,Smoke,1773,313,1830,370
0078.png,32,158,Smoke,962,387,994,545
0006.png,145,116,Smoke,1193,429,1338,545
0771.png,23,113,Smoke,1214,469,1237,582
1084.png,99,59,Smoke,1688,575,1787,634
0020.png,29,170,Smoke,1137,380,1166,550
0461.png,76,118,Smoke,1771,310,1847,428
0072.png,29,218,Smoke,1166,356,1195,574
0030.png,29,170,Smoke,1142,379,1171,549
1312.png,80,48,Smoke,414,514,494,562
0974.png,57,57,Smoke,1773,313,1830,370
0752.png,76,250,Smoke,1610,394,1686,644
0845.png,76,118,Smoke,1771,317,1847,435
0933.png,80,48,Smoke,414,514,494,562
1305.png,50,128,Smoke,1431,418,1481,546
0119.png,55,143,Smoke,446,387,501,530
0067.png,74,99,Smoke,663,445,737,544
1002.png,32,158,Smoke,962,381,994,539
0567.png,107,221,Smoke,1026,319,1133,540
1480.png,130,227,Smoke,1024,321,1154,548
1771.png,32,170,Smoke,966,386,998,556
1571.png,55,80,Smoke,546,424,601,504
1774.png,55,80,Smoke,546,424,601,504
1086.png,99,59,Smoke,1687,575,1786,634
1644.png,141,67,Smoke,1759,374,1900,441
0674.png,55,80,Smoke,546,424,601,504
0691.png,80,48,Smoke,414,514,494,562
1629.png,113,57,Smoke,629,496,742,553
0221.png,55,46,Smoke,552,484,607,530
0083.png,65,197,Smoke,1618,422,1683,619
0188.png,74,99,Smoke,666,431,740,530
0314.png,65,197,Smoke,1617,421,1682,618
0999.png,23,113,Smoke,1214,467,1237,580
0684.png,80,48,Smoke,414,514,494,562
1474.png,57,57,Smoke,1759,304,1816,361
1703.png,122,78,Smoke,813,474,935,552
0975.png,50,128,Smoke,1431,424,1481,552
0406.png,76,105,Smoke,1769,311,1845,416
0405.png,55,80,Smoke,546,421,601,501
0297.png,76,92,Smoke,1768,310,1844,402
0368.png,76,95,Smoke,666,430,742,525
0619.png,50,128,Smoke,1434,422,1484,550
1279.png,84,67,Smoke,1760,375,1844,442
0415.png,23,113,Smoke,1214,464,1237,577
1562.png,141,67,Smoke,1758,376,1899,443
0940.png,76,118,Smoke,1769,316,1845,434
0774.png,23,113,Smoke,1214,467,1237,580
1273.png,84,67,Smoke,1760,375,1844,442
1783.png,29,218,Smoke,1161,339,1190,557
1558.png,50,128,Smoke,1431,411,1481,539
0773.png,50,128,Smoke,1431,424,1481,552
1222.png,84,67,Smoke,1760,376,1844,443
0835.png,99,59,Smoke,1690,578,1789,637
1376.png,130,227,Smoke,1022,321,1152,548
1318.png,124,174,Smoke,1255,377,1379,551
1171.png,23,113,Smoke,1213,473,1236,586
0812.png,50,128,Smoke,1431,426,1481,554
1301.png,84,67,Smoke,1760,375,1844,442
1615.png,29,218,Smoke,1162,337,1191,555
1501.png,181,109,Smoke,1739,457,1920,566
1459.png,32,170,Smoke,962,373,994,543
0089.png,32,158,Smoke,961,387,993,545
0874.png,57,57,Smoke,1773,313,1830,370
1337.png,99,59,Smoke,1690,575,1789,634
0491.png,55,80,Smoke,546,424,601,504
0645.png,111,221,Smoke,1021,321,1132,542
1648.png,182,109,Smoke,1738,456,1920,565
0314.png,69,59,Smoke,1690,577,1759,636
1352.png,29,218,Smoke,1164,335,1193,553
0131.png,145,116,Smoke,1226,427,1371,543
1591.png,23,151,Smoke,1211,423,1234,574
0421.png,95,139,Smoke,821,406,916,545
1282.png,90,67,Smoke,815,493,905,560
1593.png,29,218,Smoke,1163,338,1192,556
1613.png,29,218,Smoke,1162,337,1191,555
1592.png,155,48,Smoke,1722,581,1877,629
0825.png,55,80,Smoke,546,424,601,504
0838.png,174,109,Smoke,1746,450,1920,559
0481.png,23,113,Smoke,1214,464,1237,577
0007.png,23,113,Smoke,1214,464,1237,577
1416.png,132,155,Smoke,1248,396,1380,551
1364.png,50,128,Smoke,1431,415,1481,543
0396.png,69,59,Smoke,1691,579,1760,638
1789.png,99,55,Smoke,642,498,741,553
0351.png,55,46,Smoke,552,483,607,529
1160.png,111,246,Smoke,1030,307,1141,553
0340.png,55,84,Smoke,450,460,505,544
0658.png,124,174,Smoke,1251,378,1375,552
0060.png,65,197,Smoke,1617,421,1682,618
1457.png,57,57,Smoke,1758,305,1815,362
1312.png,57,57,Smoke,1773,313,1830,370
0819.png,174,109,Smoke,1746,450,1920,559
1560.png,113,57,Smoke,624,497,737,554
1581.png,29,218,Smoke,1163,339,1192,557
0249.png,32,158,Smoke,962,387,994,545
0507.png,80,48,Smoke,415,515,495,563
1241.png,97,82,Smoke,815,460,912,542
1780.png,99,55,Smoke,642,499,741,554
0590.png,55,80,Smoke,546,424,601,504
0889.png,80,48,Smoke,414,514,494,562
0560.png,97,120,Smoke,647,425,744,545
1701.png,55,80,Smoke,546,424,601,504
1411.png,57,57,Smoke,1755,305,1812,362
1318.png,84,67,Smoke,1760,375,1844,442
0646.png,174,109,Smoke,1746,449,1920,558
0673.png,80,48,Smoke,414,514,494,562
1701.png,99,55,Smoke,642,499,741,554
0585.png,76,118,Smoke,1770,308,1846,426
1425.png,29,218,Smoke,1164,333,1193,551
0701.png,55,80,Smoke,546,424,601,504
1447.png,23,151,Smoke,1212,423,1235,574
1197.png,97,151,Smoke,816,393,913,544
0675.png,32,158,Smoke,963,389,995,547
0515.png,57,57,Smoke,1773,313,1830,370
1652.png,23,151,Smoke,1210,422,1233,573
1058.png,111,246,Smoke,1028,309,1139,555
0704.png,99,59,Smoke,1692,576,1791,635
0977.png,118,107,Smoke,619,447,737,554
0338.png,23,113,Smoke,1214,464,1237,577
1797.png,128,246,Smoke,1025,322,1153,568
0111.png,65,197,Smoke,1618,422,1683,619
0742.png,99,59,Smoke,1692,574,1791,633
0083.png,23,113,Smoke,1214,464,1237,577
0795.png,50,128,Smoke,1431,425,1481,553
0082.png,74,99,Smoke,663,444,737,543
0169.png,57,57,Smoke,1773,313,1830,370
0411.png,50,116,Smoke,1431,428,1481,544
1612.png,80,48,Smoke,414,514,494,562
1384.png,23,151,Smoke,1212,422,1235,573
1664.png,122,78,Smoke,811,474,933,552
1369.png,76,227,Smoke,1614,382,1690,609
0145.png,57,48,Smoke,1705,577,1762,625
1080.png,32,158,Smoke,963,375,995,533
1347.png,130,227,Smoke,1022,325,1152,552
0270.png,23,113,Smoke,1214,464,1237,577
0073.png,55,143,Smoke,446,387,501,530
1082.png,32,158,Smoke,963,375,995,533
1697.png,132,155,Smoke,1247,396,1379,551
1735.png,141,67,Smoke,1759,371,1900,438
0123.png,48,34,Smoke,559,483,607,517
1674.png,183,109,Smoke,1737,456,1920,565
1289.png,55,80,Smoke,546,424,601,504
0726.png,76,250,Smoke,1612,394,1688,644
1614.png,122,78,Smoke,808,474,930,552
1022.png,80,48,Smoke,414,514,494,562
0452.png,76,118,Smoke,1772,310,1848,428
1420.png,101,107,Smoke,635,446,736,553
0107.png,65,197,Smoke,1618,422,1683,619
1765.png,55,80,Smoke,546,424,601,504
1613.png,155,48,Smoke,1722,580,1877,628
1448.png,103,55,Smoke,814,499,917,554
0205.png,69,59,Smoke,1691,577,1760,636
0609.png,124,174,Smoke,1251,377,1375,551
0642.png,80,48,Smoke,415,515,495,563
1643.png,32,170,Smoke,963,376,995,546
0260.png,65,197,Smoke,1617,423,1682,620
1109.png,97,151,Smoke,814,393,911,544
0823.png,57,57,Smoke,1773,313,1830,370
1135.png,99,59,Smoke,1688,573,1787,632
1037.png,57,57,Smoke,1773,313,1830,370
0501.png,29,218,Smoke,1163,356,1192,574
0310.png,146,113,Smoke,1774,445,1920,558
1401.png,90,67,Smoke,815,489,905,556
1542.png,29,218,Smoke,1163,345,1192,563
0548.png,29,218,Smoke,1163,357,1192,575
1241.png,23,113,Smoke,1212,467,1235,580
1425.png,141,67,Smoke,1759,374,1900,441
1070.png,76,250,Smoke,1615,389,1691,639
0306.png,50,116,Smoke,1431,428,1481,544
0320.png,23,113,Smoke,1214,464,1237,577
0097.png,55,143,Smoke,446,386,501,529
1718.png,155,48,Smoke,1722,579,1877,627
1540.png,50,128,Smoke,1431,411,1481,539
0822.png,76,250,Smoke,1615,394,1691,644
1391.png,181,109,Smoke,1739,457,1920,566
1486.png,57,57,Smoke,1760,304,1817,361
0649.png,109,155,Smoke,810,394,919,549
0180.png,57,48,Smoke,1704,577,1761,625
1499.png,57,57,Smoke,1758,305,1815,362
0551.png,76,118,Smoke,1771,308,1847,426
0275.png,124,174,Smoke,1249,379,1373,553
1744.png,50,128,Smoke,1431,412,1481,540
0680.png,109,155,Smoke,811,394,920,549
1097.png,179,109,Smoke,1741,457,1920,566
0858.png,76,118,Smoke,1771,317,1847,435
0490.png,69,59,Smoke,1688,578,1757,637
0875.png,80,48,Smoke,414,514,494,562
1709.png,50,128,Smoke,1431,412,1481,540
0813.png,170,67,Smoke,567,490,737,557
0795.png,170,67,Smoke,568,489,738,556
1720.png,180,109,Smoke,1740,456,1920,565
1610.png,76,227,Smoke,1623,383,1699,610
0929.png,174,109,Smoke,1746,452,1920,561
1559.png,113,57,Smoke,624,498,737,555
1305.png,130,227,Smoke,1019,325,1149,552
0867.png,76,118,Smoke,1770,317,1846,435
0167.png,32,158,Smoke,962,387,994,545
1697.png,128,246,Smoke,1022,312,1150,558
0979.png,32,158,Smoke,962,380,994,538
1289.png,23,113,Smoke,1212,466,1235,579
0656.png,76,118,Smoke,1772,305,1848,423
0704.png,23,113,Smoke,1213,467,1236,580
0174.png,48,34,Smoke,559,483,607,517
0641.png,23,113,Smoke,1213,465,1236,578
0180.png,107,195,Smoke,1021,350,1128,545
1392.png,76,227,Smoke,1616,382,1692,609
1329.png,141,67,Smoke,1761,375,1902,442
1286.png,76,250,Smoke,1615,385,1691,635
0100.png,107,195,Smoke,1022,355,1129,550
1637.png,130,227,Smoke,1027,310,1157,537
1469.png,32,170,Smoke,962,373,994,543
1401.png,76,227,Smoke,1616,382,1692,609
0423.png,107,221,Smoke,1021,318,1128,539
0792.png,55,80,Smoke,546,424,601,504
1627.png,23,151,Smoke,1210,422,1233,573
0754.png,32,158,Smoke,963,388,995,546
0929.png,23,113,Smoke,1214,466,1237,579
1769.png,141,67,Smoke,1761,371,1902,438
1501.png,29,218,Smoke,1164,333,1193,551
1514.png,130,227,Smoke,1024,318,1154,545
1208.png,50,128,Smoke,1432,420,1482,548
0340.png,144,113,Smoke,1776,443,1920,556
0364.png,55,84,Smoke,450,460,505,544
1626.png,130,227,Smoke,1027,309,1157,536
0006.png,50,147,Smoke,418,397,468,544
1612.png,132,155,Smoke,1246,397,1378,552
1158.png,23,113,Smoke,1213,472,1236,585
0163.png,29,218,Smoke,1163,348,1192,566
0910.png,174,109,Smoke,1746,452,1920,561
0275.png,55,46,Smoke,552,484,607,530
0199.png,76,92,Smoke,1768,309,1844,401
1187.png,97,151,Smoke,816,392,913,543
0364.png,29,218,Smoke,1163,355,1192,573
0392.png,32,158,Smoke,962,387,994,545
0275.png,65,197,Smoke,1617,422,1682,619
1356.png,76,227,Smoke,1615,382,1691,609
0428.png,107,221,Smoke,1021,317,1128,538
0936.png,111,233,Smoke,1027,317,1138,550
0302.png,57,57,Smoke,1773,313,1830,370
0085.png,55,143,Smoke,446,387,501,530
1237.png,84,67,Smoke,1761,376,1845,443
0630.png,55,80,Smoke,546,424,601,504
1084.png,23,113,Smoke,1214,470,1237,583
0435.png,57,57,Smoke,1773,313,1830,370
0149.png,107,195,Smoke,1022,350,1129,545
0466.png,55,80,Smoke,546,424,601,504
1034.png,76,250,Smoke,1615,391,1691,641
0931.png,76,118,Smoke,1769,316,1845,434
1420.png,80,48,Smoke,414,514,494,562
1458.png,50,128,Smoke,1431,412,1481,540
1004.png,101,107,Smoke,636,447,737,554
0364.png,69,59,Smoke,1691,580,1760,639
1387.png,32,170,Smoke,962,375,994,545
1467.png,141,67,Smoke,1757,374,1898,441
1682.png,132,155,Smoke,1247,397,1379,552
1578.png,141,67,Smoke,1757,377,1898,444
0217.png,57,57,Smoke,1773,313,1830,370
1290.png,55,80,Smoke,546,424,601,504
0131.png,65,197,Smoke,1617,422,1682,619
1672.png,132,155,Smoke,1246,397,1378,552
1487.png,141,67,Smoke,1758,373,1899,440
1337.png,76,250,Smoke,1616,381,1692,631
0315.png,57,57,Smoke,1773,313,1830,370
1097.png,124,174,Smoke,1253,377,1377,551
1797.png,23,151,Smoke,1215,413,1238,564
0654.png,29,218,Smoke,1163,358,1192,576
1740.png,23,151,Smoke,1212,415,1235,566
1007.png,55,80,Smoke,546,424,601,504
0149.png,65,197,Smoke,1617,422,1682,619
1130.png,55,80,Smoke,546,424,601,504
0493.png,69,59,Smoke,1688,578,1757,637
0345.png,143,113,Smoke,1777,438,1920,551
0534.png,57,57,Smoke,1773,313,1830,370
0909.png,143,71,Smoke,596,483,739,554
1661.png,76,227,Smoke,1623,382,1699,609
0071.png,95,176,Smoke,818,377,913,553
1693.png,80,57,Smoke,1757,300,1837,357
0519.png,76,118,Smoke,1772,309,1848,427
1237.png,23,113,Smoke,1214,467,1237,580
1692.png,80,48,Smoke,414,514,494,562
0253.png,95,176,Smoke,819,372,914,548
1413.png,132,155,Smoke,1248,395,1380,550
0776.png,174,109,Smoke,1746,449,1920,558
0233.png,95,176,Smoke,819,374,914,550
1295.png,80,48,Smoke,414,514,494,562
1693.png,128,246,Smoke,1022,312,1150,558
1412.png,180,109,Smoke,1740,457,1920,566
0219.png,74,99,Smoke,666,432,740,531
0397.png,95,139,Smoke,821,409,916,548
1428.png,32,170,Smoke,962,373,994,543
1621.png,55,80,Smoke,546,424,601,504
1094.png,101,107,Smoke,635,446,736,553
1360.png,141,67,Smoke,1759,375,1900,442
1473.png,32,170,Smoke,962,373,994,543
0975.png,32,158,Smoke,962,381,994,539
1429.png,55,80,Smoke,546,424,601,504
0875.png,57,57,Smoke,1773,313,1830,370
1722.png,128,246,Smoke,1023,315,1151,561
0676.png,50,128,Smoke,1434,423,1484,551
1277.png,179,109,Smoke,1741,458,1920,567
1025.png,101,107,Smoke,636,446,737,553
0571.png,80,48,Smoke,415,515,495,563
1652.png,113,57,Smoke,629,495,742,552
1794.png,29,218,Smoke,1161,336,1190,554
0292.png,124,174,Smoke,1250,378,1374,552
0984.png,80,48,Smoke,414,514,494,562
0728.png,124,174,Smoke,1251,378,1375,552
0065.png,23,113,Smoke,1214,464,1237,577
0560.png,162,109,Smoke,1758,450,1920,559
0143.png,74,99,Smoke,666,437,740,536
1620.png,122,78,Smoke,809,475,931,553
0440.png,57,57,Smoke,1773,313,1830,370
1039.png,124,174,Smoke,1253,377,1377,551
0953.png,118,107,Smoke,620,448,738,555
1747.png,181,109,Smoke,1739,456,1920,565
1364.png,130,227,Smoke,1022,323,1152,550
0789.png,124,174,Smoke,1251,379,1375,553
0273.png,55,84,Smoke,450,460,505,544
0676.png,57,57,Smoke,1773,313,1830,370
0908.png,107,179,Smoke,814,369,921,548
1191.png,57,57,Smoke,1773,313,1830,370
1264.png,97,82,Smoke,815,459,912,541
1768.png,80,48,Smoke,414,514,494,562
0821.png,124,174,Smoke,1251,379,1375,553
0971.png,57,57,Smoke,1773,313,1830,370
0048.png,29,170,Smoke,1162,380,1191,550
0290.png,23,113,Smoke,1214,464,1237,577
1736.png,23,151,Smoke,1212,416,1235,567
0783.png,109,179,Smoke,813,367,922,546
1006.png,23,113,Smoke,1214,466,1237,579
1608.png,80,48,Smoke,414,514,494,562
0551.png,32,158,Smoke,962,389,994,547
0205.png,107,221,Smoke,1021,323,1128,544
1430.png,90,67,Smoke,816,488,906,555
1510.png,57,57,Smoke,1761,304,1818,361
0922.png,23,113,Smoke,1214,466,1237,579
0525.png,57,57,Smoke,1773,313,1830,370
0827.png,170,67,Smoke,567,490,737,557
1050.png,29,218,Smoke,1163,351,1192,569
1120.png,32,158,Smoke,963,376,995,534
0161.png,57,48,Smoke,1704,577,1761,625
1466.png,80,48,Smoke,414,514,494,562
1108.png,57,57,Smoke,1773,313,1830,370
1286.png,130,227,Smoke,1017,330,1147,557
1610.png,32,170,Smoke,965,372,997,542
1003.png,29,218,Smoke,1163,352,1192,570
1354.png,130,227,Smoke,1022,325,1152,552
0872.png,29,218,Smoke,1163,355,1192,573
1144.png,23,113,Smoke,1213,473,1236,586
0317.png,145,113,Smoke,1775,445,1920,558
0072.png,57,48,Smoke,1704,577,1761,625
0050.png,74,99,Smoke,657,444,731,543
0293.png,50,116,Smoke,1431,428,1481,544
0906.png,23,113,Smoke,1214,467,1237,580
0385.png,55,84,Smoke,450,460,505,544
0796.png,80,48,Smoke,414,514,494,562
0948.png,32,158,Smoke,962,381,994,539
1011.png,29,218,Smoke,1163,353,1192,571
0536.png,55,80,Smoke,546,424,601,504
1513.png,76,227,Smoke,1621,384,1697,611
1758.png,29,218,Smoke,1161,342,1190,560
0318.png,145,113,Smoke,1775,445,1920,558
0718.png,32,158,Smoke,963,387,995,545
1470.png,32,170,Smoke,962,373,994,543
0485.png,69,59,Smoke,1688,578,1757,637
0275.png,107,221,Smoke,1022,323,1129,544
0802.png,23,113,Smoke,1214,468,1237,581
0726.png,160,57,Smoke,580,501,740,558
1011.png,76,118,Smoke,1769,317,1845,435
0344.png,69,59,Smoke,1690,579,1759,638
0871.png,124,174,Smoke,1252,379,1376,553
1384.png,32,170,Smoke,962,375,994,545
1788.png,122,78,Smoke,814,476,936,554
1165.png,84,67,Smoke,1761,378,1845,445
1730.png,32,170,Smoke,966,382,998,552
0439.png,69,59,Smoke,1690,578,1759,637
1248.png,97,82,Smoke,815,460,912,542
1528.png,155,48,Smoke,1721,581,1876,629
0344.png,124,174,Smoke,1251,378,1375,552
1417.png,130,227,Smoke,1023,322,1153,549
1731.png,128,246,Smoke,1024,316,1152,562
0003.png,76,92,Smoke,1733,309,1809,401
0056.png,145,116,Smoke,1225,426,1370,542
0290.png,69,59,Smoke,1690,577,1759,636
0719.png,32,158,Smoke,963,388,995,546
0954.png,57,57,Smoke,1773,313,1830,370
1608.png,132,155,Smoke,1246,397,1378,552
0861.png,55,80,Smoke,546,424,601,504
0276.png,76,92,Smoke,1768,310,1844,402
0731.png,23,113,Smoke,1213,467,1236,580
0311.png,32,158,Smoke,962,387,994,545
1682.png,29,218,Smoke,1161,332,1190,550
1305.png,179,109,Smoke,1741,458,1920,567
0828.png,23,113,Smoke,1214,469,1237,582
1625.png,80,57,Smoke,1763,302,1843,359
0647.png,29,218,Smoke,1163,357,1192,575
0011.png,145,116,Smoke,1194,430,1339,546
1153.png,97,151,Smoke,815,393,912,544
0704.png,109,179,Smoke,813,368,922,547
0620.png,97,120,Smoke,647,430,744,550
1338.png,124,174,Smoke,1256,377,1380,551
0964.png,118,107,Smoke,620,447,738,554
0144.png,29,218,Smoke,1164,340,1193,558
0040.png,55,143,Smoke,431,394,486,537
1343.png,141,67,Smoke,1759,375,1900,442
0531.png,55,80,Smoke,546,424,601,504
0950.png,111,233,Smoke,1027,317,1138,550
1615.png,50,128,Smoke,1431,412,1481,540
1726.png,32,170,Smoke,966,382,998,552
0496.png,97,120,Smoke,646,423,743,543
1727.png,76,258,Smoke,1624,382,1700,640
0664.png,76,118,Smoke,1771,305,1847,423
1175.png,76,250,Smoke,1613,390,1689,640
1505.png,130,227,Smoke,1024,320,1154,547
1441.png,141,67,Smoke,1759,375,1900,442
0071.png,145,116,Smoke,1226,427,1371,543
1197.png,29,218,Smoke,1164,333,1193,551
1320.png,101,107,Smoke,635,446,736,553
0112.png,107,195,Smoke,1022,354,1129,549
0141.png,65,197,Smoke,1617,422,1682,619
1639.png,76,227,Smoke,1622,385,1698,612
1291.png,90,67,Smoke,815,492,905,559
1450.png,23,151,Smoke,1212,422,1235,573
1670.png,55,80,Smoke,546,424,601,504
0525.png,23,113,Smoke,1214,464,1237,577
0844.png,107,179,Smoke,815,369,922,548
1754.png,122,78,Smoke,814,476,936,554
1059.png,29,218,Smoke,1163,353,1192,571
1131.png,97,151,Smoke,814,393,911,544
0881.png,32,158,Smoke,963,386,995,544
1117.png,111,246,Smoke,1031,307,1142,553
1559.png,50,128,Smoke,1431,411,1481,539
1764.png,128,246,Smoke,1025,315,1153,561
0068.png,55,143,Smoke,446,388,501,531
0852.png,111,233,Smoke,1020,318,1131,551
1178.png,57,57,Smoke,1773,313,1830,370
0857.png,50,128,Smoke,1431,426,1481,554
1562.png,132,155,Smoke,1246,398,1378,553
1700.png,180,109,Smoke,1740,456,1920,565
1406.png,101,107,Smoke,635,446,736,553
1550.png,57,57,Smoke,1761,305,1818,362
1126.png,99,59,Smoke,1688,574,1787,633
1068.png,99,59,Smoke,1687,575,1786,634
1569.png,80,48,Smoke,414,514,494,562
1527.png,32,170,Smoke,962,375,994,545
1425.png,101,107,Smoke,635,446,736,553
0843.png,99,59,Smoke,1690,577,1789,636
0524.png,50,116,Smoke,1431,428,1481,544
1558.png,80,48,Smoke,414,514,494,562
0904.png,124,174,Smoke,1252,379,1376,553
0779.png,29,218,Smoke,1163,355,1192,573
1017.png,50,128,Smoke,1431,423,1481,551
0122.png,29,218,Smoke,1163,347,1192,565
0872.png,170,90,Smoke,567,464,737,554
1449.png,101,107,Smoke,635,446,736,553
1636.png,55,80,Smoke,546,424,601,504
1707.png,128,246,Smoke,1022,312,1150,558
0030.png,145,116,Smoke,1200,430,1345,546
0428.png,32,158,Smoke,962,387,994,545
1051.png,97,151,Smoke,813,393,910,544
0967.png,118,107,Smoke,620,446,738,553
1245.png,97,82,Smoke,816,460,913,542
0180.png,147,97,Smoke,1773,449,1920,546
1093.png,80,48,Smoke,414,514,494,562
0596.png,55,80,Smoke,546,424,601,504
1404.png,182,109,Smoke,1738,457,1920,566
1032.png,76,250,Smoke,1615,391,1691,641
0460.png,95,139,Smoke,823,401,918,540
1455.png,141,67,Smoke,1756,374,1897,441
0502.png,50,116,Smoke,1431,428,1481,544
1289.png,76,250,Smoke,1615,385,1691,635
1612.png,76,227,Smoke,1623,384,1699,611
0911.png,174,109,Smoke,1746,452,1920,561
1321.png,23,151,Smoke,1212,426,1235,577
1779.png,122,78,Smoke,814,476,936,554
1280.png,80,48,Smoke,414,514,494,562
0383.png,50,116,Smoke,1431,427,1481,543
1568.png,132,155,Smoke,1246,397,1378,552
0687.png,32,158,Smoke,963,390,995,548
0995.png,80,48,Smoke,414,514,494,562
0351.png,55,84,Smoke,450,460,505,544
0052.png,48,34,Smoke,559,483,607,517
0773.png,76,250,Smoke,1612,394,1688,644
0891.png,99,59,Smoke,1688,577,1787,636
0622.png,57,57,Smoke,1773,313,1830,370
0534.png,55,80,Smoke,546,424,601,504
0657.png,124,174,Smoke,1251,378,1375,552
1372.png,101,107,Smoke,635,446,736,553
1258.png,130,227,Smoke,1015,328,1145,555
0097.png,148,97,Smoke,1772,456,1920,553
0899.png,124,174,Smoke,1252,379,1376,553
0828.png,55,80,Smoke,546,424,601,504
0741.png,109,179,Smoke,813,368,922,547
1224.png,97,151,Smoke,816,394,913,545
1651.png,29,218,Smoke,1161,338,1190,556
0757.png,109,179,Smoke,813,368,922,547
0575.png,23,113,Smoke,1214,465,1237,578
1566.png,111,76,Smoke,813,477,924,553
1489.png,76,227,Smoke,1621,384,1697,611
1607.png,80,48,Smoke,414,514,494,562
0185.png,107,195,Smoke,1021,350,1128,545
1577.png,29,218,Smoke,1163,341,1192,559
1464.png,23,151,Smoke,1212,424,1235,575
0058.png,34,116,Smoke,1433,434,1467,550
1329.png,90,67,Smoke,815,490,905,557
0835.png,23,113,Smoke,1214,469,1237,582
0936.png,143,95,Smoke,595,462,738,557
0745.png,29,218,Smoke,1163,355,1192,573
0294.png,29,218,Smoke,1163,356,1192,574
0228.png,23,113,Smoke,1214,464,1237,577
0851.png,55,80,Smoke,546,424,601,504
1535.png,130,227,Smoke,1025,315,1155,542
0427.png,50,116,Smoke,1431,427,1481,543
0916.png,76,250,Smoke,1613,391,1689,641
0683.png,50,128,Smoke,1434,423,1484,551
1541.png,132,155,Smoke,1247,398,1379,553
1534.png,111,76,Smoke,811,477,922,553
0156.png,76,92,Smoke,1768,310,1844,402
0159.png,145,116,Smoke,1226,427,1371,543
0997.png,76,118,Smoke,1769,317,1845,435
1201.png,50,128,Smoke,1431,420,1481,548
0712.png,174,109,Smoke,1746,449,1920,558
1051.png,57,57,Smoke,1773,313,1830,370
1134.png,179,109,Smoke,1741,457,1920,566
0775.png,111,233,Smoke,1019,321,1130,554
0286.png,50,116,Smoke,1431,429,1481,545
0195.png,55,46,Smoke,552,484,607,530
1711.png,155,48,Smoke,1722,579,1877,627
0336.png,65,197,Smoke,1617,423,1682,620
1282.png,130,227,Smoke,1017,326,1147,553
0135.png,57,48,Smoke,1705,577,1762,625
0982.png,101,160,Smoke,812,379,913,539
1640.png,50,128,Smoke,1431,412,1481,540
0908.png,80,48,Smoke,414,514,494,562
0897.png,76,250,Smoke,1613,391,1689,641
0130.png,32,158,Smoke,962,387,994,545
0665.png,65,218,Smoke,1620,397,1685,615
1757.png,32,170,Smoke,966,384,998,554
1562.png,180,109,Smoke,1740,457,1920,566
1004.png,29,218,Smoke,1163,353,1192,571
0927.png,76,250,Smoke,1613,390,1689,640
1329.png,55,80,Smoke,546,424,601,504
0776.png,76,250,Smoke,1614,394,1690,644
1236.png,57,57,Smoke,1773,313,1830,370
0777.png,124,174,Smoke,1251,379,1375,553
0064.png,76,92,Smoke,1770,309,1846,401
0123.png,95,176,Smoke,818,375,913,551
0121.png,55,143,Smoke,445,387,500,530
1353.png,101,107,Smoke,635,446,736,553
1611.png,181,109,Smoke,1739,457,1920,566
0153.png,57,57,Smoke,1773,313,1830,370
0826.png,50,128,Smoke,1431,426,1481,554
0703.png,99,59,Smoke,1692,576,1791,635
1354.png,80,48,Smoke,414,514,494,562
0535.png,57,57,Smoke,1773,313,1830,370
0174.png,74,99,Smoke,665,433,739,532
1293.png,32,170,Smoke,962,376,994,546
1711.png,122,78,Smoke,812,473,934,551
0030.png,48,34,Smoke,559,483,607,517
1355.png,55,80,Smoke,546,424,601,504
0899.png,107,179,Smoke,814,369,921,548
0912.png,107,179,Smoke,814,367,921,546
1207.png,97,151,Smoke,816,393,913,544
1700.png,155,48,Smoke,1722,579,1877,627
0858.png,23,113,Smoke,1214,469,1237,582
0340.png,69,59,Smoke,1690,579,1759,638
0996.png,101,168,Smoke,813,378,914,546
1331.png,57,57,Smoke,1773,313,1830,370
0011.png,76,92,Smoke,1733,310,1809,402
0459.png,76,118,Smoke,1771,310,1847,428
1516.png,180,109,Smoke,1740,457,1920,566
0273.png,65,197,Smoke,1617,422,1682,619
1683.png,99,55,Smoke,642,498,741,553
0777.png,50,128,Smoke,1431,424,1481,552
1486.png,23,151,Smoke,1212,423,1235,574
1375.png,130,227,Smoke,1022,322,1152,549
0352.png,143,113,Smoke,1777,444,1920,557
0356.png,143,113,Smoke,1777,449,1920,562
0789.png,32,158,Smoke,963,388,995,546
1510.png,103,55,Smoke,819,501,922,556
0193.png,95,176,Smoke,819,376,914,552
1486.png,55,80,Smoke,546,424,601,504
1164.png,80,48,Smoke,414,514,494,562
1560.png,76,227,Smoke,1621,385,1697,612
0075.png,148,97,Smoke,1772,456,1920,553
0264.png,107,221,Smoke,1022,323,1129,544
1160.png,76,250,Smoke,1613,390,1689,640
0353.png,69,59,Smoke,1690,580,1759,639
1622.png,32,170,Smoke,965,372,997,542
1218.png,124,174,Smoke,1255,377,1379,551
1214.png,97,151,Smoke,816,394,913,545
1426.png,155,48,Smoke,1718,578,1873,626
1630.png,132,155,Smoke,1246,397,1378,552
1610.png,50,128,Smoke,1431,412,1481,540
0699.png,55,80,Smoke,546,424,601,504
1380.png,124,174,Smoke,1256,377,1380,551
0028.png,65,197,Smoke,1588,422,1653,619
1757.png,155,48,Smoke,1722,579,1877,627
0148.png,107,195,Smoke,1022,350,1129,545
0854.png,32,158,Smoke,963,386,995,544
0947.png,99,59,Smoke,1688,577,1787,636
1678.png,182,109,Smoke,1738,457,1920,566
1517.png,130,227,Smoke,1024,319,1154,546
1096.png,179,109,Smoke,1741,458,1920,567
1583.png,50,128,Smoke,1431,412,1481,540
0026.png,95,176,Smoke,787,383,882,559
1530.png,170,57,Smoke,568,498,738,555
1483.png,57,57,Smoke,1760,304,1817,361
1188.png,124,174,Smoke,1254,377,1378,551
0934.png,143,95,Smoke,595,459,738,554
0712.png,124,174,Smoke,1251,378,1375,552
1572.png,155,48,Smoke,1722,582,1877,630
1560.png,80,48,Smoke,414,514,494,562
0168.png,145,116,Smoke,1226,427,1371,543
1087.png,50,128,Smoke,1431,422,1481,550
0291.png,69,59,Smoke,1690,577,1759,636
0429.png,65,197,Smoke,1617,422,1682,619
0655.png,23,113,Smoke,1213,466,1236,579
0235.png,57,57,Smoke,1773,313,1830,370
1288.png,32,170,Smoke,962,376,994,546
0184.png,55,46,Smoke,552,484,607,530
0047.png,65,197,Smoke,1609,422,1674,619
1499.png,155,48,Smoke,1719,581,1874,629
1189.png,101,107,Smoke,635,446,736,553
0828.png,50,128,Smoke,1431,426,1481,554
1070.png,101,107,Smoke,635,446,736,553
0165.png,55,143,Smoke,445,385,500,528
0202.png,74,99,Smoke,666,431,740,530
0498.png,69,59,Smoke,1688,578,1757,637
1014.png,50,128,Smoke,1431,423,1481,551
0721.png,76,250,Smoke,1611,395,1687,645
1151.png,29,218,Smoke,1164,331,1193,549
0388.png,65,197,Smoke,1617,421,1682,618
0609.png,111,221,Smoke,1019,320,1130,541
0545.png,99,59,Smoke,1692,576,1791,635
1704.png,23,151,Smoke,1210,420,1233,571
1023.png,80,48,Smoke,414,514,494,562
0798.png,50,128,Smoke,1431,424,1481,552
0640.png,97,120,Smoke,647,432,744,552
0558.png,99,59,Smoke,1692,576,1791,635
1634.png,80,57,Smoke,1761,302,1841,359
0313.png,76,92,Smoke,1768,310,1844,402
0244.png,55,46,Smoke,552,484,607,530
0139.png,148,97,Smoke,1772,451,1920,548
0415.png,107,221,Smoke,1021,318,1128,539
1604.png,122,78,Smoke,807,474,929,552
1676.png,113,57,Smoke,629,496,742,553
0666.png,55,80,Smoke,546,424,601,504
0247.png,50,116,Smoke,1431,428,1481,544
0269.png,32,158,Smoke,962,387,994,545
1289.png,50,128,Smoke,1431,418,1481,546
0697.png,65,250,Smoke,1621,397,1686,647
1490.png,141,67,Smoke,1757,373,1898,440
1761.png,29,218,Smoke,1161,341,1190,559
0286.png,148,86,Smoke,1772,447,1920,533
0612.png,169,109,Smoke,1751,449,1920,558
0057.png,32,158,Smoke,960,388,992,546
1128.png,99,59,Smoke,1688,574,1787,633
1376.png,23,151,Smoke,1212,422,1235,573
1569.png,141,67,Smoke,1758,378,1899,445
0988.png,80,48,Smoke,414,514,494,562
0087.png,76,92,Smoke,1768,309,1844,401
1262.png,84,67,Smoke,1760,375,1844,442
0417.png,57,57,Smoke,1773,313,1830,370
1224.png,50,128,Smoke,1431,420,1481,548
1699.png,155,48,Smoke,1722,579,1877,627
0880.png,57,57,Smoke,1773,313,1830,370
1281.png,130,227,Smoke,1017,327,1147,554
0891.png,143,71,Smoke,596,483,739,554
0706.png,109,179,Smoke,813,368,922,547
0215.png,23,113,Smoke,1214,464,1237,577
0329.png,144,113,Smoke,1776,444,1920,557
0567.png,55,80,Smoke,546,424,601,504
1666.png,122,78,Smoke,811,474,933,552
1294.png,80,48,Smoke,414,514,494,562
1065.png,76,250,Smoke,1615,389,1691,639
0392.png,143,113,Smoke,1777,441,1920,554
0041.png,76,92,Smoke,1753,311,1829,403
0154.png,23,113,Smoke,1214,464,1237,577
0377.png,29,218,Smoke,1163,357,1192,575
0360.png,143,113,Smoke,1777,443,1920,556
0873.png,76,250,Smoke,1614,392,1690,642
0003.png,50,147,Smoke,418,397,468,544
0961.png,55,80,Smoke,546,424,601,504
0615.png,32,158,Smoke,963,389,995,547
1206.png,76,250,Smoke,1613,390,1689,640
1670.png,132,155,Smoke,1246,397,1378,552
0920.png,143,95,Smoke,596,460,739,555
1687.png,122,78,Smoke,812,474,934,552
1243.png,80,48,Smoke,414,514,494,562
1253.png,50,128,Smoke,1432,417,1482,545
0598.png,111,221,Smoke,1020,321,1131,542
0514.png,50,116,Smoke,1431,428,1481,544
0179.png,74,99,Smoke,666,432,740,531
0564.png,57,57,Smoke,1773,313,1830,370
0798.png,99,59,Smoke,1692,575,1791,634
1042.png,101,107,Smoke,635,446,736,553
0786.png,76,250,Smoke,1615,394,1691,644
0348.png,50,116,Smoke,1430,426,1480,542
0576.png,65,218,Smoke,1619,397,1684,615
0711.png,55,80,Smoke,546,424,601,504
1056.png,111,246,Smoke,1027,308,1138,554
0520.png,23,113,Smoke,1214,464,1237,577
1277.png,130,227,Smoke,1017,327,1147,554
0605.png,32,158,Smoke,962,389,994,547
0638.png,55,80,Smoke,546,424,601,504
0636.png,76,118,Smoke,1771,304,1847,422
1781.png,99,55,Smoke,642,499,741,554
1085.png,179,109,Smoke,1741,456,1920,565
0267.png,143,86,Smoke,1777,454,1920,540
1061.png,97,151,Smoke,813,393,910,544
0198.png,57,57,Smoke,1773,313,1830,370
0504.png,69,59,Smoke,1688,578,1757,637
1361.png,181,109,Smoke,1739,459,1920,568
1458.png,170,57,Smoke,565,489,735,546
1341.png,141,67,Smoke,1759,375,1900,442
0605.png,169,109,Smoke,1751,450,1920,559
1337.png,80,48,Smoke,414,514,494,562
1438.png,76,227,Smoke,1619,383,1695,610
1552.png,180,109,Smoke,1740,457,1920,566
0763.png,160,57,Smoke,580,501,740,558
0818.png,50,128,Smoke,1431,425,1481,553
0664.png,149,71,Smoke,589,486,738,557
0500.png,50,116,Smoke,1431,428,1481,544
0348.png,57,57,Smoke,1773,313,1830,370
0984.png,76,250,Smoke,1615,390,1691,640
1279.png,80,48,Smoke,414,514,494,562
1458.png,130,227,Smoke,1024,322,1154,549
1575.png,155,48,Smoke,1722,582,1877,630
1704.png,182,109,Smoke,1738,456,1920,565
1384.png,124,174,Smoke,1256,377,1380,551
1668.png,141,67,Smoke,1759,373,1900,440
1223.png,76,250,Smoke,1614,389,1690,639
0726.png,23,113,Smoke,1213,467,1236,580
0568.png,76,118,Smoke,1770,306,1846,424
0163.png,32,158,Smoke,962,387,994,545
1364.png,90,67,Smoke,815,490,905,557
1454.png,130,227,Smoke,1023,323,1153,550
0567.png,163,109,Smoke,1757,449,1920,558
0237.png,65,197,Smoke,1617,422,1682,619
1198.png,23,113,Smoke,1213,469,1236,582
1601.png,55,80,Smoke,546,424,601,504
0466.png,95,139,Smoke,821,398,916,537
0288.png,23,113,Smoke,1214,464,1237,577
0679.png,109,155,Smoke,811,394,920,549
1352.png,55,80,Smoke,546,424,601,504
0529.png,65,197,Smoke,1617,423,1682,620
1198.png,84,67,Smoke,1761,377,1845,444
1172.png,124,174,Smoke,1254,377,1378,551
0554.png,55,80,Smoke,546,424,601,504
1425.png,50,128,Smoke,1431,414,1481,542
1251.png,179,109,Smoke,1741,458,1920,567
0671.png,23,113,Smoke,1213,465,1236,578
1584.png,132,155,Smoke,1246,396,1378,551
0331.png,124,174,Smoke,1250,378,1374,552
0317.png,65,197,Smoke,1617,420,1682,617
0379.png,55,84,Smoke,450,460,505,544
1015.png,23,113,Smoke,1214,467,1237,580
0051.png,23,113,Smoke,1214,464,1237,577
0568.png,80,48,Smoke,415,514,495,562
0291.png,57,57,Smoke,1773,313,1830,370
1648.png,130,227,Smoke,1027,309,1157,536
0794.png,23,113,Smoke,1214,467,1237,580
1231.png,76,250,Smoke,1614,389,1690,639
1339.png,99,59,Smoke,1690,575,1789,634
0379.png,86,107,Smoke,655,432,741,539
1552.png,29,218,Smoke,1163,345,1192,563
0785.png,76,250,Smoke,1615,394,1691,644
0487.png,65,197,Smoke,1617,421,1682,618
1576.png,32,170,Smoke,962,371,994,541
0322.png,57,57,Smoke,1773,313,1830,370
1271.png,23,113,Smoke,1212,467,1235,580
1364.png,124,174,Smoke,1256,377,1380,551
1131.png,111,246,Smoke,1030,307,1141,553
0768.png,76,118,Smoke,1771,303,1847,421
0921.png,23,113,Smoke,1214,466,1237,579
1521.png,55,80,Smoke,546,424,601,504
1448.png,50,128,Smoke,1431,412,1481,540
1257.png,55,80,Smoke,546,424,601,504
1509.png,23,151,Smoke,1212,423,1235,574
1753.png,132,155,Smoke,1245,399,1377,554
0627.png,99,59,Smoke,1692,576,1791,635
0824.png,76,118,Smoke,1771,302,1847,420
0855.png,29,218,Smoke,1163,355,1192,573
0677.png,29,218,Smoke,1163,358,1192,576
0046.png,34,116,Smoke,1425,432,1459,548
0434.png,32,158,Smoke,962,387,994,545
0612.png,29,218,Smoke,1163,357,1192,575
1159.png,97,151,Smoke,815,393,912,544
0224.png,65,197,Smoke,1617,423,1682,620
1156.png,29,218,Smoke,1164,331,1193,549
0300.png,69,86,Smoke,670,438,739,524
0931.png,23,113,Smoke,1214,466,1237,579
0043.png,76,92,Smoke,1755,311,1831,403
0982.png,23,113,Smoke,1214,467,1237,580
0244.png,69,59,Smoke,1691,577,1760,636
1581.png,55,80,Smoke,546,424,601,504
1014.png,111,233,Smoke,1027,311,1138,544
0189.png,55,46,Smoke,552,483,607,529
1041.png,97,151,Smoke,813,393,910,544
1337.png,141,67,Smoke,1759,375,1900,442
1588.png,155,48,Smoke,1722,581,1877,629
1205.png,179,109,Smoke,1741,458,1920,567
0709.png,65,250,Smoke,1622,394,1687,644
0614.png,111,221,Smoke,1019,320,1130,541
0818.png,124,174,Smoke,1251,379,1375,553
0434.png,69,59,Smoke,1690,578,1759,637
1619.png,55,80,Smoke,546,424,601,504
0029.png,151,97,Smoke,1747,462,1898,559
0073.png,74,99,Smoke,663,445,737,544
0657.png,174,109,Smoke,1746,449,1920,558
0189.png,95,176,Smoke,818,376,913,552
0486.png,23,113,Smoke,1214,464,1237,577
0481.png,69,59,Smoke,1688,578,1757,637
0536.png,76,118,Smoke,1771,309,1847,427
1353.png,179,109,Smoke,1741,459,1920,568
0801.png,29,218,Smoke,1163,355,1192,573
0195.png,141,147,Smoke,1231,408,1372,555
1773.png,141,67,Smoke,1761,370,1902,437
1599.png,113,57,Smoke,629,497,742,554
1190.png,99,59,Smoke,1687,572,1786,631
1400.png,55,80,Smoke,546,424,601,504
0298.png,107,221,Smoke,1021,323,1128,544
0682.png,149,57,Smoke,591,501,740,558
1709.png,76,227,Smoke,1623,382,1699,609
0356.png,76,95,Smoke,666,433,742,528
0797.png,170,67,Smoke,568,489,738,556
1276.png,124,174,Smoke,1255,377,1379,551
0788.png,29,218,Smoke,1163,355,1192,573
0862.png,170,90,Smoke,567,465,737,555
0193.png,29,218,Smoke,1162,366,1191,584
0895.png,55,80,Smoke,546,424,601,504
1132.png,101,107,Smoke,635,446,736,553
1620.png,32,170,Smoke,964,372,996,542
1253.png,179,109,Smoke,1741,456,1920,565
0184.png,74,99,Smoke,666,432,740,531
1077.png,29,218,Smoke,1164,336,1193,554
1166.png,23,113,Smoke,1213,471,1236,584
1296.png,23,113,Smoke,1212,466,1235,579
1480.png,55,80,Smoke,546,424,601,504
1038.png,124,174,Smoke,1253,377,1377,551
1033.png,101,107,Smoke,637,446,738,553
0164.png,55,143,Smoke,445,385,500,528
0315.png,124,174,Smoke,1250,378,1374,552
1746.png,122,78,Smoke,814,475,936,553
0092.png,65,197,Smoke,1618,423,1683,620
0459.png,86,107,Smoke,657,428,743,535
0704.png,50,128,Smoke,1433,424,1483,552
0318.png,124,174,Smoke,1250,378,1374,552
0900.png,76,118,Smoke,1769,318,1845,436
0080.png,76,92,Smoke,1768,309,1844,401
0467.png,65,197,Smoke,1617,422,1682,619
1199.png,84,67,Smoke,1761,377,1845,444
1494.png,182,109,Smoke,1738,457,1920,566
1018.png,57,57,Smoke,1773,313,1830,370
1770.png,55,80,Smoke,546,424,601,504
0344.png,107,221,Smoke,1021,320,1128,541
0243.png,69,86,Smoke,669,444,738,530
0962.png,76,118,Smoke,1769,316,1845,434
1791.png,23,151,Smoke,1214,414,1237,565
1260.png,97,82,Smoke,815,459,912,541
0765.png,174,109,Smoke,1746,449,1920,558
0035.png,57,57,Smoke,1773,313,1830,370
1008.png,76,250,Smoke,1615,390,1691,640
0215.png,65,197,Smoke,1617,422,1682,619
1503.png,32,170,Smoke,962,373,994,543
1301.png,76,250,Smoke,1617,385,1693,635
0829.png,23,113,Smoke,1214,469,1237,582
1497.png,57,57,Smoke,1757,304,1814,361
1523.png,50,128,Smoke,1431,412,1481,540
0748.png,32,158,Smoke,963,388,995,546
1772.png,155,48,Smoke,1722,579,1877,627
1504.png,103,55,Smoke,819,501,922,556
0769.png,76,250,Smoke,1612,394,1688,644
0234.png,95,176,Smoke,819,374,914,550
0225.png,95,176,Smoke,819,376,914,552
0219.png,55,46,Smoke,552,484,607,530
0919.png,76,118,Smoke,1769,316,1845,434
1794.png,180,109,Smoke,1740,458,1920,567
0046.png,32,158,Smoke,951,388,983,546
0471.png,97,120,Smoke,647,426,744,546
0678.png,50,128,Smoke,1434,424,1484,552
1589.png,132,155,Smoke,1246,397,1378,552
0122.png,57,48,Smoke,1705,577,1762,625
1107.png,97,151,Smoke,814,393,911,544
1056.png,99,59,Smoke,1686,575,1785,634
1237.png,57,57,Smoke,1773,313,1830,370
0403.png,65,197,Smoke,1617,422,1682,619
0576.png,57,57,Smoke,1773,313,1830,370
1438.png,29,218,Smoke,1164,333,1193,551
1577.png,132,155,Smoke,1246,396,1378,551
0353.png,23,113,Smoke,1214,464,1237,577
0603.png,99,59,Smoke,1692,576,1791,635
0233.png,107,221,Smoke,1021,323,1128,544
0278.png,29,218,Smoke,1163,356,1192,574
0583.png,65,218,Smoke,1618,397,1683,615
1578.png,23,151,Smoke,1211,424,1234,575
0978.png,29,218,Smoke,1163,353,1192,571
1101.png,50,128,Smoke,1431,422,1481,550
0256.png,50,116,Smoke,1431,428,1481,544
1089.png,32,158,Smoke,963,375,995,533
1174.png,76,250,Smoke,1613,390,1689,640
1008.png,76,118,Smoke,1769,317,1845,435
0146.png,57,48,Smoke,1705,577,1762,625
0451.png,32,158,Smoke,962,387,994,545
0428.png,55,80,Smoke,546,422,601,502
0990.png,76,118,Smoke,1769,316,1845,434
0409.png,55,84,Smoke,450,460,505,544
1760.png,76,258,Smoke,1624,382,1700,640
0353.png,65,197,Smoke,1617,422,1682,619
0538.png,29,218,Smoke,1163,356,1192,574
1569.png,181,109,Smoke,1739,457,1920,566
0987.png,111,233,Smoke,1026,316,1137,549
1346.png,128,59,Smoke,1692,577,1820,636
0333.png,50,116,Smoke,1431,425,1481,541
0474.png,69,59,Smoke,1688,578,1757,637
1472.png,155,48,Smoke,1717,579,1872,627
1030.png,124,174,Smoke,1253,377,1377,551
0990.png,76,250,Smoke,1615,390,1691,640
1252.png,55,80,Smoke,546,424,601,504
0789.png,23,113,Smoke,1214,468,1237,581
1643.png,130,227,Smoke,1027,310,1157,537
0882.png,80,48,Smoke,414,514,494,562
1387.png,130,227,Smoke,1022,325,1152,552
0883.png,80,48,Smoke,414,514,494,562
0155.png,29,218,Smoke,1163,348,1192,566
1749.png,80,48,Smoke,414,514,494,562
1734.png,23,151,Smoke,1212,415,1235,566
1403.png,155,48,Smoke,1718,577,1873,625
0519.png,50,116,Smoke,1431,428,1481,544
0130.png,48,34,Smoke,559,483,607,517
1230.png,29,218,Smoke,1164,333,1193,551
1340.png,179,109,Smoke,1741,459,1920,568
0432.png,95,139,Smoke,821,404,916,543
0522.png,107,221,Smoke,1024,320,1131,541
0005.png,29,170,Smoke,1136,380,1165,550
1502.png,141,67,Smoke,1757,377,1898,444
0280.png,95,176,Smoke,820,371,915,547
1119.png,29,218,Smoke,1164,331,1193,549
0498.png,32,158,Smoke,962,387,994,545
1734.png,32,170,Smoke,966,382,998,552
0899.png,29,218,Smoke,1163,353,1192,571
0580.png,99,59,Smoke,1692,575,1791,634
1286.png,23,113,Smoke,1212,466,1235,579
0404.png,50,116,Smoke,1431,428,1481,544
0656.png,124,174,Smoke,1251,378,1375,552
1608.png,113,57,Smoke,630,497,743,554
1067.png,76,250,Smoke,1615,389,1691,639
0464.png,29,218,Smoke,1163,355,1192,573
0225.png,69,59,Smoke,1691,577,1760,636
0745.png,23,113,Smoke,1213,467,1236,580
1706.png,50,128,Smoke,1431,412,1481,540
1751.png,122,78,Smoke,814,475,936,553
1035.png,101,107,Smoke,637,446,738,553
0378.png,69,59,Smoke,1691,580,1760,639
1574.png,80,48,Smoke,414,514,494,562
1709.png,23,151,Smoke,1210,420,1233,571
0744.png,160,57,Smoke,580,500,740,557
1267.png,57,57,Smoke,1773,313,1830,370
1125.png,50,128,Smoke,1431,421,1481,549
1026.png,124,174,Smoke,1253,377,1377,551
1268.png,80,48,Smoke,414,514,494,562
0257.png,32,158,Smoke,962,387,994,545
0246.png,141,147,Smoke,1232,408,1373,555
0360.png,76,92,Smoke,1768,310,1844,402
1042.png,97,151,Smoke,813,392,910,543
0726.png,32,158,Smoke,963,388,995,546
0814.png,111,233,Smoke,1020,321,1131,554
0178.png,55,143,Smoke,445,384,500,527
0406.png,124,174,Smoke,1250,378,1374,552
1081.png,80,48,Smoke,414,514,494,562
0258.png,69,86,Smoke,669,444,738,530
0602.png,55,80,Smoke,546,424,601,504
1036.png,179,109,Smoke,1741,458,1920,567
1686.png,99,55,Smoke,642,498,741,553
0505.png,153,109,Smoke,1767,447,1920,556
0185.png,95,176,Smoke,818,376,913,552
0445.png,76,118,Smoke,1771,311,1847,429
1244.png,50,128,Smoke,1431,419,1481,547
0449.png,32,158,Smoke,962,387,994,545
0694.png,23,113,Smoke,1213,467,1236,580
1478.png,80,48,Smoke,414,514,494,562
0213.png,29,218,Smoke,1162,366,1191,584
0197.png,74,99,Smoke,666,432,740,531
1298.png,99,59,Smoke,1689,574,1788,633
0571.png,124,174,Smoke,1250,378,1374,552
1038.png,57,57,Smoke,1773,313,1830,370
0118.png,74,99,Smoke,665,441,739,540
0227.png,69,86,Smoke,670,445,739,531
0290.png,148,86,Smoke,1772,447,1920,533
0136.png,57,48,Smoke,1705,577,1762,625
0066.png,76,92,Smoke,1769,309,1845,401
0967.png,29,218,Smoke,1163,353,1192,571
0573.png,97,120,Smoke,647,427,744,547
0773.png,80,48,Smoke,414,514,494,562
0771.png,76,250,Smoke,1613,394,1689,644
0438.png,76,118,Smoke,1771,311,1847,429
0739.png,174,109,Smoke,1746,449,1920,558
1787.png,181,109,Smoke,1739,458,1920,567
1540.png,155,48,Smoke,1721,581,1876,629
0734.png,111,221,Smoke,1019,321,1130,542
1228.png,99,59,Smoke,1687,574,1786,633
1751.png,132,155,Smoke,1246,399,1378,554
1692.png,122,78,Smoke,812,474,934,552
1518.png,155,48,Smoke,1721,581,1876,629
1113.png,97,151,Smoke,814,393,911,544
0382.png,57,57,Smoke,1773,313,1830,370
0214.png,23,113,Smoke,1214,464,1237,577
1421.png,55,80,Smoke,546,424,601,504
1517.png,76,227,Smoke,1621,384,1697,611
0534.png,80,48,Smoke,415,514,495,562
1278.png,55,80,Smoke,546,424,601,504
1603.png,141,67,Smoke,1758,377,1899,444
1276.png,80,48,Smoke,414,514,494,562
0068.png,32,158,Smoke,962,388,994,546
1454.png,170,57,Smoke,565,489,735,546
1496.png,76,227,Smoke,1622,384,1698,611
0577.png,97,120,Smoke,647,426,744,546
1275.png,179,109,Smoke,1741,458,1920,567
0538.png,160,109,Smoke,1760,450,1920,559
0800.png,99,59,Smoke,1692,575,1791,634
1370.png,23,151,Smoke,1212,422,1235,573
0064.png,107,195,Smoke,1022,355,1129,550
0692.png,23,113,Smoke,1213,467,1236,580
1197.png,111,246,Smoke,1033,307,1144,553
1031.png,23,113,Smoke,1214,467,1237,580
1758.png,122,78,Smoke,814,476,936,554
1534.png,155,48,Smoke,1721,581,1876,629
1579.png,113,57,Smoke,626,498,739,555
0181.png,48,34,Smoke,559,483,607,517
1723.png,50,128,Smoke,1431,412,1481,540
0519.png,65,197,Smoke,1617,423,1682,620
1389.png,80,48,Smoke,414,514,494,562
0293.png,76,92,Smoke,1768,310,1844,402
1705.png,23,151,Smoke,1210,420,1233,571
1130.png,124,174,Smoke,1254,377,1378,551
0442.png,55,84,Smoke,450,460,505,544
0192.png,55,46,Smoke,552,484,607,530
1708.png,122,78,Smoke,812,473,934,551
1189.png,99,59,Smoke,1688,571,1787,630
1722.png,132,155,Smoke,1246,397,1378,552
0779.png,109,179,Smoke,814,367,923,546
1243.png,101,107,Smoke,635,446,736,553
1478.png,103,55,Smoke,818,497,921,552
1643.png,80,57,Smoke,1761,302,1841,359
0403.png,23,113,Smoke,1214,464,1237,577
0205.png,76,92,Smoke,1769,309,1845,401
1729.png,23,151,Smoke,1211,418,1234,569
0387.png,55,84,Smoke,450,460,505,544
0273.png,29,218,Smoke,1163,356,1192,574
0641.png,55,80,Smoke,546,424,601,504
0758.png,57,57,Smoke,1773,313,1830,370
0953.png,76,118,Smoke,1769,316,1845,434
0834.png,80,48,Smoke,414,514,494,562
1509.png,50,128,Smoke,1431,412,1481,540
0621.png,23,113,Smoke,1214,465,1237,578
0244.png,69,86,Smoke,669,444,738,530
0817.png,76,250,Smoke,1615,394,1691,644
0817.png,174,109,Smoke,1746,450,1920,559
0109.png,57,57,Smoke,1773,313,1830,370
1252.png,50,128,Smoke,1431,416,1481,544
1220.png,84,67,Smoke,1760,376,1844,443
0062.png,145,116,Smoke,1226,427,1371,543
1333.png,130,227,Smoke,1022,323,1152,550
0739.png,124,174,Smoke,1251,379,1375,553
0417.png,144,113,Smoke,1776,444,1920,557
0036.png,95,176,Smoke,798,388,893,564
1764.png,141,67,Smoke,1761,371,1902,438
0969.png,50,128,Smoke,1431,424,1481,552
1295.png,130,227,Smoke,1017,327,1147,554
0166.png,148,97,Smoke,1772,447,1920,544
1408.png,101,107,Smoke,635,446,736,553
1798.png,76,258,Smoke,1626,384,1702,642
0464.png,50,116,Smoke,1431,428,1481,544
0584.png,23,113,Smoke,1214,465,1237,578
1297.png,179,109,Smoke,1741,458,1920,567
1605.png,132,155,Smoke,1246,397,1378,552
1168.png,97,151,Smoke,817,393,914,544
0147.png,55,143,Smoke,445,386,500,529
0742.png,57,57,Smoke,1773,313,1830,370
1476.png,57,57,Smoke,1759,304,1816,361
0530.png,32,158,Smoke,962,386,994,544
0056.png,107,195,Smoke,1020,355,1127,550
1097.png,111,246,Smoke,1030,307,1141,553
0199.png,69,59,Smoke,1691,578,1760,637
0491.png,55,80,Smoke,546,424,601,504
0626.png,65,218,Smoke,1620,397,1685,615
0843.png,32,158,Smoke,963,386,995,544
0279.png,69,59,Smoke,1691,577,1760,636
0457.png,32,158,Smoke,962,387,994,545
1532.png,155,48,Smoke,1721,582,1876,630
0337.png,124,174,Smoke,1250,378,1374,552
0906.png,57,57,Smoke,1773,313,1830,370
0810.png,55,80,Smoke,546,424,601,504
1756.png,23,151,Smoke,1215,416,1238,567
1247.png,179,109,Smoke,1741,458,1920,567
0649.png,76,118,Smoke,1771,305,1847,423
0732.png,124,174,Smoke,1251,378,1375,552
0471.png,55,80,Smoke,546,424,601,504
0464.png,107,221,Smoke,1023,318,1130,539
1256.png,97,82,Smoke,815,459,912,541
0680.png,32,158,Smoke,963,388,995,546
1673.png,29,218,Smoke,1161,338,1190,556
0964.png,50,128,Smoke,1431,424,1481,552
0987.png,118,107,Smoke,619,448,737,555
1370.png,180,109,Smoke,1740,459,1920,568
0377.png,95,139,Smoke,821,409,916,548
1273.png,179,109,Smoke,1741,458,1920,567
1323.png,124,174,Smoke,1256,377,1380,551
0184.png,57,48,Smoke,1704,577,1761,625
1244.png,111,246,Smoke,1032,309,1143,555
1012.png,99,59,Smoke,1688,578,1787,637
0541.png,55,80,Smoke,546,424,601,504
0744.png,124,174,Smoke,1251,379,1375,553
0377.png,124,174,Smoke,1250,378,1374,552
0542.png,69,59,Smoke,1687,577,1756,636
0575.png,32,158,Smoke,962,389,994,547
0838.png,32,158,Smoke,963,386,995,544
0222.png,69,59,Smoke,1691,577,1760,636
0584.png,124,174,Smoke,1251,378,1375,552
0951.png,50,128,Smoke,1431,424,1481,552
0081.png,23,113,Smoke,1214,464,1237,577
0940.png,111,233,Smoke,1027,317,1138,550
0652.png,124,174,Smoke,1251,378,1375,552
0586.png,55,80,Smoke,546,424,601,504
1478.png,32,170,Smoke,962,373,994,543
0573.png,109,155,Smoke,809,395,918,550
0859.png,111,233,Smoke,1021,318,1132,551
1464.png,50,128,Smoke,1431,412,1481,540
0358.png,95,139,Smoke,821,407,916,546
0593.png,111,221,Smoke,1020,320,1131,541
0287.png,50,116,Smoke,1431,429,1481,545
0639.png,124,174,Smoke,1252,377,1376,551
0614.png,29,218,Smoke,1163,355,1192,573
0563.png,80,48,Smoke,415,514,495,562
0861.png,55,80,Smoke,546,424,601,504
0701.png,111,221,Smoke,1020,322,1131,543
1203.png,124,174,Smoke,1255,377,1379,551
1705.png,181,109,Smoke,1739,456,1920,565
0887.png,50,128,Smoke,1431,424,1481,552
0954.png,32,158,Smoke,962,381,994,539
1660.png,29,218,Smoke,1161,338,1190,556
0850.png,32,158,Smoke,963,386,995,544
0222.png,50,116,Smoke,1432,426,1482,542
1389.png,55,80,Smoke,546,424,601,504
0700.png,80,48,Smoke,414,514,494,562
0459.png,55,84,Smoke,450,460,505,544
0956.png,111,233,Smoke,1027,317,1138,550
0259.png,95,176,Smoke,819,372,914,548
1082.png,76,250,Smoke,1614,388,1690,638
1783.png,141,67,Smoke,1761,371,1902,438
0340.png,29,218,Smoke,1163,358,1192,576
0070.png,32,158,Smoke,962,388,994,546
0651.png,55,80,Smoke,546,424,601,504
0316.png,95,139,Smoke,821,409,916,548
0551.png,99,59,Smoke,1692,575,1791,634
1669.png,50,128,Smoke,1431,412,1481,540
