filename,width,height,class,xmin,ymin,xmax,ymax
0604.png,111,221,Smoke,1019,320,1130,541
0375.png,76,95,Smoke,666,434,742,529
0463.png,50,116,Smoke,1431,428,1481,544
1024.png,124,174,Smoke,1253,377,1377,551
0309.png,146,113,Smoke,1774,445,1920,558
0597.png,57,57,Smoke,1773,313,1830,370
0311.png,23,113,Smoke,1214,464,1237,577
0565.png,50,128,Smoke,1435,422,1485,550
0393.png,76,92,Smoke,1768,310,1844,402
0512.png,97,120,Smoke,647,423,744,543
1293.png,101,107,Smoke,635,446,736,553
0256.png,55,84,Smoke,450,460,505,544
1585.png,23,151,Smoke,1211,423,1234,574
0827.png,124,174,Smoke,1251,379,1375,553
1179.png,80,48,Smoke,414,514,494,562
0593.png,99,59,Smoke,1692,576,1791,635
1196.png,23,113,Smoke,1213,469,1236,582
1354.png,179,109,Smoke,1741,459,1920,568
0070.png,34,116,Smoke,1433,432,1467,548
0933.png,101,160,Smoke,813,383,914,543
0810.png,124,174,Smoke,1251,379,1375,553
0600.png,50,128,Smoke,1434,423,1484,551
1697.png,141,67,Smoke,1761,372,1902,439
0683.png,124,174,Smoke,1251,378,1375,552
1221.png,179,109,Smoke,1741,458,1920,567
0319.png,55,84,Smoke,449,460,504,544
1402.png,32,170,Smoke,962,375,994,545
0851.png,23,113,Smoke,1214,470,1237,583
0006.png,151,97,Smoke,1740,460,1891,557
1284.png,80,48,Smoke,414,514,494,562
0152.png,145,116,Smoke,1226,427,1371,543
0997.png,57,57,Smoke,1773,313,1830,370
0427.png,107,221,Smoke,1021,318,1128,539
0160.png,55,143,Smoke,445,385,500,528
0252.png,65,197,Smoke,1617,423,1682,620
0010.png,76,92,Smoke,1734,309,1810,401
0369.png,76,95,Smoke,666,430,742,525
0868.png,76,118,Smoke,1770,317,1846,435
1145.png,55,80,Smoke,546,424,601,504
0161.png,50,116,Smoke,1433,430,1483,546
1131.png,179,109,Smoke,1741,457,1920,566
0533.png,65,218,Smoke,1618,399,1683,617
0343.png,23,113,Smoke,1214,464,1237,577
0381.png,55,80,Smoke,546,422,601,502
0409.png,55,80,Smoke,546,421,601,501
0559.png,76,118,Smoke,1770,307,1846,425
1404.png,23,151,Smoke,1212,424,1235,575
1311.png,50,128,Smoke,1431,419,1481,547
1413.png,141,67,Smoke,1759,374,1900,441
1393.png,181,109,Smoke,1739,457,1920,566
0023.png,48,34,Smoke,559,483,607,517
1566.png,113,57,Smoke,625,497,738,554
0467.png,50,116,Smoke,1431,428,1481,544
0894.png,124,174,Smoke,1252,379,1376,553
0920.png,57,57,Smoke,1773,313,1830,370
1265.png,80,48,Smoke,414,514,494,562
1104.png,101,107,Smoke,635,446,736,553
1118.png,101,107,Smoke,635,446,736,553
1097.png,55,80,Smoke,546,424,601,504
1393.png,101,107,Smoke,635,446,736,553
1628.png,80,48,Smoke,414,514,494,562
1192.png,179,109,Smoke,1741,459,1920,568
0294.png,107,221,Smoke,1021,323,1128,544
0387.png,95,139,Smoke,821,409,916,548
0729.png,29,218,Smoke,1163,357,1192,575
1069.png,99,59,Smoke,1687,575,1786,634
1212.png,50,128,Smoke,1431,421,1481,549
0478.png,29,218,Smoke,1163,356,1192,574
1398.png,80,48,Smoke,414,514,494,562
0389.png,143,113,Smoke,1777,442,1920,555
1374.png,124,174,Smoke,1256,377,1380,551
0838.png,55,80,Smoke,546,424,601,504
1373.png,92,57,Smoke,1754,305,1846,362
0345.png,55,84,Smoke,450,460,505,544
0344.png,32,158,Smoke,962,387,994,545
0896.png,32,158,Smoke,963,382,995,540
0113.png,29,218,Smoke,1164,352,1193,570
1357.png,23,151,Smoke,1212,423,1235,574
1600.png,80,48,Smoke,414,514,494,562
1301.png,50,128,Smoke,1431,418,1481,546
1613.png,132,155,Smoke,1246,396,1378,551
0860.png,174,109,Smoke,1746,452,1920,561
0560.png,65,218,Smoke,1618,397,1683,615
1420.png,23,151,Smoke,1212,422,1235,573
0113.png,32,158,Smoke,962,387,994,545
0756.png,76,250,Smoke,1610,392,1686,642
1664.png,141,67,Smoke,1760,373,1901,440
1755.png,141,67,Smoke,1760,371,1901,438
1615.png,155,48,Smoke,1722,580,1877,628
1107.png,80,48,Smoke,414,514,494,562
0238.png,55,84,Smoke,450,460,505,544
1211.png,29,218,Smoke,1164,333,1193,551
0508.png,95,155,Smoke,823,394,918,549
1525.png,23,151,Smoke,1212,423,1235,574
0050.png,150,97,Smoke,1770,457,1920,554
0197.png,55,97,Smoke,450,445,505,542
0355.png,57,57,Smoke,1773,313,1830,370
1510.png,132,155,Smoke,1247,398,1379,553
0782.png,170,67,Smoke,569,489,739,556
1344.png,57,57,Smoke,1773,313,1830,370
1076.png,99,59,Smoke,1688,575,1787,634
1777.png,23,151,Smoke,1215,416,1238,567
1331.png,23,151,Smoke,1212,427,1235,578
1200.png,179,109,Smoke,1741,458,1920,567
0763.png,111,221,Smoke,1019,321,1130,542
1671.png,155,48,Smoke,1722,579,1877,627
1710.png,132,155,Smoke,1246,397,1378,552
0787.png,55,80,Smoke,546,424,601,504
1021.png,23,113,Smoke,1214,468,1237,581
0241.png,55,84,Smoke,450,460,505,544
1556.png,50,128,Smoke,1431,411,1481,539
1416.png,80,48,Smoke,414,514,494,562
0836.png,99,59,Smoke,1690,577,1789,636
1168.png,23,113,Smoke,1213,471,1236,584
0613.png,50,128,Smoke,1434,423,1484,551
1259.png,76,250,Smoke,1613,387,1689,637
0889.png,57,57,Smoke,1773,313,1830,370
0231.png,141,147,Smoke,1231,408,1372,555
0716.png,50,128,Smoke,1433,424,1483,552
1585.png,141,67,Smoke,1758,377,1899,444
1159.png,55,80,Smoke,546,424,601,504
0310.png,55,46,Smoke,552,484,607,530
1720.png,141,67,Smoke,1758,372,1899,439
1361.png,130,227,Smoke,1022,324,1152,551
0509.png,50,116,Smoke,1431,428,1481,544
0979.png,124,174,Smoke,1253,379,1377,553
0822.png,55,80,Smoke,546,424,601,504
0423.png,23,113,Smoke,1214,464,1237,577
0042.png,32,158,Smoke,948,388,980,546
0031.png,145,116,Smoke,1201,428,1346,544
0287.png,76,92,Smoke,1768,310,1844,402
1660.png,113,57,Smoke,629,495,742,552
0864.png,111,233,Smoke,1021,318,1132,551
0979.png,80,48,Smoke,414,514,494,562
1407.png,80,48,Smoke,414,514,494,562
1256.png,179,109,Smoke,1741,458,1920,567
1438.png,130,227,Smoke,1023,321,1153,548
0745.png,50,128,Smoke,1432,424,1482,552
1471.png,170,57,Smoke,563,504,733,561
0681.png,124,174,Smoke,1251,378,1375,552
0443.png,76,118,Smoke,1771,311,1847,429
1058.png,29,218,Smoke,1163,353,1192,571
1200.png,124,174,Smoke,1254,377,1378,551
1163.png,80,48,Smoke,414,514,494,562
0985.png,50,128,Smoke,1431,424,1481,552
0310.png,76,92,Smoke,1768,310,1844,402
1717.png,80,48,Smoke,414,514,494,562
1241.png,84,67,Smoke,1760,376,1844,443
0470.png,57,57,Smoke,1773,313,1830,370
0374.png,124,174,Smoke,1250,378,1374,552
0005.png,74,99,Smoke,628,447,702,546
1310.png,101,107,Smoke,635,446,736,553
1109.png,50,128,Smoke,1431,422,1481,550
0512.png,65,197,Smoke,1617,422,1682,619
1481.png,141,67,Smoke,1758,373,1899,440
1008.png,50,128,Smoke,1431,423,1481,551
1463.png,57,57,Smoke,1758,304,1815,361
1387.png,80,48,Smoke,414,514,494,562
1277.png,57,57,Smoke,1773,313,1830,370
0942.png,124,174,Smoke,1253,379,1377,553
0714.png,76,250,Smoke,1611,396,1687,646
0911.png,32,158,Smoke,963,380,995,538
0554.png,95,155,Smoke,824,394,919,549
0431.png,55,80,Smoke,546,422,601,502
1244.png,101,107,Smoke,635,446,736,553
1100.png,55,80,Smoke,546,424,601,504
1719.png,23,151,Smoke,1211,418,1234,569
1311.png,32,170,Smoke,962,378,994,548
1452.png,132,155,Smoke,1247,396,1379,551
1187.png,99,59,Smoke,1688,572,1787,631
0916.png,76,118,Smoke,1770,316,1846,434
0005.png,23,113,Smoke,1214,464,1237,577
0976.png,111,233,Smoke,1026,315,1137,548
0337.png,55,46,Smoke,552,484,607,530
1250.png,97,82,Smoke,815,460,912,542
0087.png,48,34,Smoke,559,483,607,517
0806.png,174,109,Smoke,1746,450,1920,559
1288.png,99,59,Smoke,1689,575,1788,634
0898.png,76,118,Smoke,1770,317,1846,435
1530.png,55,80,Smoke,546,424,601,504
0903.png,143,71,Smoke,596,483,739,554
0722.png,55,80,Smoke,546,424,601,504
1054.png,80,48,Smoke,414,514,494,562
0022.png,107,195,Smoke,991,357,1098,552
1563.png,130,227,Smoke,1025,312,1155,539
0999.png,80,48,Smoke,414,514,494,562
0628.png,50,128,Smoke,1435,423,1485,551
0798.png,32,158,Smoke,963,389,995,547
1125.png,124,174,Smoke,1254,377,1378,551
0600.png,76,118,Smoke,1770,308,1846,426
1329.png,76,250,Smoke,1617,383,1693,633
0565.png,97,120,Smoke,647,426,744,546
1455.png,103,55,Smoke,816,497,919,552
1711.png,55,80,Smoke,546,424,601,504
0032.png,57,57,Smoke,1773,313,1830,370
0540.png,160,109,Smoke,1760,449,1920,558
1614.png,141,67,Smoke,1759,378,1900,445
1584.png,23,151,Smoke,1212,424,1235,575
1367.png,128,59,Smoke,1691,578,1819,637
1797.png,32,170,Smoke,966,388,998,558
0836.png,76,118,Smoke,1771,302,1847,420
1223.png,179,109,Smoke,1741,458,1920,567
0477.png,142,109,Smoke,1778,446,1920,555
0331.png,76,95,Smoke,665,434,741,529
0311.png,95,139,Smoke,821,410,916,549
0191.png,107,195,Smoke,1021,350,1128,545
0604.png,99,59,Smoke,1692,576,1791,635
0735.png,174,109,Smoke,1746,449,1920,558
1509.png,32,170,Smoke,962,375,994,545
1765.png,181,109,Smoke,1739,457,1920,566
1671.png,55,80,Smoke,546,424,601,504
0572.png,29,218,Smoke,1163,355,1192,573
1400.png,155,48,Smoke,1718,577,1873,625
1566.png,23,151,Smoke,1212,422,1235,573
0879.png,29,218,Smoke,1163,355,1192,573
0174.png,57,48,Smoke,1704,577,1761,625
0356.png,32,158,Smoke,962,387,994,545
0559.png,50,128,Smoke,1434,423,1484,551
0407.png,65,197,Smoke,1617,422,1682,619
1385.png,141,67,Smoke,1759,374,1900,441
0232.png,32,158,Smoke,962,387,994,545
0886.png,55,80,Smoke,546,424,601,504
0309.png,76,92,Smoke,1768,310,1844,402
1432.png,101,107,Smoke,635,446,736,553
0917.png,76,118,Smoke,1770,316,1846,434
1025.png,124,174,Smoke,1253,377,1377,551
0241.png,55,46,Smoke,552,484,607,530
0280.png,50,116,Smoke,1431,428,1481,544
0449.png,23,113,Smoke,1214,464,1237,577
0546.png,80,48,Smoke,415,513,495,561
0915.png,80,48,Smoke,414,514,494,562
1506.png,141,67,Smoke,1757,376,1898,443
0903.png,76,250,Smoke,1614,390,1690,640
1450.png,180,109,Smoke,1740,456,1920,565
1774.png,23,151,Smoke,1214,416,1237,567
1544.png,180,109,Smoke,1740,457,1920,566
1605.png,141,67,Smoke,1759,377,1900,444
0869.png,111,233,Smoke,1020,318,1131,551
1661.png,80,48,Smoke,414,514,494,562
0986.png,76,250,Smoke,1615,390,1691,640
0242.png,141,86,Smoke,1779,456,1920,542
0073.png,23,113,Smoke,1214,464,1237,577
0456.png,76,118,Smoke,1771,310,1847,428
0542.png,50,128,Smoke,1435,421,1485,549
0754.png,29,218,Smoke,1163,355,1192,573
1170.png,57,57,Smoke,1773,313,1830,370
0779.png,170,67,Smoke,569,489,739,556
0975.png,179,109,Smoke,1741,456,1920,565
1376.png,180,109,Smoke,1740,459,1920,568
1283.png,124,174,Smoke,1255,377,1379,551
0666.png,111,221,Smoke,1020,323,1131,544
0886.png,57,57,Smoke,1773,313,1830,370
1775.png,122,78,Smoke,814,476,936,554
0758.png,50,128,Smoke,1432,425,1482,553
1454.png,50,128,Smoke,1431,412,1481,540
1653.png,155,48,Smoke,1722,579,1877,627
0760.png,124,174,Smoke,1251,379,1375,553
1506.png,130,227,Smoke,1024,319,1154,546
0449.png,124,174,Smoke,1250,378,1374,552
0190.png,29,218,Smoke,1162,349,1191,567
0773.png,111,233,Smoke,1019,321,1130,554
0393.png,65,197,Smoke,1616,422,1681,619
0427.png,86,107,Smoke,656,431,742,538
0286.png,55,84,Smoke,450,460,505,544
1234.png,179,109,Smoke,1741,458,1920,567
0076.png,55,143,Smoke,446,387,501,530
0130.png,57,48,Smoke,1705,577,1762,625
0254.png,23,113,Smoke,1214,464,1237,577
0814.png,32,158,Smoke,963,386,995,544
1783.png,80,48,Smoke,414,514,494,562
0101.png,65,197,Smoke,1618,422,1683,619
1117.png,80,48,Smoke,414,514,494,562
1684.png,32,170,Smoke,966,380,998,550
1313.png,130,227,Smoke,1019,325,1149,552
1484.png,130,227,Smoke,1024,319,1154,546
0880.png,80,48,Smoke,414,514,494,562
0926.png,174,109,Smoke,1746,452,1920,561
0636.png,97,120,Smoke,647,432,744,552
1258.png,29,218,Smoke,1164,335,1193,553
0813.png,32,158,Smoke,963,386,995,544
0455.png,55,84,Smoke,450,460,505,544
0748.png,124,174,Smoke,1251,379,1375,553
1134.png,55,80,Smoke,546,424,601,504
0091.png,29,218,Smoke,1164,355,1193,573
0031.png,29,170,Smoke,1143,379,1172,549
1153.png,179,109,Smoke,1741,458,1920,567
0731.png,29,218,Smoke,1163,355,1192,573
1643.png,113,57,Smoke,629,495,742,552
1372.png,29,218,Smoke,1164,337,1193,555
0872.png,57,57,Smoke,1773,313,1830,370
1189.png,124,174,Smoke,1254,377,1378,551
1255.png,84,67,Smoke,1760,375,1844,442
1184.png,99,59,Smoke,1688,573,1787,632
0697.png,23,113,Smoke,1213,467,1236,580
0986.png,99,59,Smoke,1689,577,1788,636
0817.png,29,218,Smoke,1163,355,1192,573
0098.png,76,92,Smoke,1768,309,1844,401
0912.png,174,109,Smoke,1746,451,1920,560
0255.png,23,113,Smoke,1214,464,1237,577
0537.png,97,120,Smoke,647,425,744,545
0128.png,57,48,Smoke,1705,577,1762,625
1026.png,76,250,Smoke,1615,390,1691,640
0876.png,174,109,Smoke,1746,451,1920,560
1539.png,23,151,Smoke,1212,423,1235,574
1550.png,155,48,Smoke,1721,582,1876,630
0180.png,57,57,Smoke,1773,313,1830,370
0115.png,55,143,Smoke,446,385,501,528
0776.png,109,179,Smoke,813,366,922,545
1761.png,76,258,Smoke,1624,383,1700,641
0969.png,179,109,Smoke,1741,457,1920,566
0898.png,76,250,Smoke,1613,391,1689,641
0328.png,144,113,Smoke,1776,444,1920,557
0781.png,174,109,Smoke,1746,449,1920,558
0009.png,107,195,Smoke,992,355,1099,550
0735.png,160,57,Smoke,580,501,740,558
0751.png,99,59,Smoke,1692,575,1791,634
1472.png,170,57,Smoke,563,502,733,559
0664.png,29,218,Smoke,1163,358,1192,576
0580.png,124,174,Smoke,1250,378,1374,552
0328.png,76,92,Smoke,1768,310,1844,402
0758.png,109,179,Smoke,813,368,922,547
0701.png,29,218,Smoke,1163,357,1192,575
1430.png,101,107,Smoke,635,446,736,553
1087.png,55,80,Smoke,546,424,601,504
0138.png,32,158,Smoke,962,387,994,545
0571.png,109,155,Smoke,809,395,918,550
1100.png,124,174,Smoke,1253,377,1377,551
1213.png,179,109,Smoke,1741,458,1920,567
0048.png,32,158,Smoke,953,388,985,546
0780.png,55,80,Smoke,546,424,601,504
1302.png,32,170,Smoke,962,378,994,548
1790.png,122,78,Smoke,814,476,936,554
0063.png,23,113,Smoke,1214,464,1237,577
1320.png,124,174,Smoke,1255,377,1379,551
0970.png,23,113,Smoke,1214,468,1237,581
0196.png,32,158,Smoke,962,387,994,545
0968.png,99,59,Smoke,1688,577,1787,636
1441.png,50,128,Smoke,1431,412,1481,540
0878.png,107,179,Smoke,814,371,921,550
0382.png,144,113,Smoke,1776,444,1920,557
0579.png,50,128,Smoke,1435,423,1485,551
1539.png,29,218,Smoke,1164,343,1193,561
1299.png,32,170,Smoke,962,378,994,548
1737.png,99,55,Smoke,642,498,741,553
0670.png,57,57,Smoke,1773,313,1830,370
1340.png,32,170,Smoke,962,378,994,548
1554.png,180,109,Smoke,1740,457,1920,566
0030.png,76,92,Smoke,1740,311,1816,403
1735.png,128,246,Smoke,1025,318,1153,564
1400.png,80,48,Smoke,414,514,494,562
0182.png,57,48,Smoke,1704,577,1761,625
0487.png,23,113,Smoke,1214,464,1237,577
0760.png,57,57,Smoke,1773,313,1830,370
1278.png,179,109,Smoke,1741,458,1920,567
1716.png,23,151,Smoke,1211,418,1234,569
1049.png,74,74,Smoke,1769,361,1843,435
1741.png,23,151,Smoke,1212,417,1235,568
1654.png,23,151,Smoke,1210,423,1233,574
0157.png,55,143,Smoke,445,385,500,528
0092.png,57,57,Smoke,1773,313,1830,370
1716.png,122,78,Smoke,812,473,934,551
0793.png,76,118,Smoke,1772,302,1848,420
1755.png,99,55,Smoke,642,498,741,553
0186.png,141,147,Smoke,1231,408,1372,555
1704.png,128,246,Smoke,1022,313,1150,559
0862.png,107,179,Smoke,814,369,921,548
1179.png,50,128,Smoke,1431,420,1481,548
1172.png,101,107,Smoke,635,446,736,553
1230.png,99,59,Smoke,1687,574,1786,633
0145.png,147,97,Smoke,1773,451,1920,548
0199.png,23,113,Smoke,1214,464,1237,577
1407.png,55,80,Smoke,546,424,601,504
0217.png,74,99,Smoke,666,432,740,531
0804.png,32,158,Smoke,963,386,995,544
0094.png,107,195,Smoke,1022,357,1129,552
1155.png,29,218,Smoke,1164,331,1193,549
0144.png,145,116,Smoke,1226,427,1371,543
1268.png,97,82,Smoke,815,459,912,541
0928.png,55,80,Smoke,546,424,601,504
1183.png,57,57,Smoke,1773,313,1830,370
0612.png,23,113,Smoke,1214,465,1237,578
0300.png,50,116,Smoke,1431,428,1481,544
0343.png,144,113,Smoke,1776,443,1920,556
0296.png,29,218,Smoke,1163,356,1192,574
1326.png,124,174,Smoke,1256,377,1380,551
1511.png,103,55,Smoke,819,502,922,557
1126.png,55,80,Smoke,546,424,601,504
0240.png,69,86,Smoke,670,444,739,530
0877.png,99,59,Smoke,1687,578,1786,637
1241.png,29,218,Smoke,1164,331,1193,549
1308.png,130,227,Smoke,1020,324,1150,551
1152.png,55,80,Smoke,546,424,601,504
0753.png,160,57,Smoke,580,501,740,558
0510.png,97,120,Smoke,646,424,743,544
0823.png,99,59,Smoke,1689,577,1788,636
1587.png,132,155,Smoke,1246,396,1378,551
0276.png,149,86,Smoke,1771,452,1920,538
0412.png,76,105,Smoke,1769,311,1845,416
0124.png,145,116,Smoke,1226,427,1371,543
0842.png,111,233,Smoke,1019,320,1130,553
1245.png,124,174,Smoke,1255,375,1379,549
0885.png,55,80,Smoke,546,424,601,504
1247.png,84,67,Smoke,1760,376,1844,443
0386.png,29,218,Smoke,1163,357,1192,575
1566.png,50,128,Smoke,1431,412,1481,540
0440.png,55,80,Smoke,546,422,601,502
0084.png,74,99,Smoke,663,443,737,542
1447.png,181,109,Smoke,1739,456,1920,565
0300.png,23,113,Smoke,1214,464,1237,577
0115.png,32,158,Smoke,962,387,994,545
1560.png,57,57,Smoke,1761,304,1818,361
0117.png,32,158,Smoke,962,387,994,545
0284.png,57,57,Smoke,1773,313,1830,370
1269.png,57,57,Smoke,1773,313,1830,370
0698.png,149,57,Smoke,591,500,740,557
1690.png,23,151,Smoke,1210,421,1233,572
1325.png,76,250,Smoke,1616,382,1692,632
0263.png,107,221,Smoke,1022,323,1129,544
1067.png,29,218,Smoke,1163,344,1192,562
1535.png,155,48,Smoke,1721,581,1876,629
1159.png,101,107,Smoke,635,446,736,553
0958.png,32,158,Smoke,962,381,994,539
0098.png,50,116,Smoke,1433,432,1483,548
0062.png,76,92,Smoke,1770,309,1846,401
1389.png,130,227,Smoke,1022,325,1152,552
0155.png,55,143,Smoke,445,385,500,528
1493.png,141,67,Smoke,1757,373,1898,440
0725.png,23,113,Smoke,1213,467,1236,580
0888.png,55,80,Smoke,546,424,601,504
0452.png,57,57,Smoke,1773,313,1830,370
1072.png,80,48,Smoke,414,514,494,562
1477.png,57,57,Smoke,1759,304,1816,361
1590.png,113,57,Smoke,628,497,741,554
1347.png,29,218,Smoke,1164,333,1193,551
0743.png,29,218,Smoke,1163,355,1192,573
0571.png,29,218,Smoke,1163,355,1192,573
1341.png,101,107,Smoke,635,446,736,553
0165.png,32,158,Smoke,962,387,994,545
1210.png,80,48,Smoke,414,514,494,562
1600.png,23,151,Smoke,1211,421,1234,572
1144.png,50,128,Smoke,1431,421,1481,549
1617.png,29,218,Smoke,1162,333,1191,551
0289.png,69,86,Smoke,670,439,739,525
1339.png,50,128,Smoke,1431,418,1481,546
0616.png,99,59,Smoke,1692,576,1791,635
1410.png,50,128,Smoke,1432,415,1482,543
0544.png,80,48,Smoke,415,513,495,561
1284.png,124,174,Smoke,1255,377,1379,551
0344.png,55,46,Smoke,552,484,607,530
0327.png,23,113,Smoke,1214,464,1237,577
0511.png,55,80,Smoke,546,424,601,504
1650.png,141,67,Smoke,1759,373,1900,440
0391.png,55,84,Smoke,450,460,505,544
0648.png,29,218,Smoke,1163,357,1192,575
1219.png,97,151,Smoke,816,393,913,544
1047.png,55,80,Smoke,546,424,601,504
0829.png,76,250,Smoke,1614,394,1690,644
1732.png,128,246,Smoke,1025,317,1153,563
0238.png,141,147,Smoke,1231,408,1372,555
0178.png,76,92,Smoke,1768,309,1844,401
0127.png,74,99,Smoke,666,437,740,536
0551.png,50,128,Smoke,1435,421,1485,549
1133.png,57,57,Smoke,1773,313,1830,370
1105.png,55,80,Smoke,546,424,601,504
0930.png,99,59,Smoke,1687,577,1786,636
0155.png,65,197,Smoke,1617,422,1682,619
1074.png,76,250,Smoke,1615,389,1691,639
0982.png,57,57,Smoke,1773,313,1830,370
0839.png,174,109,Smoke,1746,450,1920,559
0387.png,23,113,Smoke,1214,464,1237,577
1127.png,55,80,Smoke,546,424,601,504
1741.png,141,67,Smoke,1759,371,1900,438
0695.png,99,59,Smoke,1692,576,1791,635
1457.png,23,151,Smoke,1212,423,1235,574
1392.png,50,128,Smoke,1431,415,1481,543
0924.png,174,109,Smoke,1746,452,1920,561
1409.png,90,67,Smoke,815,489,905,556
0437.png,55,84,Smoke,450,460,505,544
1565.png,155,48,Smoke,1722,583,1877,631
1247.png,50,128,Smoke,1431,419,1481,547
0618.png,124,174,Smoke,1251,377,1375,551
1462.png,180,109,Smoke,1740,457,1920,566
0654.png,55,80,Smoke,546,424,601,504
1702.png,155,48,Smoke,1722,579,1877,627
1015.png,80,48,Smoke,414,514,494,562
0293.png,23,113,Smoke,1214,464,1237,577
1207.png,76,250,Smoke,1613,390,1689,640
0180.png,29,218,Smoke,1163,348,1192,566
0824.png,23,113,Smoke,1214,470,1237,583
1124.png,50,128,Smoke,1431,421,1481,549
1496.png,32,170,Smoke,962,373,994,543
0457.png,124,174,Smoke,1250,378,1374,552
0937.png,23,113,Smoke,1214,467,1237,580
0323.png,76,92,Smoke,1768,310,1844,402
1750.png,132,155,Smoke,1246,397,1378,552
0466.png,86,107,Smoke,657,427,743,534
0850.png,170,90,Smoke,567,466,737,556
1401.png,181,109,Smoke,1739,457,1920,566
0976.png,23,113,Smoke,1214,468,1237,581
0267.png,32,158,Smoke,962,387,994,545
0778.png,57,57,Smoke,1773,313,1830,370
1397.png,76,227,Smoke,1616,382,1692,609
1099.png,179,109,Smoke,1741,458,1920,567
1552.png,170,57,Smoke,568,497,738,554
1117.png,99,59,Smoke,1689,574,1788,633
1164.png,84,67,Smoke,1761,378,1845,445
0133.png,32,158,Smoke,962,387,994,545
1587.png,113,57,Smoke,628,498,741,555
0608.png,124,174,Smoke,1251,377,1375,551
1666.png,113,57,Smoke,630,495,743,552
1078.png,57,57,Smoke,1773,313,1830,370
1081.png,99,59,Smoke,1688,575,1787,634
1673.png,32,170,Smoke,966,380,998,550
0264.png,95,176,Smoke,819,373,914,549
0534.png,29,218,Smoke,1163,355,1192,573
0004.png,50,147,Smoke,418,397,468,544
0915.png,143,95,Smoke,597,460,740,555
1082.png,23,113,Smoke,1214,469,1237,582
1729.png,155,48,Smoke,1722,579,1877,627
0966.png,179,109,Smoke,1741,457,1920,566
0216.png,74,99,Smoke,666,430,740,529
1106.png,57,57,Smoke,1773,313,1830,370
1357.png,80,48,Smoke,414,514,494,562
1324.png,124,174,Smoke,1256,377,1380,551
1776.png,128,246,Smoke,1025,317,1153,563
0501.png,80,48,Smoke,416,516,496,564
0769.png,23,113,Smoke,1214,468,1237,581
1470.png,76,227,Smoke,1620,383,1696,610
0741.png,55,80,Smoke,546,424,601,504
0171.png,65,197,Smoke,1617,420,1682,617
0212.png,95,176,Smoke,819,377,914,553
1722.png,55,80,Smoke,546,424,601,504
1438.png,50,128,Smoke,1431,414,1481,542
0738.png,80,48,Smoke,414,514,494,562
1414.png,101,107,Smoke,635,446,736,553
1363.png,130,227,Smoke,1022,324,1152,551
0190.png,57,48,Smoke,1704,577,1761,625
0977.png,80,48,Smoke,414,514,494,562
1669.png,76,227,Smoke,1624,382,1700,609
1311.png,80,48,Smoke,414,514,494,562
0325.png,76,92,Smoke,1768,310,1844,402
0868.png,32,158,Smoke,963,386,995,544
0307.png,107,221,Smoke,1021,322,1128,543
0441.png,23,113,Smoke,1214,464,1237,577
0643.png,124,174,Smoke,1251,378,1375,552
0907.png,174,109,Smoke,1746,452,1920,561
0781.png,109,179,Smoke,813,367,922,546
0761.png,160,57,Smoke,580,501,740,558
0889.png,107,179,Smoke,814,369,921,548
0305.png,65,197,Smoke,1617,422,1682,619
1675.png,50,128,Smoke,1431,412,1481,540
1316.png,57,57,Smoke,1773,313,1830,370
1048.png,23,113,Smoke,1214,466,1237,579
1536.png,29,218,Smoke,1163,344,1192,562
1258.png,57,57,Smoke,1773,313,1830,370
0480.png,142,109,Smoke,1778,446,1920,555
0793.png,124,174,Smoke,1251,379,1375,553
1099.png,76,250,Smoke,1615,391,1691,641
0547.png,55,80,Smoke,546,424,601,504
1500.png,130,227,Smoke,1024,317,1154,544
0788.png,109,179,Smoke,813,367,922,546
1561.png,111,76,Smoke,814,477,925,553
1735.png,181,109,Smoke,1739,456,1920,565
1166.png,101,107,Smoke,635,446,736,553
0483.png,95,155,Smoke,822,395,917,550
1019.png,76,118,Smoke,1769,317,1845,435
0873.png,143,71,Smoke,594,483,737,554
0428.png,57,57,Smoke,1773,313,1830,370
1231.png,84,67,Smoke,1760,376,1844,443
0861.png,80,48,Smoke,414,514,494,562
1728.png,122,78,Smoke,812,472,934,550
0635.png,80,48,Smoke,415,515,495,563
0046.png,95,176,Smoke,809,380,904,556
1036.png,76,118,Smoke,1769,317,1845,435
1107.png,50,128,Smoke,1431,422,1481,550
0548.png,124,174,Smoke,1250,378,1374,552
0082.png,32,158,Smoke,962,386,994,544
0683.png,32,158,Smoke,963,390,995,548
1298.png,84,67,Smoke,1760,375,1844,442
0101.png,145,116,Smoke,1226,427,1371,543
0982.png,99,59,Smoke,1689,577,1788,636
0615.png,76,118,Smoke,1771,308,1847,426
0403.png,55,84,Smoke,450,460,505,544
1418.png,50,128,Smoke,1431,414,1481,542
1642.png,180,109,Smoke,1740,456,1920,565
0428.png,23,113,Smoke,1214,464,1237,577
0648.png,97,120,Smoke,647,432,744,552
0968.png,76,118,Smoke,1769,316,1845,434
0121.png,95,176,Smoke,818,375,913,551
0971.png,29,218,Smoke,1163,353,1192,571
1057.png,76,250,Smoke,1615,389,1691,639
0930.png,50,128,Smoke,1431,424,1481,552
0921.png,57,57,Smoke,1773,313,1830,370
1248.png,76,250,Smoke,1614,389,1690,639
0991.png,50,128,Smoke,1431,424,1481,552
0789.png,55,80,Smoke,546,424,601,504
0935.png,176,109,Smoke,1744,452,1920,561
1664.png,76,227,Smoke,1623,382,1699,609
0586.png,32,158,Smoke,962,389,994,547
1638.png,23,151,Smoke,1210,422,1233,573
0573.png,124,174,Smoke,1250,377,1374,551
1439.png,101,107,Smoke,635,446,736,553
1321.png,55,80,Smoke,546,424,601,504
0610.png,23,113,Smoke,1214,465,1237,578
0063.png,74,99,Smoke,662,445,736,544
0296.png,65,197,Smoke,1617,422,1682,619
0763.png,124,174,Smoke,1251,379,1375,553
0444.png,29,218,Smoke,1163,357,1192,575
1278.png,57,57,Smoke,1773,313,1830,370
0398.png,55,84,Smoke,450,460,505,544
1359.png,29,218,Smoke,1164,337,1193,555
0323.png,107,221,Smoke,1021,320,1128,541
0916.png,99,59,Smoke,1687,576,1786,635
0963.png,76,250,Smoke,1615,390,1691,640
1440.png,50,128,Smoke,1431,413,1481,541
1631.png,32,170,Smoke,964,374,996,544
1342.png,179,109,Smoke,1741,459,1920,568
0320.png,65,197,Smoke,1617,421,1682,618
0157.png,48,34,Smoke,559,483,607,517
0027.png,48,34,Smoke,559,483,607,517
1281.png,23,113,Smoke,1212,466,1235,579
1565.png,132,155,Smoke,1246,397,1378,552
0809.png,124,174,Smoke,1251,379,1375,553
0996.png,99,59,Smoke,1690,577,1789,636
1326.png,57,57,Smoke,1773,313,1830,370
0735.png,80,48,Smoke,414,514,494,562
1412.png,101,107,Smoke,635,446,736,553
0058.png,74,99,Smoke,660,444,734,543
1133.png,76,250,Smoke,1614,390,1690,640
0851.png,57,57,Smoke,1773,313,1830,370
1576.png,111,76,Smoke,814,477,925,553
0565.png,65,218,Smoke,1618,397,1683,615
0284.png,148,86,Smoke,1772,449,1920,535
1332.png,179,109,Smoke,1741,458,1920,567
0784.png,109,179,Smoke,814,367,923,546
0516.png,80,48,Smoke,415,514,495,562
0907.png,57,57,Smoke,1773,313,1830,370
0198.png,23,113,Smoke,1214,464,1237,577
1321.png,55,80,Smoke,546,424,601,504
0105.png,50,116,Smoke,1433,433,1483,549
0696.png,99,59,Smoke,1692,576,1791,635
1028.png,76,118,Smoke,1769,317,1845,435
0097.png,23,113,Smoke,1214,464,1237,577
1209.png,101,107,Smoke,635,446,736,553
0282.png,23,113,Smoke,1214,464,1237,577
1003.png,32,158,Smoke,962,381,994,539
1629.png,76,227,Smoke,1623,384,1699,611
0289.png,124,174,Smoke,1250,379,1374,553
0363.png,50,116,Smoke,1431,426,1481,542
1515.png,103,55,Smoke,820,502,923,557
0837.png,55,80,Smoke,546,424,601,504
0781.png,99,59,Smoke,1692,576,1791,635
1148.png,50,128,Smoke,1431,421,1481,549
0622.png,29,218,Smoke,1163,359,1192,577
1102.png,29,218,Smoke,1164,337,1193,555
1716.png,180,109,Smoke,1740,456,1920,565
0380.png,55,84,Smoke,450,460,505,544
1457.png,181,109,Smoke,1739,456,1920,565
1180.png,99,59,Smoke,1688,573,1787,632
0437.png,50,116,Smoke,1431,428,1481,544
1098.png,179,109,Smoke,1741,458,1920,567
0673.png,57,57,Smoke,1773,313,1830,370
0525.png,69,59,Smoke,1688,578,1757,637
1680.png,128,246,Smoke,1020,313,1148,559
1298.png,57,57,Smoke,1773,313,1830,370
0621.png,55,80,Smoke,546,424,601,504
1237.png,50,128,Smoke,1431,419,1481,547
0457.png,95,139,Smoke,822,399,917,538
0804.png,23,113,Smoke,1214,467,1237,580
0764.png,76,250,Smoke,1613,394,1689,644
0390.png,55,80,Smoke,546,421,601,501
0774.png,55,80,Smoke,546,424,601,504
0063.png,34,116,Smoke,1432,433,1466,549
0441.png,55,80,Smoke,546,424,601,504
1520.png,80,48,Smoke,414,514,494,562
1230.png,84,67,Smoke,1760,376,1844,443
0692.png,32,158,Smoke,963,390,995,548
0264.png,57,57,Smoke,1773,313,1830,370
0066.png,74,99,Smoke,663,445,737,544
0807.png,99,59,Smoke,1690,576,1789,635
0964.png,29,218,Smoke,1163,353,1192,571
1668.png,80,57,Smoke,1760,301,1840,358
0253.png,55,84,Smoke,450,460,505,544
0571.png,97,120,Smoke,647,426,744,546
1440.png,23,151,Smoke,1212,422,1235,573
0721.png,109,179,Smoke,813,368,922,547
1706.png,80,48,Smoke,414,514,494,562
0454.png,65,197,Smoke,1617,423,1682,620
1504.png,170,57,Smoke,568,499,738,556
0802.png,55,80,Smoke,546,424,601,504
0883.png,57,57,Smoke,1773,313,1830,370
0816.png,50,128,Smoke,1431,426,1481,554
1206.png,84,67,Smoke,1761,377,1845,444
0278.png,50,116,Smoke,1431,428,1481,544
0351.png,76,92,Smoke,1768,310,1844,402
0357.png,69,59,Smoke,1690,580,1759,639
1354.png,76,227,Smoke,1615,382,1691,609
0997.png,179,109,Smoke,1741,456,1920,565
0736.png,111,221,Smoke,1019,321,1130,542
1365.png,101,107,Smoke,635,446,736,553
1642.png,132,155,Smoke,1246,397,1378,552
0940.png,80,48,Smoke,414,514,494,562
0297.png,29,218,Smoke,1163,356,1192,574
0731.png,76,118,Smoke,1771,303,1847,421
1012.png,55,80,Smoke,546,424,601,504
1652.png,32,170,Smoke,963,378,995,548
1258.png,97,82,Smoke,815,459,912,541
1458.png,29,218,Smoke,1164,333,1193,551
1533.png,29,218,Smoke,1164,345,1193,563
0137.png,65,197,Smoke,1617,422,1682,619
1403.png,90,67,Smoke,815,489,905,556
0235.png,69,59,Smoke,1690,577,1759,636
0872.png,124,174,Smoke,1252,379,1376,553
0282.png,124,174,Smoke,1250,380,1374,554
0763.png,29,218,Smoke,1163,355,1192,573
1090.png,57,57,Smoke,1773,313,1830,370
0542.png,55,80,Smoke,546,424,601,504
0076.png,107,195,Smoke,1022,357,1129,552
0576.png,99,59,Smoke,1692,576,1791,635
0469.png,80,48,Smoke,423,506,503,554
0087.png,32,158,Smoke,961,387,993,545
1682.png,76,227,Smoke,1623,382,1699,609
0256.png,69,86,Smoke,669,444,738,530
1547.png,23,151,Smoke,1212,423,1235,574
1641.png,80,57,Smoke,1761,302,1841,359
1639.png,55,80,Smoke,546,424,601,504
1727.png,23,151,Smoke,1211,418,1234,569
1042.png,50,128,Smoke,1431,421,1481,549
0194.png,65,197,Smoke,1616,421,1681,618
0392.png,50,116,Smoke,1431,428,1481,544
0216.png,55,46,Smoke,552,484,607,530
1334.png,90,67,Smoke,816,490,906,557
1574.png,111,76,Smoke,814,477,925,553
0553.png,107,221,Smoke,1025,320,1132,541
1396.png,182,109,Smoke,1738,457,1920,566
0293.png,95,176,Smoke,821,374,916,550
0449.png,57,57,Smoke,1773,313,1830,370
0307.png,50,116,Smoke,1431,428,1481,544
1427.png,90,67,Smoke,816,488,906,555
0721.png,23,113,Smoke,1213,468,1236,581
0382.png,55,80,Smoke,546,422,601,502
0228.png,107,221,Smoke,1022,324,1129,545
1308.png,90,67,Smoke,815,491,905,558
1209.png,29,218,Smoke,1164,333,1193,551
0715.png,76,250,Smoke,1611,396,1687,646
0501.png,55,80,Smoke,546,424,601,504
1018.png,29,218,Smoke,1163,353,1192,571
1436.png,184,109,Smoke,1736,456,1920,565
1138.png,179,109,Smoke,1741,456,1920,565
1469.png,55,80,Smoke,546,424,601,504
0364.png,65,197,Smoke,1617,423,1682,620
1421.png,57,57,Smoke,1755,305,1812,362
0707.png,76,118,Smoke,1772,304,1848,422
0848.png,124,174,Smoke,1251,379,1375,553
0645.png,32,158,Smoke,963,389,995,547
1370.png,130,227,Smoke,1022,321,1152,548
0577.png,80,48,Smoke,415,515,495,563
1736.png,55,80,Smoke,546,424,601,504
1301.png,57,57,Smoke,1773,313,1830,370
0665.png,29,218,Smoke,1163,358,1192,576
1445.png,132,155,Smoke,1247,396,1379,551
1041.png,99,59,Smoke,1686,577,1785,636
1030.png,55,80,Smoke,546,424,601,504
1276.png,23,113,Smoke,1212,467,1235,580
1429.png,90,67,Smoke,816,488,906,555
1261.png,57,57,Smoke,1773,313,1830,370
1101.png,111,246,Smoke,1030,307,1141,553
0293.png,55,84,Smoke,450,460,505,544
1455.png,50,128,Smoke,1431,412,1481,540
0021.png,145,116,Smoke,1194,430,1339,546
1390.png,130,227,Smoke,1022,325,1152,552
0684.png,124,174,Smoke,1251,378,1375,552
1631.png,50,128,Smoke,1431,412,1481,540
0240.png,76,92,Smoke,1768,309,1844,401
1473.png,132,155,Smoke,1247,397,1379,552
1217.png,111,246,Smoke,1032,307,1143,553
1732.png,141,67,Smoke,1759,371,1900,438
1328.png,141,67,Smoke,1761,375,1902,442
0518.png,57,57,Smoke,1773,313,1830,370
0501.png,153,109,Smoke,1767,447,1920,556
0696.png,109,155,Smoke,810,394,919,549
0516.png,95,155,Smoke,823,394,918,549
1179.png,124,174,Smoke,1254,377,1378,551
0551.png,80,48,Smoke,415,514,495,562
1500.png,180,109,Smoke,1740,457,1920,566
0292.png,57,57,Smoke,1773,313,1830,370
0616.png,124,174,Smoke,1251,377,1375,551
1626.png,55,80,Smoke,546,424,601,504
0147.png,65,197,Smoke,1617,422,1682,619
1670.png,128,246,Smoke,1021,309,1149,555
0152.png,32,158,Smoke,962,387,994,545
1731.png,141,67,Smoke,1759,371,1900,438
0189.png,57,48,Smoke,1704,577,1761,625
0395.png,29,218,Smoke,1163,357,1192,575
0627.png,32,158,Smoke,963,389,995,547
0474.png,32,158,Smoke,962,387,994,545
1534.png,132,155,Smoke,1247,398,1379,553
0119.png,29,218,Smoke,1164,347,1193,565
0544.png,160,109,Smoke,1760,449,1920,558
1269.png,101,107,Smoke,635,446,736,553
0998.png,76,118,Smoke,1769,317,1845,435
0953.png,101,160,Smoke,813,385,914,545
0256.png,95,176,Smoke,819,372,914,548
1710.png,122,78,Smoke,812,473,934,551
0123.png,74,99,Smoke,667,437,741,536
0891.png,80,48,Smoke,414,514,494,562
0692.png,50,128,Smoke,1433,423,1483,551
0340.png,23,113,Smoke,1214,464,1237,577
1078.png,97,151,Smoke,814,392,911,543
1325.png,141,67,Smoke,1760,376,1901,443
1674.png,155,48,Smoke,1722,579,1877,627
0045.png,23,113,Smoke,1214,464,1237,577
1385.png,181,109,Smoke,1739,457,1920,566
1500.png,57,57,Smoke,1757,304,1814,361
1685.png,128,246,Smoke,1021,312,1149,558
1360.png,128,59,Smoke,1692,578,1820,637
0684.png,32,158,Smoke,963,390,995,548
0827.png,174,109,Smoke,1746,450,1920,559
1210.png,179,109,Smoke,1741,458,1920,567
0839.png,32,158,Smoke,963,386,995,544
0237.png,23,113,Smoke,1214,464,1237,577
0531.png,65,197,Smoke,1617,423,1682,620
1730.png,132,155,Smoke,1246,397,1378,552
0989.png,111,233,Smoke,1026,314,1137,547
1692.png,182,109,Smoke,1738,458,1920,567
1309.png,32,170,Smoke,962,378,994,548
1040.png,124,174,Smoke,1253,377,1377,551
1360.png,57,57,Smoke,1773,313,1830,370
0860.png,111,233,Smoke,1021,318,1132,551
1049.png,50,128,Smoke,1431,420,1481,548
0064.png,29,170,Smoke,1169,375,1198,545
0604.png,55,80,Smoke,546,424,601,504
0700.png,29,218,Smoke,1163,357,1192,575
1390.png,124,174,Smoke,1256,377,1380,551
0127.png,95,176,Smoke,818,376,913,552
1273.png,29,218,Smoke,1164,335,1193,553
0409.png,69,59,Smoke,1690,578,1759,637
1025.png,23,113,Smoke,1214,468,1237,581
0931.png,99,59,Smoke,1688,577,1787,636
0620.png,169,109,Smoke,1751,450,1920,559
1026.png,76,118,Smoke,1769,317,1845,435
1651.png,155,48,Smoke,1722,579,1877,627
0602.png,99,59,Smoke,1692,576,1791,635
0833.png,124,174,Smoke,1251,379,1375,553
0254.png,57,57,Smoke,1773,313,1830,370
0194.png,69,59,Smoke,1691,578,1760,637
1771.png,50,128,Smoke,1431,412,1481,540
1313.png,76,250,Smoke,1618,383,1694,633
0207.png,23,113,Smoke,1214,464,1237,577
1395.png,130,227,Smoke,1022,322,1152,549
0314.png,23,113,Smoke,1214,464,1237,577
1402.png,90,67,Smoke,815,489,905,556
1774.png,99,55,Smoke,642,499,741,554
1291.png,80,48,Smoke,414,514,494,562
0213.png,69,59,Smoke,1691,577,1760,636
0308.png,23,113,Smoke,1214,464,1237,577
1070.png,99,59,Smoke,1688,575,1787,634
1155.png,124,174,Smoke,1254,377,1378,551
0538.png,50,128,Smoke,1435,421,1485,549
1115.png,124,174,Smoke,1254,377,1378,551
0142.png,29,218,Smoke,1164,346,1193,564
1274.png,130,227,Smoke,1016,327,1146,554
0565.png,32,158,Smoke,962,389,994,547
0773.png,124,174,Smoke,1251,379,1375,553
1001.png,80,48,Smoke,414,514,494,562
0311.png,69,59,Smoke,1690,577,1759,636
1213.png,84,67,Smoke,1760,377,1844,444
0309.png,55,84,Smoke,450,460,505,544
0854.png,170,90,Smoke,567,466,737,556
1377.png,130,227,Smoke,1022,322,1152,549
1713.png,128,246,Smoke,1022,314,1150,560
0944.png,50,128,Smoke,1431,424,1481,552
0432.png,57,57,Smoke,1773,313,1830,370
0271.png,55,46,Smoke,552,484,607,530
0204.png,107,221,Smoke,1021,324,1128,545
0843.png,76,118,Smoke,1771,317,1847,435
1437.png,50,128,Smoke,1431,414,1481,542
1777.png,99,55,Smoke,642,498,741,553
0331.png,57,57,Smoke,1773,313,1830,370
1309.png,29,218,Smoke,1164,335,1193,553
1070.png,80,48,Smoke,414,514,494,562
0457.png,86,107,Smoke,657,427,743,534
0816.png,80,48,Smoke,414,514,494,562
0659.png,65,218,Smoke,1620,397,1685,615
0229.png,32,158,Smoke,962,387,994,545
0824.png,124,174,Smoke,1251,379,1375,553
0011.png,23,113,Smoke,1214,464,1237,577
1615.png,122,78,Smoke,808,474,930,552
0641.png,32,158,Smoke,963,389,995,547
0130.png,74,99,Smoke,666,437,740,536
1211.png,124,174,Smoke,1255,377,1379,551
1619.png,80,48,Smoke,414,514,494,562
1538.png,130,227,Smoke,1025,315,1155,542
1282.png,84,67,Smoke,1760,375,1844,442
0361.png,76,92,Smoke,1769,310,1845,402
0422.png,57,57,Smoke,1773,313,1830,370
0932.png,29,218,Smoke,1163,353,1192,571
0589.png,50,128,Smoke,1434,423,1484,551
1624.png,50,128,Smoke,1431,412,1481,540
0684.png,65,250,Smoke,1619,397,1684,647
0049.png,48,34,Smoke,559,483,607,517
0494.png,124,174,Smoke,1251,378,1375,552
0644.png,99,59,Smoke,1692,575,1791,634
1685.png,132,155,Smoke,1247,397,1379,552
0986.png,80,48,Smoke,414,514,494,562
1745.png,155,48,Smoke,1723,580,1878,628
0859.png,32,158,Smoke,963,386,995,544
1459.png,155,48,Smoke,1717,579,1872,627
0120.png,95,176,Smoke,818,374,913,550
1442.png,80,48,Smoke,414,514,494,562
0251.png,23,113,Smoke,1214,464,1237,577
1606.png,23,151,Smoke,1212,421,1235,572
0402.png,23,113,Smoke,1214,464,1237,577
0163.png,50,116,Smoke,1433,429,1483,545
0874.png,55,80,Smoke,546,424,601,504
1591.png,55,80,Smoke,546,424,601,504
1736.png,122,78,Smoke,814,475,936,553
1040.png,57,57,Smoke,1773,313,1830,370
0992.png,101,107,Smoke,635,447,736,554
1767.png,122,78,Smoke,814,476,936,554
1030.png,80,48,Smoke,414,514,494,562
1587.png,141,67,Smoke,1758,377,1899,444
0130.png,145,116,Smoke,1226,427,1371,543
0650.png,124,174,Smoke,1251,378,1375,552
1467.png,103,55,Smoke,817,497,920,552
0821.png,170,67,Smoke,567,490,737,557
0622.png,55,80,Smoke,546,424,601,504
1714.png,80,57,Smoke,1759,299,1839,356
0450.png,141,109,Smoke,1779,449,1920,558
1162.png,124,174,Smoke,1254,377,1378,551
0747.png,109,179,Smoke,813,366,922,545
1446.png,141,67,Smoke,1759,374,1900,441
1043.png,80,48,Smoke,414,514,494,562
1095.png,99,59,Smoke,1688,574,1787,633
0144.png,23,113,Smoke,1214,464,1237,577
1062.png,57,57,Smoke,1773,313,1830,370
0164.png,29,218,Smoke,1163,348,1192,566
1665.png,132,155,Smoke,1246,397,1378,552
0745.png,174,109,Smoke,1746,449,1920,558
0624.png,97,120,Smoke,647,430,744,550
1235.png,84,67,Smoke,1761,376,1845,443
0650.png,55,80,Smoke,546,424,601,504
0583.png,99,59,Smoke,1692,575,1791,634
1589.png,80,48,Smoke,414,514,494,562
1274.png,97,82,Smoke,815,458,912,540
0945.png,23,113,Smoke,1214,467,1237,580
1447.png,50,128,Smoke,1431,412,1481,540
1367.png,50,128,Smoke,1431,415,1481,543
1380.png,90,67,Smoke,815,489,905,556
0523.png,57,57,Smoke,1773,313,1830,370
0504.png,50,116,Smoke,1431,428,1481,544
1402.png,155,48,Smoke,1718,577,1873,625
0660.png,76,118,Smoke,1771,305,1847,423
1208.png,55,80,Smoke,546,424,601,504
0898.png,23,113,Smoke,1214,467,1237,580
1321.png,124,174,Smoke,1255,377,1379,551
0098.png,57,48,Smoke,1704,577,1761,625
0959.png,124,174,Smoke,1253,379,1377,553
1482.png,23,151,Smoke,1212,423,1235,574
1734.png,76,258,Smoke,1624,380,1700,638
1440.png,130,227,Smoke,1023,321,1153,548
0795.png,29,218,Smoke,1163,355,1192,573
0247.png,107,221,Smoke,1022,323,1129,544
0556.png,65,218,Smoke,1618,397,1683,615
0217.png,55,46,Smoke,552,484,607,530
0535.png,65,218,Smoke,1617,399,1682,617
0512.png,124,174,Smoke,1250,378,1374,552
0453.png,23,113,Smoke,1214,464,1237,577
0917.png,174,109,Smoke,1746,451,1920,560
0470.png,69,59,Smoke,1689,578,1758,637
1745.png,29,218,Smoke,1161,345,1190,563
1722.png,122,78,Smoke,812,473,934,551
1427.png,132,155,Smoke,1249,396,1381,551
1185.png,111,246,Smoke,1032,307,1143,553
0465.png,124,174,Smoke,1250,378,1374,552
1493.png,50,128,Smoke,1431,412,1481,540
0035.png,55,143,Smoke,425,395,480,538
0273.png,76,92,Smoke,1768,310,1844,402
1341.png,90,67,Smoke,816,490,906,557
1709.png,80,48,Smoke,414,514,494,562
0134.png,48,34,Smoke,559,483,607,517
1193.png,97,151,Smoke,816,393,913,544
0537.png,55,80,Smoke,546,424,601,504
1254.png,84,67,Smoke,1760,375,1844,442
1341.png,80,48,Smoke,414,514,494,562
0378.png,55,80,Smoke,546,422,601,502
0838.png,50,128,Smoke,1431,426,1481,554
0094.png,23,113,Smoke,1214,464,1237,577
1781.png,155,48,Smoke,1722,579,1877,627
0974.png,55,80,Smoke,546,424,601,504
0600.png,99,59,Smoke,1692,576,1791,635
1494.png,23,151,Smoke,1212,424,1235,575
1463.png,170,57,Smoke,565,489,735,546
1265.png,179,109,Smoke,1741,458,1920,567
0142.png,74,99,Smoke,666,437,740,536
0975.png,80,48,Smoke,414,514,494,562
1123.png,111,246,Smoke,1030,306,1141,552
0084.png,148,97,Smoke,1772,455,1920,552
1181.png,55,80,Smoke,546,424,601,504
0060.png,74,99,Smoke,662,444,736,543
0040.png,76,92,Smoke,1752,311,1828,403
0514.png,32,158,Smoke,962,387,994,545
0386.png,86,107,Smoke,656,431,742,538
1168.png,50,128,Smoke,1431,420,1481,548
0568.png,124,174,Smoke,1250,378,1374,552
0511.png,80,48,Smoke,415,515,495,563
0245.png,29,218,Smoke,1163,354,1192,572
0762.png,23,113,Smoke,1214,468,1237,581
0611.png,76,118,Smoke,1771,308,1847,426
0976.png,55,80,Smoke,546,424,601,504
1721.png,155,48,Smoke,1722,579,1877,627
1163.png,57,57,Smoke,1773,313,1830,370
1530.png,57,57,Smoke,1761,304,1818,361
1645.png,181,109,Smoke,1739,457,1920,566
1515.png,55,80,Smoke,546,424,601,504
0006.png,95,176,Smoke,784,380,879,556
1541.png,111,76,Smoke,811,477,922,553
1343.png,76,227,Smoke,1615,380,1691,607
0914.png,80,48,Smoke,414,514,494,562
0253.png,32,158,Smoke,962,387,994,545
0726.png,80,48,Smoke,414,514,494,562
0348.png,65,197,Smoke,1617,423,1682,620
1027.png,29,218,Smoke,1163,353,1192,571
1654.png,29,218,Smoke,1161,338,1190,556
0885.png,143,71,Smoke,595,484,738,555
0614.png,65,218,Smoke,1620,397,1685,615
0918.png,174,109,Smoke,1746,452,1920,561
1415.png,80,48,Smoke,414,514,494,562
0799.png,32,158,Smoke,963,389,995,547
1773.png,50,128,Smoke,1431,412,1481,540
1150.png,50,128,Smoke,1431,421,1481,549
1291.png,101,107,Smoke,635,446,736,553
1617.png,55,80,Smoke,546,424,601,504
0628.png,97,120,Smoke,647,425,744,545
1156.png,55,80,Smoke,546,424,601,504
0611.png,97,120,Smoke,647,430,744,550
1522.png,180,109,Smoke,1740,457,1920,566
0662.png,32,158,Smoke,963,389,995,547
1464.png,57,57,Smoke,1758,304,1815,361
1423.png,141,67,Smoke,1759,374,1900,441
0667.png,111,221,Smoke,1020,324,1131,545
1528.png,132,155,Smoke,1247,398,1379,553
1141.png,50,128,Smoke,1431,421,1481,549
1411.png,57,57,Smoke,1753,305,1810,362
1787.png,99,55,Smoke,642,499,741,554
0196.png,55,46,Smoke,552,484,607,530
1504.png,132,155,Smoke,1247,398,1379,553
0914.png,57,57,Smoke,1773,313,1830,370
0952.png,179,109,Smoke,1741,456,1920,565
1341.png,99,59,Smoke,1690,575,1789,634
0907.png,80,48,Smoke,414,514,494,562
0493.png,32,158,Smoke,962,387,994,545
1315.png,90,67,Smoke,815,490,905,557
0174.png,32,158,Smoke,962,387,994,545
0069.png,149,97,Smoke,1771,456,1920,553
0984.png,29,218,Smoke,1163,353,1192,571
1586.png,32,170,Smoke,963,372,995,542
1078.png,74,74,Smoke,1770,362,1844,436
0345.png,76,95,Smoke,665,433,741,528
0979.png,23,113,Smoke,1214,467,1237,580
1061.png,76,250,Smoke,1615,389,1691,639
0109.png,32,158,Smoke,962,387,994,545
1225.png,179,109,Smoke,1741,458,1920,567
1368.png,141,67,Smoke,1759,375,1900,442
0897.png,111,233,Smoke,1023,317,1134,550
0607.png,57,57,Smoke,1773,313,1830,370
0126.png,50,116,Smoke,1433,433,1483,549
0782.png,76,118,Smoke,1772,302,1848,420
1275.png,84,67,Smoke,1760,375,1844,442
0895.png,111,233,Smoke,1023,317,1134,550
1456.png,132,155,Smoke,1247,396,1379,551
0636.png,99,59,Smoke,1692,575,1791,634
0169.png,48,34,Smoke,559,483,607,517
1032.png,101,107,Smoke,637,446,738,553
0577.png,65,218,Smoke,1618,397,1683,615
1784.png,50,128,Smoke,1431,412,1481,540
1123.png,76,250,Smoke,1613,390,1689,640
1683.png,141,67,Smoke,1761,373,1902,440
0801.png,111,233,Smoke,1019,321,1130,554
1626.png,32,170,Smoke,964,374,996,544
0014.png,74,99,Smoke,628,444,702,543
1053.png,99,59,Smoke,1686,575,1785,634
0324.png,69,59,Smoke,1690,578,1759,637
0873.png,107,179,Smoke,814,371,921,550
1051.png,23,113,Smoke,1214,468,1237,581
1326.png,29,218,Smoke,1164,335,1193,553
1475.png,103,55,Smoke,818,497,921,552
0392.png,107,221,Smoke,1022,317,1129,538
0690.png,50,128,Smoke,1433,423,1483,551
1256.png,23,113,Smoke,1212,466,1235,579
1041.png,32,158,Smoke,962,381,994,539
1563.png,113,57,Smoke,624,497,737,554
0150.png,57,48,Smoke,1705,577,1762,625
1614.png,80,48,Smoke,414,514,494,562
0030.png,107,195,Smoke,998,357,1105,552
1555.png,23,151,Smoke,1212,423,1235,574
0627.png,65,218,Smoke,1620,397,1685,615
0082.png,145,116,Smoke,1226,427,1371,543
0665.png,55,80,Smoke,546,424,601,504
0747.png,32,158,Smoke,963,388,995,546
1681.png,155,48,Smoke,1722,579,1877,627
0224.png,69,59,Smoke,1691,577,1760,636
1292.png,32,170,Smoke,962,376,994,546
0521.png,80,48,Smoke,415,514,495,562
1401.png,155,48,Smoke,1718,577,1873,625
1122.png,182,109,Smoke,1738,455,1920,564
0910.png,124,174,Smoke,1252,379,1376,553
0080.png,57,57,Smoke,1773,313,1830,370
0844.png,55,80,Smoke,546,424,601,504
0687.png,111,221,Smoke,1020,322,1131,543
0610.png,65,218,Smoke,1620,397,1685,615
0430.png,50,116,Smoke,1431,428,1481,544
1319.png,124,174,Smoke,1255,377,1379,551
1012.png,111,233,Smoke,1026,311,1137,544
0350.png,76,95,Smoke,665,433,741,528
0465.png,65,197,Smoke,1617,422,1682,619
0958.png,179,109,Smoke,1741,456,1920,565
0353.png,107,221,Smoke,1021,319,1128,540
1477.png,29,218,Smoke,1164,333,1193,551
0867.png,23,113,Smoke,1214,470,1237,583
0036.png,34,116,Smoke,1415,433,1449,549
0163.png,145,116,Smoke,1226,427,1371,543
0864.png,29,218,Smoke,1163,355,1192,573
1319.png,76,250,Smoke,1618,383,1694,633
0507.png,65,197,Smoke,1617,421,1682,618
0591.png,50,128,Smoke,1434,423,1484,551
0520.png,55,80,Smoke,546,424,601,504
0347.png,124,174,Smoke,1251,378,1375,552
0138.png,95,176,Smoke,818,376,913,552
1483.png,103,55,Smoke,817,499,920,554
1129.png,76,250,Smoke,1614,390,1690,640
0808.png,29,218,Smoke,1163,355,1192,573
0749.png,29,218,Smoke,1163,355,1192,573
1686.png,76,227,Smoke,1624,383,1700,610
1759.png,181,109,Smoke,1739,456,1920,565
1190.png,111,246,Smoke,1031,306,1142,552
0896.png,143,71,Smoke,596,483,739,554
1505.png,29,218,Smoke,1164,343,1193,561
1679.png,76,227,Smoke,1623,382,1699,609
0402.png,32,158,Smoke,962,387,994,545
0141.png,57,57,Smoke,1773,313,1830,370
0220.png,74,99,Smoke,665,431,739,530
1699.png,76,227,Smoke,1623,382,1699,609
1265.png,97,82,Smoke,815,458,912,540
0983.png,101,160,Smoke,812,379,913,539
0770.png,23,113,Smoke,1214,467,1237,580
1324.png,80,48,Smoke,414,514,494,562
0870.png,99,59,Smoke,1688,577,1787,636
1287.png,55,80,Smoke,546,424,601,504
0371.png,29,218,Smoke,1163,357,1192,575
0674.png,109,155,Smoke,810,394,919,549
0382.png,23,113,Smoke,1214,464,1237,577
0431.png,69,59,Smoke,1690,578,1759,637
1617.png,50,128,Smoke,1431,412,1481,540
0245.png,23,113,Smoke,1214,464,1237,577
0971.png,80,48,Smoke,414,514,494,562
1004.png,124,174,Smoke,1253,379,1377,553
0123.png,23,113,Smoke,1214,464,1237,577
1173.png,97,151,Smoke,816,392,913,543
1052.png,99,59,Smoke,1686,576,1785,635
1637.png,141,67,Smoke,1757,374,1898,441
1561.png,29,218,Smoke,1163,343,1192,561
0601.png,29,218,Smoke,1163,355,1192,573
0821.png,23,113,Smoke,1214,468,1237,581
0298.png,32,158,Smoke,962,387,994,545
0065.png,29,170,Smoke,1169,375,1198,545
0918.png,111,233,Smoke,1026,318,1137,551
1634.png,29,218,Smoke,1161,339,1190,557
0168.png,95,176,Smoke,818,376,913,552
1505.png,132,155,Smoke,1247,398,1379,553
1198.png,57,57,Smoke,1773,313,1830,370
1491.png,141,67,Smoke,1757,373,1898,440
0839.png,55,80,Smoke,546,424,601,504
0798.png,111,233,Smoke,1019,321,1130,554
1075.png,111,246,Smoke,1028,310,1139,556
1101.png,55,80,Smoke,546,424,601,504
0134.png,50,116,Smoke,1433,433,1483,549
0201.png,95,176,Smoke,819,376,914,552
0995.png,101,107,Smoke,636,448,737,555
0776.png,124,174,Smoke,1251,379,1375,553
1502.png,103,55,Smoke,819,501,922,556
0124.png,149,97,Smoke,1771,455,1920,552
0981.png,179,109,Smoke,1741,455,1920,564
0332.png,107,221,Smoke,1021,321,1128,542
0932.png,50,128,Smoke,1431,424,1481,552
1763.png,155,48,Smoke,1722,579,1877,627
0171.png,50,116,Smoke,1433,428,1483,544
0663.png,99,59,Smoke,1692,575,1791,634
0957.png,50,128,Smoke,1431,425,1481,553
0925.png,76,250,Smoke,1612,390,1688,640
0088.png,29,218,Smoke,1165,355,1194,573
0160.png,76,92,Smoke,1768,310,1844,402
1276.png,32,158,Smoke,963,376,995,534
1596.png,29,218,Smoke,1163,337,1192,555
0699.png,124,174,Smoke,1251,378,1375,552
0261.png,69,59,Smoke,1691,577,1760,636
1674.png,132,155,Smoke,1247,397,1379,552
1309.png,130,227,Smoke,1019,325,1149,552
1477.png,50,128,Smoke,1431,412,1481,540
0759.png,76,118,Smoke,1772,304,1848,422
1330.png,179,109,Smoke,1741,458,1920,567
0756.png,29,218,Smoke,1163,355,1192,573
1115.png,57,57,Smoke,1773,313,1830,370
0921.png,55,80,Smoke,546,424,601,504
0834.png,99,59,Smoke,1690,576,1789,635
1470.png,103,55,Smoke,817,497,920,552
0629.png,111,221,Smoke,1019,322,1130,543
1743.png,122,78,Smoke,814,474,936,552
1537.png,80,48,Smoke,414,514,494,562
0790.png,23,113,Smoke,1214,468,1237,581
0039.png,95,176,Smoke,801,381,896,557
1155.png,111,246,Smoke,1029,307,1140,553
1613.png,113,57,Smoke,630,497,743,554
0330.png,55,84,Smoke,450,460,505,544
1667.png,80,48,Smoke,414,514,494,562
1255.png,124,174,Smoke,1255,377,1379,551
0215.png,50,116,Smoke,1432,426,1482,542
1345.png,23,151,Smoke,1212,425,1235,576
1590.png,155,48,Smoke,1722,581,1877,629
1512.png,180,109,Smoke,1740,457,1920,566
0656.png,111,221,Smoke,1020,323,1131,544
1187.png,80,48,Smoke,414,514,494,562
1376.png,141,67,Smoke,1759,375,1900,442
0123.png,50,116,Smoke,1433,433,1483,549
0172.png,50,116,Smoke,1433,428,1483,544
1298.png,90,67,Smoke,815,492,905,559
0811.png,170,67,Smoke,567,490,737,557
1665.png,29,218,Smoke,1161,338,1190,556
0480.png,50,116,Smoke,1431,428,1481,544
1716.png,99,55,Smoke,642,498,741,553
0634.png,32,158,Smoke,963,389,995,547
1096.png,111,246,Smoke,1030,307,1141,553
0860.png,80,48,Smoke,414,514,494,562
1520.png,50,128,Smoke,1431,412,1481,540
1708.png,141,67,Smoke,1761,372,1902,439
1209.png,99,59,Smoke,1687,574,1786,633
1570.png,180,109,Smoke,1740,457,1920,566
0962.png,57,57,Smoke,1773,313,1830,370
1099.png,29,218,Smoke,1164,331,1193,549
0319.png,95,139,Smoke,821,409,916,548
1345.png,101,107,Smoke,635,446,736,553
1775.png,155,48,Smoke,1722,579,1877,627
0542.png,107,221,Smoke,1025,320,1132,541
1203.png,57,57,Smoke,1773,313,1830,370
1162.png,57,57,Smoke,1773,313,1830,370
0578.png,29,218,Smoke,1163,355,1192,573
1785.png,99,55,Smoke,642,499,741,554
1521.png,130,227,Smoke,1025,315,1155,542
1250.png,84,67,Smoke,1760,375,1844,442
1132.png,99,59,Smoke,1688,574,1787,633
0599.png,29,218,Smoke,1163,355,1192,573
1734.png,80,57,Smoke,1758,299,1838,356
0388.png,57,57,Smoke,1773,313,1830,370
1075.png,32,158,Smoke,963,375,995,533
0642.png,57,57,Smoke,1773,313,1830,370
0843.png,50,128,Smoke,1431,427,1481,555
1700.png,122,78,Smoke,812,474,934,552
1229.png,111,246,Smoke,1032,307,1143,553
0005.png,95,176,Smoke,784,380,879,556
0639.png,97,120,Smoke,647,432,744,552
0357.png,142,113,Smoke,1778,442,1920,555
0083.png,148,97,Smoke,1772,455,1920,552
1630.png,122,78,Smoke,809,475,931,553
1518.png,55,80,Smoke,546,424,601,504
1095.png,57,57,Smoke,1773,313,1830,370
0927.png,29,218,Smoke,1163,355,1192,573
0581.png,57,57,Smoke,1773,313,1830,370
1135.png,50,128,Smoke,1431,421,1481,549
0097.png,74,99,Smoke,665,442,739,541
0312.png,23,113,Smoke,1214,464,1237,577
1621.png,130,227,Smoke,1027,308,1157,535
1022.png,23,113,Smoke,1214,468,1237,581
1441.png,130,227,Smoke,1023,322,1153,549
1516.png,29,218,Smoke,1164,341,1193,559
0540.png,32,158,Smoke,962,389,994,547
1495.png,55,80,Smoke,546,424,601,504
0231.png,50,116,Smoke,1431,427,1481,543
1723.png,80,57,Smoke,1758,299,1838,356
0596.png,111,221,Smoke,1020,322,1131,543
0965.png,57,57,Smoke,1773,313,1830,370
0153.png,29,218,Smoke,1163,348,1192,566
1432.png,23,151,Smoke,1212,423,1235,574
1402.png,101,107,Smoke,635,446,736,553
0399.png,55,84,Smoke,450,460,505,544
0362.png,124,174,Smoke,1251,378,1375,552
1796.png,29,218,Smoke,1161,336,1190,554
0522.png,32,158,Smoke,962,387,994,545
0115.png,57,57,Smoke,1773,313,1830,370
1265.png,55,80,Smoke,546,424,601,504
1649.png,130,227,Smoke,1027,310,1157,537
0157.png,23,113,Smoke,1214,464,1237,577
0582.png,76,118,Smoke,1770,307,1846,425
0495.png,55,80,Smoke,546,424,601,504
1074.png,111,246,Smoke,1027,310,1138,556
1606.png,113,57,Smoke,630,497,743,554
0948.png,50,128,Smoke,1431,424,1481,552
1603.png,130,227,Smoke,1026,311,1156,538
1727.png,99,55,Smoke,642,498,741,553
1685.png,181,109,Smoke,1739,457,1920,566
0049.png,107,195,Smoke,1016,357,1123,552
0136.png,107,195,Smoke,1022,350,1129,545
0720.png,124,174,Smoke,1251,378,1375,552
0605.png,124,174,Smoke,1251,378,1375,552
0290.png,76,92,Smoke,1768,310,1844,402
1325.png,32,170,Smoke,962,378,994,548
1321.png,23,113,Smoke,1212,465,1235,578
1762.png,80,48,Smoke,414,514,494,562
1009.png,29,218,Smoke,1163,353,1192,571
1532.png,170,57,Smoke,568,499,738,556
0496.png,149,109,Smoke,1771,447,1920,556
0261.png,50,116,Smoke,1431,428,1481,544
0199.png,32,158,Smoke,962,387,994,545
0432.png,29,218,Smoke,1163,357,1192,575
0206.png,69,59,Smoke,1691,577,1760,636
1543.png,181,109,Smoke,1739,458,1920,567
0719.png,23,113,Smoke,1213,467,1236,580
0827.png,107,179,Smoke,815,369,922,548
1120.png,97,151,Smoke,814,394,911,545
0021.png,74,99,Smoke,629,448,703,547
1257.png,84,67,Smoke,1760,375,1844,442
1001.png,55,80,Smoke,546,424,601,504
0792.png,76,250,Smoke,1615,394,1691,644
1057.png,124,174,Smoke,1253,377,1377,551
1151.png,23,113,Smoke,1213,473,1236,586
0721.png,99,59,Smoke,1692,576,1791,635
1442.png,180,109,Smoke,1740,457,1920,566
0607.png,97,120,Smoke,647,430,744,550
1256.png,57,57,Smoke,1773,313,1830,370
1716.png,141,67,Smoke,1761,372,1902,439
0321.png,55,84,Smoke,450,460,505,544
0203.png,29,218,Smoke,1162,368,1191,586
0547.png,57,57,Smoke,1773,313,1830,370
0834.png,76,250,Smoke,1616,394,1692,644
0635.png,65,218,Smoke,1620,397,1685,615
1705.png,141,67,Smoke,1761,372,1902,439
0259.png,76,92,Smoke,1768,309,1844,401
1124.png,179,109,Smoke,1741,457,1920,566
0282.png,95,176,Smoke,821,371,916,547
0016.png,29,170,Smoke,1135,381,1164,551
0055.png,74,99,Smoke,660,444,734,543
0372.png,76,95,Smoke,666,434,742,529
1355.png,179,109,Smoke,1741,460,1920,569
1757.png,76,258,Smoke,1624,382,1700,640
1399.png,55,80,Smoke,546,424,601,504
1720.png,50,128,Smoke,1431,412,1481,540
0598.png,109,155,Smoke,809,395,918,550
0110.png,57,48,Smoke,1704,579,1761,627
0781.png,76,118,Smoke,1772,302,1848,420
0246.png,69,59,Smoke,1691,577,1760,636
0241.png,141,147,Smoke,1232,408,1373,555
0662.png,76,118,Smoke,1771,305,1847,423
0803.png,111,233,Smoke,1019,322,1130,555
1366.png,180,109,Smoke,1740,460,1920,569
1361.png,101,107,Smoke,635,446,736,553
0162.png,74,99,Smoke,666,433,740,532
0236.png,50,116,Smoke,1431,427,1481,543
0308.png,69,59,Smoke,1690,577,1759,636
0151.png,76,92,Smoke,1768,310,1844,402
0620.png,109,155,Smoke,809,395,918,550
0984.png,99,59,Smoke,1688,576,1787,635
1715.png,55,80,Smoke,546,424,601,504
0260.png,76,92,Smoke,1768,309,1844,401
0280.png,107,221,Smoke,1022,323,1129,544
0348.png,32,158,Smoke,962,387,994,545
0381.png,50,116,Smoke,1431,427,1481,543
1169.png,101,107,Smoke,635,446,736,553
1210.png,57,57,Smoke,1773,313,1830,370
1387.png,124,174,Smoke,1256,377,1380,551
0742.png,111,221,Smoke,1019,321,1130,542
0233.png,141,147,Smoke,1231,408,1372,555
0904.png,174,109,Smoke,1746,452,1920,561
0365.png,55,84,Smoke,450,460,505,544
0654.png,57,57,Smoke,1773,313,1830,370
1655.png,113,57,Smoke,629,496,742,553
1695.png,128,246,Smoke,1022,312,1150,558
0287.png,124,174,Smoke,1251,379,1375,553
1604.png,50,128,Smoke,1431,412,1481,540
1305.png,90,67,Smoke,815,491,905,558
1343.png,124,174,Smoke,1256,377,1380,551
0126.png,57,57,Smoke,1773,313,1830,370
1219.png,29,218,Smoke,1164,335,1193,553
0024.png,95,176,Smoke,785,382,880,558
1522.png,80,48,Smoke,414,514,494,562
0755.png,111,221,Smoke,1019,321,1130,542
0576.png,124,174,Smoke,1251,378,1375,552
0577.png,169,109,Smoke,1751,450,1920,559
1115.png,101,107,Smoke,635,446,736,553
1361.png,57,57,Smoke,1773,313,1830,370
1166.png,97,151,Smoke,816,392,913,543
0394.png,32,158,Smoke,962,387,994,545
1738.png,122,78,Smoke,814,475,936,553
0099.png,74,99,Smoke,665,442,739,541
1487.png,23,151,Smoke,1212,423,1235,574
0476.png,50,116,Smoke,1431,428,1481,544
0617.png,55,80,Smoke,546,424,601,504
1098.png,111,246,Smoke,1030,307,1141,553
1593.png,57,57,Smoke,1762,303,1819,360
0453.png,69,59,Smoke,1689,578,1758,637
0810.png,29,218,Smoke,1163,355,1192,573
0021.png,95,176,Smoke,785,382,880,558
0035.png,65,197,Smoke,1595,422,1660,619
0179.png,95,176,Smoke,818,375,913,551
0565.png,163,109,Smoke,1757,450,1920,559
0080.png,57,48,Smoke,1703,577,1760,625
1399.png,50,128,Smoke,1431,415,1481,543
0986.png,76,118,Smoke,1769,316,1845,434
0331.png,69,59,Smoke,1690,579,1759,638
0419.png,86,107,Smoke,656,431,742,538
0086.png,55,143,Smoke,446,387,501,530
1385.png,50,128,Smoke,1431,415,1481,543
0776.png,57,57,Smoke,1773,313,1830,370
1394.png,180,109,Smoke,1740,457,1920,566
0293.png,69,86,Smoke,670,438,739,524
1564.png,55,80,Smoke,546,424,601,504
1684.png,180,109,Smoke,1740,457,1920,566
0408.png,55,84,Smoke,450,460,505,544
1708.png,180,109,Smoke,1740,456,1920,565
0919.png,101,160,Smoke,813,385,914,545
0569.png,23,113,Smoke,1214,465,1237,578
0389.png,32,158,Smoke,962,387,994,545
0108.png,29,218,Smoke,1164,351,1193,569
1348.png,50,128,Smoke,1431,419,1481,547
0429.png,32,158,Smoke,962,387,994,545
0815.png,29,218,Smoke,1163,355,1192,573
0051.png,32,158,Smoke,956,388,988,546
0262.png,107,221,Smoke,1022,322,1129,543
1248.png,101,107,Smoke,635,446,736,553
0555.png,32,158,Smoke,962,389,994,547
0043.png,107,195,Smoke,1010,357,1117,552
1099.png,80,48,Smoke,414,514,494,562
1430.png,76,227,Smoke,1619,384,1695,611
0189.png,32,158,Smoke,962,387,994,545
1463.png,80,48,Smoke,414,514,494,562
1400.png,29,218,Smoke,1164,335,1193,553
1007.png,124,174,Smoke,1253,379,1377,553
1538.png,141,67,Smoke,1757,376,1898,443
1432.png,32,170,Smoke,962,373,994,543
0933.png,29,218,Smoke,1163,355,1192,573
0307.png,57,57,Smoke,1773,313,1830,370
1551.png,23,151,Smoke,1212,424,1235,575
0183.png,29,218,Smoke,1163,352,1192,570
0538.png,97,120,Smoke,647,425,744,545
0763.png,80,48,Smoke,414,514,494,562
0804.png,111,233,Smoke,1019,322,1130,555
1785.png,155,48,Smoke,1722,578,1877,626
1390.png,182,109,Smoke,1738,458,1920,567
0185.png,141,147,Smoke,1231,408,1372,555
1144.png,99,59,Smoke,1688,574,1787,633
1695.png,50,128,Smoke,1431,412,1481,540
1379.png,155,48,Smoke,1718,577,1873,625
1529.png,132,155,Smoke,1247,398,1379,553
0967.png,111,233,Smoke,1026,317,1137,550
0702.png,174,109,Smoke,1746,449,1920,558
1322.png,29,218,Smoke,1164,335,1193,553
0930.png,23,113,Smoke,1214,466,1237,579
0026.png,76,92,Smoke,1736,311,1812,403
0183.png,57,48,Smoke,1704,577,1761,625
0716.png,111,221,Smoke,1020,323,1131,544
0325.png,57,57,Smoke,1773,313,1830,370
0395.png,55,80,Smoke,546,420,601,500
1536.png,32,170,Smoke,962,375,994,545
0877.png,50,128,Smoke,1431,424,1481,552
1511.png,132,155,Smoke,1247,398,1379,553
1435.png,80,48,Smoke,414,514,494,562
0562.png,95,155,Smoke,824,394,919,549
0253.png,65,197,Smoke,1617,422,1682,619
0192.png,146,97,Smoke,1774,449,1920,546
0002.png,151,97,Smoke,1741,460,1892,557
0270.png,76,92,Smoke,1768,309,1844,401
1196.png,101,107,Smoke,635,446,736,553
0502.png,124,174,Smoke,1251,378,1375,552
0918.png,55,80,Smoke,546,424,601,504
0203.png,146,86,Smoke,1774,460,1920,546
0569.png,97,120,Smoke,647,425,744,545
1469.png,29,218,Smoke,1164,331,1193,549
0086.png,74,99,Smoke,665,444,739,543
0141.png,50,116,Smoke,1433,432,1483,548
1190.png,29,218,Smoke,1164,333,1193,551
1740.png,80,48,Smoke,414,514,494,562
0778.png,174,109,Smoke,1746,449,1920,558
1268.png,101,107,Smoke,635,446,736,553
0372.png,55,46,Smoke,552,484,607,530
0631.png,76,118,Smoke,1771,305,1847,423
0687.png,124,174,Smoke,1251,378,1375,552
0484.png,50,116,Smoke,1431,428,1481,544
0181.png,23,113,Smoke,1214,464,1237,577
1730.png,155,48,Smoke,1722,579,1877,627
0067.png,57,57,Smoke,1773,313,1830,370
1313.png,99,59,Smoke,1689,574,1788,633
0590.png,109,155,Smoke,809,395,918,550
0492.png,124,174,Smoke,1251,378,1375,552
0787.png,174,109,Smoke,1746,449,1920,558
0831.png,50,128,Smoke,1431,426,1481,554
0510.png,55,80,Smoke,546,424,601,504
0203.png,65,197,Smoke,1617,422,1682,619
0477.png,97,120,Smoke,647,425,744,545
0943.png,124,174,Smoke,1253,379,1377,553
1621.png,23,151,Smoke,1210,421,1233,572
1615.png,130,227,Smoke,1026,312,1156,539
0013.png,29,170,Smoke,1137,381,1166,551
0102.png,148,97,Smoke,1772,457,1920,554
1504.png,55,80,Smoke,546,424,601,504
1520.png,55,80,Smoke,546,424,601,504
0955.png,124,174,Smoke,1253,379,1377,553
0635.png,32,158,Smoke,963,389,995,547
0239.png,57,57,Smoke,1773,313,1830,370
0139.png,57,57,Smoke,1773,313,1830,370
1525.png,80,48,Smoke,414,514,494,562
0008.png,29,170,Smoke,1136,380,1165,550
0657.png,57,57,Smoke,1773,313,1830,370
0022.png,29,170,Smoke,1136,380,1165,550
0894.png,23,113,Smoke,1214,467,1237,580
0034.png,48,34,Smoke,559,483,607,517
1563.png,76,227,Smoke,1621,384,1697,611
0569.png,111,221,Smoke,1020,322,1131,543
1121.png,99,57,Smoke,1771,391,1870,448
0065.png,55,143,Smoke,446,387,501,530
0406.png,55,84,Smoke,450,460,505,544
0335.png,124,174,Smoke,1250,378,1374,552
1060.png,124,174,Smoke,1253,377,1377,551
0090.png,95,176,Smoke,818,376,913,552
1114.png,101,107,Smoke,635,446,736,553
0362.png,95,139,Smoke,821,406,916,545
1655.png,80,57,Smoke,1760,301,1840,358
1741.png,128,246,Smoke,1025,316,1153,562
0047.png,151,97,Smoke,1769,462,1920,559
1626.png,113,57,Smoke,630,497,743,554
0760.png,23,113,Smoke,1214,467,1237,580
0278.png,76,92,Smoke,1768,310,1844,402
1234.png,23,113,Smoke,1214,467,1237,580
0562.png,57,57,Smoke,1773,313,1830,370
1040.png,179,109,Smoke,1741,458,1920,567
0085.png,76,92,Smoke,1768,309,1844,401
1083.png,101,107,Smoke,635,446,736,553
0250.png,69,59,Smoke,1691,577,1760,636
0306.png,55,84,Smoke,450,460,505,544
1252.png,84,67,Smoke,1760,375,1844,442
0329.png,50,116,Smoke,1431,427,1481,543
1682.png,32,170,Smoke,966,378,998,548
0707.png,23,113,Smoke,1213,467,1236,580
1253.png,97,82,Smoke,815,459,912,541
0110.png,148,97,Smoke,1772,456,1920,553
1601.png,155,48,Smoke,1722,581,1877,629
0746.png,50,128,Smoke,1432,424,1482,552
0589.png,99,59,Smoke,1692,575,1791,634
0860.png,23,113,Smoke,1214,470,1237,583
1741.png,50,128,Smoke,1431,412,1481,540
1145.png,99,59,Smoke,1688,574,1787,633
0023.png,151,97,Smoke,1741,463,1892,560
1759.png,29,218,Smoke,1162,343,1191,561
0121.png,50,116,Smoke,1433,433,1483,549
0179.png,32,158,Smoke,962,387,994,545
0599.png,50,128,Smoke,1434,423,1484,551
1571.png,80,48,Smoke,414,514,494,562
0918.png,23,113,Smoke,1214,466,1237,579
0486.png,57,57,Smoke,1773,313,1830,370
1701.png,141,67,Smoke,1761,372,1902,439
1335.png,80,48,Smoke,414,514,494,562
0036.png,57,57,Smoke,1773,313,1830,370
1212.png,23,113,Smoke,1213,468,1236,581
1671.png,80,57,Smoke,1760,301,1840,358
0911.png,143,71,Smoke,596,485,739,556
1135.png,55,80,Smoke,546,424,601,504
0877.png,80,48,Smoke,414,514,494,562
0285.png,69,86,Smoke,670,443,739,529
0060.png,107,195,Smoke,1022,355,1129,550
1581.png,32,170,Smoke,963,371,995,541
1600.png,141,67,Smoke,1758,376,1899,443
0111.png,48,34,Smoke,559,483,607,517
1278.png,84,67,Smoke,1760,375,1844,442
0017.png,57,48,Smoke,1670,578,1727,626
0914.png,101,160,Smoke,813,387,914,547
0285.png,29,218,Smoke,1163,356,1192,574
0053.png,48,34,Smoke,559,483,607,517
1648.png,132,155,Smoke,1246,397,1378,552
0885.png,23,113,Smoke,1214,468,1237,581
1420.png,55,80,Smoke,546,424,601,504
0391.png,29,218,Smoke,1163,357,1192,575
1233.png,29,218,Smoke,1164,335,1193,553
1261.png,55,80,Smoke,546,424,601,504
0950.png,29,218,Smoke,1163,353,1192,571
0182.png,146,97,Smoke,1774,449,1920,546
0235.png,55,84,Smoke,450,460,505,544
1518.png,23,151,Smoke,1212,422,1235,573
1362.png,55,80,Smoke,546,424,601,504
1588.png,76,227,Smoke,1622,383,1698,610
0593.png,65,218,Smoke,1620,398,1685,616
0182.png,23,113,Smoke,1214,464,1237,577
0675.png,174,109,Smoke,1746,449,1920,558
0758.png,32,158,Smoke,963,388,995,546
1087.png,32,158,Smoke,963,375,995,533
1364.png,180,109,Smoke,1740,460,1920,569
1074.png,99,59,Smoke,1688,575,1787,634
1303.png,130,227,Smoke,1019,325,1149,552
1777.png,80,57,Smoke,1760,298,1840,355
0268.png,124,174,Smoke,1250,380,1374,554
1572.png,130,227,Smoke,1025,313,1155,540
1758.png,141,67,Smoke,1760,371,1901,438
1145.png,97,151,Smoke,815,393,912,544
0578.png,55,80,Smoke,546,424,601,504
1792.png,55,80,Smoke,546,424,601,504
0910.png,99,59,Smoke,1687,576,1786,635
0700.png,65,250,Smoke,1620,397,1685,647
0767.png,160,57,Smoke,580,501,740,558
0159.png,107,195,Smoke,1022,350,1129,545
1456.png,29,218,Smoke,1164,333,1193,551
0068.png,57,48,Smoke,1704,578,1761,626
1297.png,29,218,Smoke,1164,335,1193,553
1305.png,84,67,Smoke,1760,375,1844,442
1225.png,55,80,Smoke,546,424,601,504
0124.png,29,218,Smoke,1164,345,1193,563
0382.png,29,218,Smoke,1163,357,1192,575
0630.png,80,48,Smoke,415,513,495,561
0672.png,29,218,Smoke,1163,358,1192,576
0003.png,151,97,Smoke,1741,460,1892,557
0693.png,65,250,Smoke,1621,397,1686,647
0450.png,107,221,Smoke,1023,319,1130,540
0761.png,80,48,Smoke,414,514,494,562
0156.png,48,34,Smoke,559,483,607,517
0755.png,80,48,Smoke,414,514,494,562
1408.png,76,227,Smoke,1616,383,1692,610
0752.png,111,221,Smoke,1019,321,1130,542
1332.png,29,218,Smoke,1164,336,1193,554
0545.png,57,57,Smoke,1773,313,1830,370
0962.png,23,113,Smoke,1214,468,1237,581
1242.png,50,128,Smoke,1431,418,1481,546
0107.png,145,116,Smoke,1226,427,1371,543
0377.png,32,158,Smoke,962,387,994,545
1655.png,141,67,Smoke,1758,373,1899,440
0622.png,99,59,Smoke,1692,576,1791,635
0732.png,55,80,Smoke,546,424,601,504
0581.png,65,218,Smoke,1619,397,1684,615
1665.png,181,109,Smoke,1739,456,1920,565
0094.png,150,97,Smoke,1770,455,1920,552
1100.png,50,128,Smoke,1431,422,1481,550
0550.png,95,155,Smoke,824,394,919,549
0410.png,86,107,Smoke,656,431,742,538
1711.png,23,151,Smoke,1209,419,1232,570
0895.png,107,179,Smoke,814,369,921,548
0688.png,32,158,Smoke,963,391,995,549
0121.png,48,34,Smoke,559,483,607,517
1049.png,29,218,Smoke,1163,353,1192,571
1296.png,99,59,Smoke,1689,574,1788,633
1376.png,32,170,Smoke,962,372,994,542
1675.png,122,78,Smoke,811,474,933,552
0472.png,80,48,Smoke,423,505,503,553
0747.png,55,80,Smoke,546,424,601,504
0254.png,95,176,Smoke,819,373,914,549
0968.png,101,160,Smoke,813,383,914,543
1166.png,50,128,Smoke,1431,420,1481,548
0154.png,57,57,Smoke,1773,313,1830,370
1688.png,80,57,Smoke,1759,300,1839,357
0756.png,124,174,Smoke,1251,379,1375,553
0784.png,57,57,Smoke,1773,313,1830,370
0027.png,76,92,Smoke,1737,311,1813,403
1031.png,23,113,Smoke,1214,468,1237,581
1167.png,84,67,Smoke,1761,378,1845,445
0119.png,76,92,Smoke,1768,310,1844,402
0422.png,29,218,Smoke,1163,359,1192,577
0052.png,57,48,Smoke,1699,577,1756,625
1194.png,179,109,Smoke,1741,458,1920,567
1572.png,111,76,Smoke,814,477,925,553
0945.png,99,59,Smoke,1688,577,1787,636
1150.png,84,67,Smoke,1762,378,1846,445
0594.png,76,118,Smoke,1770,308,1846,426
0599.png,124,174,Smoke,1251,377,1375,551
1213.png,80,48,Smoke,414,514,494,562
0964.png,76,250,Smoke,1615,390,1691,640
0644.png,124,174,Smoke,1251,378,1375,552
0485.png,50,116,Smoke,1431,428,1481,544
1469.png,181,109,Smoke,1739,457,1920,566
0896.png,23,113,Smoke,1214,467,1237,580
0921.png,143,95,Smoke,596,460,739,555
0006.png,74,99,Smoke,628,448,702,547
0814.png,50,128,Smoke,1431,426,1481,554
1498.png,170,57,Smoke,561,499,731,556
0612.png,50,128,Smoke,1434,423,1484,551
0489.png,97,120,Smoke,646,424,743,544
0788.png,57,57,Smoke,1773,313,1830,370
1575.png,181,109,Smoke,1739,457,1920,566
0561.png,97,120,Smoke,647,425,744,545
1455.png,23,151,Smoke,1212,423,1235,574
0529.png,80,48,Smoke,415,514,495,562
0262.png,95,176,Smoke,819,373,914,549
0414.png,50,116,Smoke,1431,429,1481,545
0865.png,124,174,Smoke,1251,379,1375,553
1490.png,32,170,Smoke,962,373,994,543
0535.png,107,221,Smoke,1024,319,1131,540
0199.png,29,218,Smoke,1162,366,1191,584
1631.png,130,227,Smoke,1027,310,1157,537
1055.png,55,80,Smoke,546,424,601,504
0871.png,50,128,Smoke,1431,425,1481,553
1085.png,111,246,Smoke,1029,311,1140,557
0966.png,80,48,Smoke,414,514,494,562
0392.png,65,197,Smoke,1617,422,1682,619
0612.png,55,80,Smoke,546,424,601,504
0821.png,76,118,Smoke,1772,302,1848,420
1789.png,80,48,Smoke,414,514,494,562
0409.png,23,113,Smoke,1214,464,1237,577
0724.png,55,80,Smoke,546,424,601,504
0214.png,76,92,Smoke,1769,309,1845,401
1479.png,23,151,Smoke,1212,423,1235,574
0193.png,55,46,Smoke,552,484,607,530
1065.png,57,57,Smoke,1773,313,1830,370
0566.png,124,174,Smoke,1250,378,1374,552
1368.png,50,128,Smoke,1431,415,1481,543
0195.png,74,99,Smoke,666,431,740,530
1176.png,97,151,Smoke,816,393,913,544
1439.png,76,227,Smoke,1620,384,1696,611
1203.png,50,128,Smoke,1431,421,1481,549
0198.png,29,218,Smoke,1162,365,1191,583
1662.png,50,128,Smoke,1431,412,1481,540
1064.png,50,128,Smoke,1431,422,1481,550
1539.png,155,48,Smoke,1721,581,1876,629
1225.png,124,174,Smoke,1255,377,1379,551
0602.png,80,48,Smoke,414,515,494,563
1028.png,179,109,Smoke,1741,458,1920,567
1369.png,32,170,Smoke,962,373,994,543
1684.png,99,55,Smoke,642,498,741,553
1026.png,55,80,Smoke,546,424,601,504
1201.png,76,250,Smoke,1613,390,1689,640
1666.png,55,80,Smoke,546,424,601,504
1393.png,32,170,Smoke,962,375,994,545
1009.png,111,233,Smoke,1026,313,1137,546
1339.png,23,151,Smoke,1212,424,1235,575
1118.png,57,57,Smoke,1773,313,1830,370
0140.png,57,48,Smoke,1705,577,1762,625
1248.png,57,57,Smoke,1773,313,1830,370
0558.png,80,48,Smoke,415,514,495,562
1144.png,55,80,Smoke,546,424,601,504
1781.png,55,80,Smoke,546,424,601,504
1162.png,111,246,Smoke,1030,307,1141,553
1428.png,101,107,Smoke,635,446,736,553
0133.png,57,57,Smoke,1773,313,1830,370
1764.png,55,80,Smoke,546,424,601,504
0483.png,124,174,Smoke,1251,378,1375,552
1142.png,32,158,Smoke,963,376,995,534
1364.png,80,48,Smoke,414,514,494,562
1126.png,101,107,Smoke,635,446,736,553
0104.png,65,197,Smoke,1618,421,1683,618
0170.png,107,195,Smoke,1021,350,1128,545
1586.png,155,48,Smoke,1722,581,1877,629
0281.png,124,174,Smoke,1250,379,1374,553
0213.png,141,147,Smoke,1231,408,1372,555
0797.png,50,128,Smoke,1431,424,1481,552
1629.png,181,109,Smoke,1739,457,1920,566
0856.png,76,250,Smoke,1615,392,1691,642
0268.png,29,218,Smoke,1163,356,1192,574
0246.png,141,86,Smoke,1779,456,1920,542
1069.png,101,107,Smoke,635,446,736,553
1239.png,50,128,Smoke,1431,419,1481,547
1625.png,32,170,Smoke,965,372,997,542
0056.png,23,113,Smoke,1214,464,1237,577
0646.png,76,118,Smoke,1772,305,1848,423
1393.png,76,227,Smoke,1615,381,1691,608
1625.png,130,227,Smoke,1027,310,1157,537
1433.png,76,227,Smoke,1619,383,1695,610
1758.png,128,246,Smoke,1025,315,1153,561
0322.png,124,174,Smoke,1250,378,1374,552
0980.png,57,57,Smoke,1773,313,1830,370
0689.png,109,155,Smoke,811,394,920,549
1266.png,50,128,Smoke,1431,417,1481,545
1190.png,179,109,Smoke,1741,457,1920,566
0059.png,65,197,Smoke,1616,422,1681,619
1415.png,50,128,Smoke,1431,415,1481,543
0018.png,151,97,Smoke,1742,463,1893,560
0117.png,74,99,Smoke,665,440,739,539
0366.png,50,116,Smoke,1431,426,1481,542
0498.png,50,116,Smoke,1431,428,1481,544
0678.png,111,221,Smoke,1020,321,1131,542
1278.png,130,227,Smoke,1017,327,1147,554
0851.png,111,233,Smoke,1020,318,1131,551
1784.png,122,78,Smoke,814,476,936,554
0496.png,32,158,Smoke,962,387,994,545
1563.png,155,48,Smoke,1722,583,1877,631
0050.png,145,116,Smoke,1221,427,1366,543
0856.png,50,128,Smoke,1431,426,1481,554
1150.png,23,113,Smoke,1212,473,1235,586
1337.png,23,151,Smoke,1212,427,1235,578
1450.png,76,227,Smoke,1620,383,1696,610
0230.png,95,176,Smoke,819,375,914,551
0946.png,179,109,Smoke,1741,455,1920,564
0003.png,29,170,Smoke,1136,380,1165,550
0289.png,95,176,Smoke,821,372,916,548
1026.png,50,128,Smoke,1431,422,1481,550
0235.png,69,86,Smoke,670,444,739,530
1418.png,32,170,Smoke,962,373,994,543
0069.png,57,48,Smoke,1703,578,1760,626
0965.png,111,233,Smoke,1027,317,1138,550
0016.png,95,176,Smoke,785,381,880,557
0094.png,55,143,Smoke,446,386,501,529
1524.png,76,227,Smoke,1621,385,1697,612
0302.png,76,92,Smoke,1768,310,1844,402
0114.png,74,99,Smoke,665,439,739,538
0705.png,65,250,Smoke,1622,395,1687,645
0386.png,57,57,Smoke,1773,313,1830,370
1280.png,32,158,Smoke,963,376,995,534
0045.png,145,116,Smoke,1216,427,1361,543
0278.png,55,46,Smoke,552,484,607,530
0719.png,76,118,Smoke,1772,304,1848,422
0034.png,29,170,Smoke,1143,441,1172,611
1449.png,23,151,Smoke,1212,423,1235,574
0530.png,65,197,Smoke,1617,422,1682,619
0017.png,151,97,Smoke,1741,463,1892,560
0034.png,74,99,Smoke,639,448,713,547
1171.png,124,174,Smoke,1254,377,1378,551
1719.png,132,155,Smoke,1246,397,1378,552
0739.png,80,48,Smoke,414,514,494,562
0685.png,174,109,Smoke,1746,450,1920,559
1350.png,128,59,Smoke,1692,577,1820,636
0192.png,65,197,Smoke,1617,421,1682,618
0980.png,101,160,Smoke,812,381,913,541
1322.png,99,59,Smoke,1689,575,1788,634
1223.png,124,174,Smoke,1255,377,1379,551
1669.png,80,57,Smoke,1760,301,1840,358
1517.png,23,151,Smoke,1212,423,1235,574
0122.png,95,176,Smoke,818,376,913,552
1588.png,180,109,Smoke,1740,458,1920,567
0241.png,29,218,Smoke,1162,368,1191,586
0941.png,179,109,Smoke,1741,453,1920,562
0792.png,109,179,Smoke,814,368,923,547
1702.png,128,246,Smoke,1022,313,1150,559
1361.png,23,151,Smoke,1212,422,1235,573
0927.png,50,128,Smoke,1431,424,1481,552
1074.png,55,80,Smoke,546,424,601,504
1602.png,23,151,Smoke,1211,421,1234,572
1335.png,141,67,Smoke,1759,375,1900,442
1502.png,23,151,Smoke,1212,423,1235,574
0099.png,107,195,Smoke,1022,356,1129,551
1515.png,80,48,Smoke,414,514,494,562
0153.png,23,113,Smoke,1214,464,1237,577
0614.png,169,109,Smoke,1751,450,1920,559
1699.png,23,151,Smoke,1210,420,1233,571
0831.png,55,80,Smoke,546,424,601,504
0638.png,99,59,Smoke,1692,575,1791,634
1174.png,84,67,Smoke,1761,378,1845,445
1302.png,50,128,Smoke,1431,418,1481,546
0708.png,80,48,Smoke,414,514,494,562
1191.png,50,128,Smoke,1431,420,1481,548
0311.png,107,221,Smoke,1021,322,1128,543
1706.png,182,109,Smoke,1738,456,1920,565
0205.png,23,113,Smoke,1214,464,1237,577
1059.png,124,174,Smoke,1253,377,1377,551
1233.png,76,250,Smoke,1614,389,1690,639
0330.png,57,57,Smoke,1773,313,1830,370
1198.png,97,151,Smoke,816,394,913,545
0361.png,55,46,Smoke,552,484,607,530
0743.png,76,118,Smoke,1771,303,1847,421
1508.png,50,128,Smoke,1431,412,1481,540
1442.png,29,218,Smoke,1164,335,1193,553
1307.png,130,227,Smoke,1019,325,1149,552
0375.png,23,113,Smoke,1214,464,1237,577
1046.png,74,74,Smoke,1769,361,1843,435
1606.png,132,155,Smoke,1246,397,1378,552
0979.png,111,233,Smoke,1026,317,1137,550
1581.png,55,80,Smoke,546,424,601,504
0017.png,95,176,Smoke,785,382,880,558
0952.png,124,174,Smoke,1253,379,1377,553
1167.png,80,48,Smoke,414,514,494,562
0177.png,74,99,Smoke,666,432,740,531
0193.png,57,57,Smoke,1773,313,1830,370
0208.png,74,99,Smoke,666,431,740,530
0805.png,50,128,Smoke,1431,425,1481,553
0681.png,55,80,Smoke,546,424,601,504
0756.png,160,57,Smoke,580,501,740,558
0263.png,95,176,Smoke,819,372,914,548
0113.png,57,57,Smoke,1773,313,1830,370
1200.png,29,218,Smoke,1164,333,1193,551
1724.png,122,78,Smoke,812,473,934,551
1433.png,50,128,Smoke,1431,414,1481,542
0488.png,76,118,Smoke,1771,309,1847,427
1324.png,50,128,Smoke,1431,419,1481,547
0764.png,55,80,Smoke,546,424,601,504
0198.png,107,221,Smoke,1021,325,1128,546
0367.png,57,57,Smoke,1773,313,1830,370
1172.png,97,151,Smoke,816,392,913,543
0617.png,124,174,Smoke,1251,377,1375,551
1441.png,29,218,Smoke,1164,335,1193,553
0080.png,50,116,Smoke,1433,433,1483,549
0361.png,50,116,Smoke,1431,426,1481,542
1720.png,155,48,Smoke,1722,579,1877,627
1274.png,32,158,Smoke,963,376,995,534
0113.png,76,92,Smoke,1768,310,1844,402
0285.png,148,86,Smoke,1772,448,1920,534
0347.png,76,95,Smoke,665,433,741,528
0960.png,118,107,Smoke,620,447,738,554
0897.png,29,218,Smoke,1163,353,1192,571
1353.png,141,67,Smoke,1760,375,1901,442
0679.png,149,57,Smoke,591,500,740,557
0103.png,29,218,Smoke,1164,351,1193,569
1119.png,97,151,Smoke,814,393,911,544
1519.png,55,80,Smoke,546,424,601,504
1537.png,23,151,Smoke,1212,423,1235,574
0780.png,76,250,Smoke,1615,394,1691,644
1459.png,29,218,Smoke,1164,333,1193,551
0588.png,97,120,Smoke,647,428,744,548
0261.png,141,147,Smoke,1232,408,1373,555
0729.png,76,118,Smoke,1771,304,1847,422
0832.png,23,113,Smoke,1214,469,1237,582
0194.png,107,221,Smoke,1021,324,1128,545
1305.png,29,218,Smoke,1164,335,1193,553
1408.png,80,48,Smoke,414,514,494,562
1569.png,113,57,Smoke,625,497,738,554
0221.png,32,158,Smoke,962,387,994,545
1481.png,80,48,Smoke,414,514,494,562
1080.png,179,109,Smoke,1741,456,1920,565
1687.png,80,48,Smoke,414,514,494,562
0283.png,50,116,Smoke,1431,428,1481,544
0140.png,29,218,Smoke,1164,346,1193,564
0634.png,76,118,Smoke,1771,305,1847,423
1747.png,132,155,Smoke,1246,397,1378,552
1228.png,80,48,Smoke,414,514,494,562
0812.png,170,67,Smoke,567,490,737,557
0794.png,80,48,Smoke,414,514,494,562
0347.png,107,221,Smoke,1021,319,1128,540
0289.png,65,197,Smoke,1617,422,1682,619
0741.png,32,158,Smoke,963,388,995,546
0946.png,55,80,Smoke,546,424,601,504
0702.png,109,179,Smoke,813,368,922,547
0215.png,76,92,Smoke,1769,309,1845,401
0988.png,179,109,Smoke,1741,454,1920,563
0285.png,95,176,Smoke,821,372,916,548
1231.png,32,158,Smoke,963,376,995,534
1300.png,99,59,Smoke,1689,574,1788,633
1065.png,101,107,Smoke,635,446,736,553
1618.png,76,227,Smoke,1623,383,1699,610
0354.png,124,174,Smoke,1251,378,1375,552
1033.png,111,233,Smoke,1027,309,1138,542
0322.png,55,46,Smoke,552,484,607,530
0681.png,55,80,Smoke,546,424,601,504
1428.png,23,151,Smoke,1212,424,1235,575
0402.png,124,174,Smoke,1250,378,1374,552
0141.png,145,116,Smoke,1226,427,1371,543
0566.png,23,113,Smoke,1214,465,1237,578
1198.png,32,158,Smoke,963,376,995,534
0950.png,101,160,Smoke,813,383,914,543
0125.png,32,158,Smoke,962,387,994,545
0905.png,99,59,Smoke,1688,576,1787,635
1725.png,128,246,Smoke,1023,316,1151,562
1150.png,99,59,Smoke,1688,574,1787,633
0140.png,55,143,Smoke,445,386,500,529
0138.png,29,218,Smoke,1164,346,1193,564
0887.png,57,57,Smoke,1773,313,1830,370
1176.png,124,174,Smoke,1254,377,1378,551
0391.png,55,80,Smoke,546,421,601,501
1747.png,80,48,Smoke,414,514,494,562
1276.png,50,128,Smoke,1431,417,1481,545
0740.png,124,174,Smoke,1251,379,1375,553
1351.png,50,128,Smoke,1431,416,1481,544
1402.png,76,227,Smoke,1616,382,1692,609
1017.png,29,218,Smoke,1163,353,1192,571
0955.png,57,57,Smoke,1773,313,1830,370
1020.png,32,158,Smoke,962,381,994,539
1526.png,55,80,Smoke,546,424,601,504
1451.png,155,48,Smoke,1717,579,1872,627
0243.png,23,113,Smoke,1214,464,1237,577
1630.png,80,57,Smoke,1763,302,1843,359
0074.png,29,218,Smoke,1165,359,1194,577
1678.png,80,48,Smoke,414,514,494,562
0728.png,57,57,Smoke,1773,313,1830,370
1068.png,50,128,Smoke,1431,422,1481,550
1308.png,29,218,Smoke,1164,335,1193,553
1349.png,80,48,Smoke,414,514,494,562
0935.png,23,113,Smoke,1214,467,1237,580
0100.png,55,143,Smoke,446,385,501,528
1494.png,29,218,Smoke,1164,335,1193,553
0342.png,57,57,Smoke,1773,313,1830,370
1104.png,99,59,Smoke,1689,575,1788,634
1419.png,130,227,Smoke,1023,322,1153,549
0985.png,124,174,Smoke,1253,379,1377,553
0255.png,57,57,Smoke,1773,313,1830,370
0103.png,145,116,Smoke,1226,427,1371,543
1765.png,141,67,Smoke,1761,371,1902,438
1348.png,80,48,Smoke,414,514,494,562
0914.png,29,218,Smoke,1163,355,1192,573
0732.png,76,118,Smoke,1771,304,1847,422
0891.png,23,113,Smoke,1214,467,1237,580
1656.png,50,128,Smoke,1431,413,1481,541
1717.png,128,246,Smoke,1022,316,1150,562
1753.png,99,55,Smoke,642,498,741,553
1016.png,111,233,Smoke,1027,311,1138,544
0743.png,111,221,Smoke,1019,321,1130,542
0616.png,32,158,Smoke,963,389,995,547
1195.png,57,57,Smoke,1773,313,1830,370
0648.png,55,80,Smoke,546,424,601,504
0175.png,50,116,Smoke,1433,428,1483,544
1778.png,180,109,Smoke,1740,458,1920,567
0033.png,23,113,Smoke,1214,464,1237,577
1070.png,23,113,Smoke,1214,466,1237,579
1269.png,80,48,Smoke,414,514,494,562
0645.png,55,80,Smoke,546,424,601,504
0406.png,69,59,Smoke,1690,578,1759,637
1270.png,101,107,Smoke,635,446,736,553
1458.png,180,109,Smoke,1740,457,1920,566
0983.png,99,59,Smoke,1689,577,1788,636
0702.png,80,48,Smoke,414,514,494,562
1734.png,180,109,Smoke,1740,456,1920,565
1143.png,29,218,Smoke,1164,331,1193,549
1000.png,50,128,Smoke,1431,424,1481,552
0414.png,55,84,Smoke,450,460,505,544
1781.png,55,80,Smoke,546,424,601,504
0155.png,57,57,Smoke,1773,313,1830,370
1456.png,76,227,Smoke,1620,384,1696,611
1428.png,29,218,Smoke,1164,335,1193,553
0866.png,174,109,Smoke,1746,452,1920,561
1025.png,179,109,Smoke,1741,458,1920,567
0507.png,124,174,Smoke,1251,377,1375,551
1124.png,97,151,Smoke,814,394,911,545
1218.png,179,109,Smoke,1741,458,1920,567
0050.png,95,176,Smoke,813,380,908,556
0095.png,48,34,Smoke,559,483,607,517
1429.png,23,151,Smoke,1212,423,1235,574
0336.png,124,174,Smoke,1250,378,1374,552
0427.png,124,174,Smoke,1251,377,1375,551
1212.png,99,59,Smoke,1687,574,1786,633
1697.png,155,48,Smoke,1722,579,1877,627
1140.png,179,109,Smoke,1741,458,1920,567
0624.png,29,218,Smoke,1163,357,1192,575
0787.png,170,67,Smoke,569,490,739,557
1113.png,50,128,Smoke,1431,421,1481,549
1598.png,32,170,Smoke,964,372,996,542
1787.png,80,48,Smoke,414,514,494,562
0845.png,111,233,Smoke,1019,320,1130,553
1309.png,23,113,Smoke,1212,466,1235,579
0332.png,95,139,Smoke,822,409,917,548
0507.png,69,59,Smoke,1688,578,1757,637
0021.png,65,197,Smoke,1583,422,1648,619
1294.png,57,57,Smoke,1773,313,1830,370
1224.png,23,113,Smoke,1213,467,1236,580
1329.png,80,48,Smoke,414,514,494,562
1243.png,32,158,Smoke,963,376,995,534
1721.png,122,78,Smoke,812,473,934,551
1182.png,57,57,Smoke,1773,313,1830,370
0590.png,80,48,Smoke,415,515,495,563
0251.png,55,46,Smoke,552,484,607,530
1352.png,124,174,Smoke,1256,377,1380,551
0268.png,50,116,Smoke,1431,428,1481,544
1256.png,29,218,Smoke,1164,336,1193,554
1195.png,32,158,Smoke,963,376,995,534
0139.png,55,143,Smoke,445,385,500,528
0654.png,50,128,Smoke,1434,425,1484,553
0784.png,99,59,Smoke,1692,576,1791,635
0218.png,50,116,Smoke,1432,426,1482,542
0833.png,170,67,Smoke,567,490,737,557
1603.png,32,170,Smoke,965,372,997,542
0871.png,174,109,Smoke,1746,451,1920,560
0081.png,48,34,Smoke,559,483,607,517
1497.png,181,109,Smoke,1739,457,1920,566
0564.png,32,158,Smoke,962,389,994,547
1773.png,128,246,Smoke,1025,316,1153,562
0700.png,76,118,Smoke,1773,304,1849,422
1002.png,55,80,Smoke,546,424,601,504
0684.png,174,109,Smoke,1746,449,1920,558
0070.png,145,116,Smoke,1227,427,1372,543
1121.png,76,250,Smoke,1614,390,1690,640
0962.png,80,48,Smoke,414,514,494,562
1328.png,55,80,Smoke,546,424,601,504
1715.png,32,170,Smoke,966,380,998,550
1624.png,55,80,Smoke,546,424,601,504
1645.png,76,227,Smoke,1623,382,1699,609
0469.png,29,218,Smoke,1163,354,1192,572
0948.png,76,118,Smoke,1769,316,1845,434
0366.png,55,46,Smoke,552,484,607,530
0697.png,99,59,Smoke,1692,576,1791,635
1312.png,32,170,Smoke,962,378,994,548
1576.png,23,151,Smoke,1212,424,1235,575
1521.png,23,151,Smoke,1212,422,1235,573
0433.png,107,221,Smoke,1021,318,1128,539
1149.png,80,48,Smoke,414,514,494,562
0332.png,144,113,Smoke,1776,443,1920,556
1424.png,76,227,Smoke,1618,384,1694,611
0082.png,48,34,Smoke,559,483,607,517
0797.png,23,113,Smoke,1214,467,1237,580
0590.png,97,120,Smoke,647,428,744,548
1288.png,55,80,Smoke,546,424,601,504
0317.png,69,59,Smoke,1690,577,1759,636
0591.png,99,59,Smoke,1692,576,1791,635
0511.png,50,116,Smoke,1431,429,1481,545
0077.png,57,48,Smoke,1704,578,1761,626
1057.png,80,48,Smoke,414,514,494,562
1152.png,23,113,Smoke,1213,471,1236,584
1107.png,99,59,Smoke,1689,575,1788,634
1248.png,29,218,Smoke,1164,335,1193,553
1118.png,179,109,Smoke,1741,457,1920,566
0838.png,76,250,Smoke,1615,392,1691,642
1046.png,29,218,Smoke,1163,353,1192,571
0335.png,32,158,Smoke,962,387,994,545
1442.png,76,227,Smoke,1620,383,1696,610
1795.png,76,258,Smoke,1626,384,1702,642
0146.png,50,116,Smoke,1433,431,1483,547
1369.png,23,151,Smoke,1212,423,1235,574
1128.png,76,250,Smoke,1614,390,1690,640
0354.png,76,95,Smoke,665,433,741,528
0680.png,124,174,Smoke,1251,378,1375,552
1254.png,124,174,Smoke,1255,377,1379,551
1493.png,32,170,Smoke,962,373,994,543
1546.png,155,48,Smoke,1721,581,1876,629
0163.png,65,197,Smoke,1617,420,1682,617
0543.png,57,57,Smoke,1773,313,1830,370
0534.png,124,174,Smoke,1250,378,1374,552
1724.png,141,67,Smoke,1759,372,1900,439
0687.png,23,113,Smoke,1213,466,1236,579
0041.png,32,158,Smoke,946,388,978,546
0881.png,76,250,Smoke,1613,392,1689,642
0431.png,143,113,Smoke,1777,445,1920,558
0044.png,74,99,Smoke,650,447,724,546
1171.png,99,59,Smoke,1688,573,1787,632
1389.png,124,174,Smoke,1256,377,1380,551
0477.png,23,113,Smoke,1214,464,1237,577
1784.png,55,80,Smoke,546,424,601,504
1752.png,23,151,Smoke,1215,417,1238,568
0839.png,57,57,Smoke,1773,313,1830,370
1368.png,101,107,Smoke,635,446,736,553
0573.png,57,57,Smoke,1773,313,1830,370
0636.png,174,109,Smoke,1746,449,1920,558
1279.png,23,113,Smoke,1212,467,1235,580
0173.png,23,113,Smoke,1214,464,1237,577
0863.png,111,233,Smoke,1021,318,1132,551
0592.png,23,113,Smoke,1214,465,1237,578
0669.png,124,174,Smoke,1251,378,1375,552
0085.png,29,218,Smoke,1165,353,1194,571
0359.png,76,92,Smoke,1768,310,1844,402
0913.png,29,218,Smoke,1163,355,1192,573
0133.png,95,176,Smoke,818,375,913,551
1597.png,23,151,Smoke,1211,422,1234,573
1592.png,141,67,Smoke,1759,377,1900,444
0886.png,50,128,Smoke,1431,424,1481,552
1100.png,97,151,Smoke,814,394,911,545
0113.png,147,97,Smoke,1773,457,1920,554
0124.png,95,176,Smoke,818,375,913,551
0375.png,65,197,Smoke,1617,421,1682,618
1379.png,130,227,Smoke,1022,322,1152,549
1284.png,50,128,Smoke,1431,418,1481,546
0903.png,76,118,Smoke,1770,317,1846,435
0720.png,99,59,Smoke,1693,577,1792,636
1672.png,122,78,Smoke,811,474,933,552
0031.png,34,116,Smoke,1410,434,1444,550
0355.png,23,113,Smoke,1214,464,1237,577
1258.png,101,107,Smoke,635,446,736,553
1656.png,130,227,Smoke,1027,311,1157,538
0607.png,111,221,Smoke,1019,320,1130,541
0894.png,174,109,Smoke,1746,452,1920,561
0491.png,69,59,Smoke,1688,578,1757,637
0046.png,29,170,Smoke,1160,379,1189,549
0973.png,99,59,Smoke,1688,577,1787,636
0796.png,50,128,Smoke,1431,423,1481,551
1032.png,99,59,Smoke,1687,577,1786,636
1515.png,132,155,Smoke,1247,398,1379,553
0063.png,95,176,Smoke,818,379,913,555
0009.png,74,99,Smoke,628,448,702,547
1682.png,128,246,Smoke,1021,311,1149,557
1274.png,29,218,Smoke,1164,335,1193,553
0749.png,50,128,Smoke,1432,424,1482,552
1372.png,141,67,Smoke,1760,374,1901,441
0374.png,69,59,Smoke,1691,580,1760,639
0502.png,80,48,Smoke,415,515,495,563
1455.png,80,48,Smoke,414,514,494,562
0851.png,99,59,Smoke,1689,577,1788,636
0466.png,32,158,Smoke,962,387,994,545
0421.png,50,116,Smoke,1431,428,1481,544
0978.png,101,160,Smoke,812,379,913,539
0535.png,32,158,Smoke,962,389,994,547
0350.png,55,46,Smoke,552,483,607,529
1494.png,132,155,Smoke,1247,396,1379,551
1008.png,111,233,Smoke,1027,313,1138,546
0397.png,65,197,Smoke,1617,422,1682,619
1306.png,101,107,Smoke,635,446,736,553
1340.png,141,67,Smoke,1759,375,1900,442
0165.png,95,176,Smoke,819,375,914,551
0275.png,29,218,Smoke,1163,356,1192,574
0346.png,29,218,Smoke,1163,356,1192,574
0604.png,23,113,Smoke,1214,465,1237,578
1627.png,113,57,Smoke,630,496,743,553
1612.png,130,227,Smoke,1026,310,1156,537
0975.png,124,174,Smoke,1253,379,1377,553
0168.png,148,97,Smoke,1772,449,1920,546
0477.png,95,155,Smoke,822,395,917,550
0644.png,55,80,Smoke,546,424,601,504
0031.png,32,158,Smoke,935,388,967,546
1352.png,90,67,Smoke,816,490,906,557
1031.png,32,158,Smoke,962,381,994,539
0749.png,76,250,Smoke,1610,394,1686,644
1721.png,29,218,Smoke,1161,336,1190,554
0676.png,55,80,Smoke,546,424,601,504
0560.png,124,174,Smoke,1250,378,1374,552
0395.png,144,113,Smoke,1776,442,1920,555
0402.png,55,84,Smoke,450,460,505,544
0744.png,174,109,Smoke,1746,449,1920,558
0754.png,160,57,Smoke,580,501,740,558
0188.png,107,195,Smoke,1021,350,1128,545
0525.png,65,197,Smoke,1617,423,1682,620
0824.png,32,158,Smoke,963,386,995,544
1072.png,74,74,Smoke,1770,361,1844,435
0816.png,111,233,Smoke,1020,321,1131,554
0069.png,34,116,Smoke,1433,432,1467,548
1509.png,29,218,Smoke,1163,334,1192,552
1491.png,76,227,Smoke,1621,384,1697,611
1398.png,141,67,Smoke,1759,374,1900,441
0444.png,55,80,Smoke,546,424,601,504
0813.png,174,109,Smoke,1746,450,1920,559
1664.png,80,57,Smoke,1760,301,1840,358
0851.png,170,90,Smoke,567,466,737,556
0493.png,76,118,Smoke,1771,309,1847,427
1102.png,179,109,Smoke,1741,457,1920,566
0950.png,76,118,Smoke,1769,316,1845,434
1510.png,141,67,Smoke,1756,376,1897,443
0028.png,23,113,Smoke,1214,464,1237,577
1724.png,128,246,Smoke,1023,315,1151,561
0270.png,55,46,Smoke,552,484,607,530
1298.png,101,107,Smoke,635,446,736,553
0076.png,57,57,Smoke,1773,313,1830,370
0830.png,107,179,Smoke,815,369,922,548
1680.png,182,109,Smoke,1738,457,1920,566
1231.png,55,80,Smoke,546,424,601,504
1537.png,130,227,Smoke,1026,315,1156,542
0318.png,29,218,Smoke,1163,356,1192,574
0430.png,23,113,Smoke,1214,464,1237,577
1221.png,55,80,Smoke,546,424,601,504
1335.png,179,109,Smoke,1741,458,1920,567
0966.png,99,59,Smoke,1688,577,1787,636
1644.png,132,155,Smoke,1246,397,1378,552
1176.png,101,107,Smoke,635,446,736,553
0534.png,50,128,Smoke,1436,421,1486,549
1370.png,80,48,Smoke,414,514,494,562
0709.png,55,80,Smoke,546,424,601,504
0894.png,32,158,Smoke,963,381,995,539
0784.png,32,158,Smoke,963,388,995,546
1752.png,99,55,Smoke,642,498,741,553
0892.png,50,128,Smoke,1431,424,1481,552
1511.png,76,227,Smoke,1621,384,1697,611
1660.png,141,67,Smoke,1759,373,1900,440
0419.png,95,139,Smoke,823,407,918,546
1350.png,50,128,Smoke,1431,419,1481,547
1784.png,32,170,Smoke,966,388,998,558
1214.png,84,67,Smoke,1760,377,1844,444
0879.png,57,57,Smoke,1773,313,1830,370
1739.png,181,109,Smoke,1739,456,1920,565
1490.png,23,151,Smoke,1212,422,1235,573
1002.png,80,48,Smoke,414,514,494,562
1192.png,50,128,Smoke,1432,419,1482,547
0143.png,48,34,Smoke,559,483,607,517
0283.png,29,218,Smoke,1163,356,1192,574
0685.png,109,155,Smoke,811,394,920,549
1645.png,122,78,Smoke,810,475,932,553
0434.png,55,80,Smoke,546,421,601,501
0477.png,65,197,Smoke,1617,421,1682,618
1083.png,57,57,Smoke,1773,313,1830,370
0131.png,74,99,Smoke,666,437,740,536
1157.png,101,107,Smoke,635,446,736,553
1482.png,141,67,Smoke,1757,373,1898,440
0340.png,76,95,Smoke,665,433,741,528
1701.png,181,109,Smoke,1739,456,1920,565
0676.png,65,218,Smoke,1620,396,1685,614
1371.png,90,67,Smoke,815,490,905,557
1605.png,181,109,Smoke,1739,458,1920,567
1114.png,124,174,Smoke,1254,377,1378,551
1463.png,50,128,Smoke,1431,412,1481,540
0761.png,23,113,Smoke,1214,467,1237,580
0385.png,143,113,Smoke,1777,442,1920,555
0777.png,29,218,Smoke,1163,355,1192,573
1674.png,23,151,Smoke,1210,421,1233,572
1666.png,29,218,Smoke,1161,338,1190,556
0041.png,145,116,Smoke,1212,427,1357,543
0744.png,23,113,Smoke,1213,468,1236,581
1441.png,55,80,Smoke,546,424,601,504
1468.png,180,109,Smoke,1740,457,1920,566
0324.png,144,113,Smoke,1776,446,1920,559
0746.png,23,113,Smoke,1214,467,1237,580
0462.png,107,221,Smoke,1023,319,1130,540
1498.png,103,55,Smoke,818,498,921,553
0866.png,124,174,Smoke,1251,379,1375,553
1553.png,132,155,Smoke,1247,397,1379,552
0841.png,170,67,Smoke,567,490,737,557
0048.png,57,48,Smoke,1696,578,1753,626
1030.png,99,59,Smoke,1687,577,1786,636
0081.png,55,143,Smoke,446,387,501,530
0678.png,23,113,Smoke,1213,465,1236,578
0003.png,145,116,Smoke,1193,429,1338,545
1724.png,80,48,Smoke,414,514,494,562
0191.png,50,116,Smoke,1432,426,1482,542
0783.png,111,233,Smoke,1019,321,1130,554
1179.png,55,80,Smoke,546,424,601,504
0592.png,111,221,Smoke,1019,320,1130,541
0858.png,55,80,Smoke,546,424,601,504
0913.png,76,118,Smoke,1770,315,1846,433
1471.png,57,57,Smoke,1759,304,1816,361
0812.png,124,174,Smoke,1251,379,1375,553
0618.png,50,128,Smoke,1434,422,1484,550
0054.png,34,116,Smoke,1431,431,1465,547
0740.png,109,179,Smoke,813,368,922,547
1066.png,97,151,Smoke,814,392,911,543
0364.png,95,139,Smoke,821,407,916,546
0843.png,29,218,Smoke,1163,355,1192,573
1458.png,103,55,Smoke,815,498,918,553
0679.png,57,57,Smoke,1773,313,1830,370
0759.png,76,250,Smoke,1612,394,1688,644
0497.png,80,48,Smoke,415,515,495,563
1681.png,23,151,Smoke,1210,421,1233,572
0803.png,80,48,Smoke,414,514,494,562
0549.png,161,109,Smoke,1759,449,1920,558
1593.png,181,109,Smoke,1739,458,1920,567
1373.png,124,174,Smoke,1256,377,1380,551
1262.png,23,113,Smoke,1212,466,1235,579
0389.png,76,92,Smoke,1768,310,1844,402
1363.png,57,57,Smoke,1773,313,1830,370
0232.png,23,113,Smoke,1214,464,1237,577
0351.png,32,158,Smoke,962,387,994,545
1087.png,124,174,Smoke,1253,377,1377,551
0232.png,50,116,Smoke,1431,427,1481,543
1114.png,97,151,Smoke,814,394,911,545
0797.png,76,250,Smoke,1615,394,1691,644
1290.png,50,128,Smoke,1431,418,1481,546
0908.png,99,59,Smoke,1687,576,1786,635
0505.png,107,221,Smoke,1025,317,1132,538
0880.png,32,158,Smoke,963,386,995,544
0398.png,86,107,Smoke,656,431,742,538
1609.png,155,48,Smoke,1722,581,1877,629
1153.png,57,57,Smoke,1773,313,1830,370
0600.png,111,221,Smoke,1020,320,1131,541
1521.png,50,128,Smoke,1431,412,1481,540
1127.png,97,151,Smoke,814,395,911,546
0482.png,95,155,Smoke,822,395,917,550
0794.png,55,80,Smoke,546,424,601,504
1419.png,76,227,Smoke,1617,383,1693,610
0235.png,50,116,Smoke,1431,427,1481,543
0184.png,107,195,Smoke,1021,350,1128,545
1569.png,32,170,Smoke,962,371,994,541
1190.png,55,80,Smoke,546,424,601,504
0731.png,160,57,Smoke,580,501,740,558
0784.png,76,250,Smoke,1615,394,1691,644
0037.png,151,97,Smoke,1757,462,1908,559
0530.png,57,57,Smoke,1773,313,1830,370
1587.png,181,109,Smoke,1739,458,1920,567
1291.png,57,57,Smoke,1773,313,1830,370
1220.png,57,57,Smoke,1773,313,1830,370
1226.png,124,174,Smoke,1255,377,1379,551
1792.png,76,258,Smoke,1625,385,1701,643
1439.png,23,151,Smoke,1212,423,1235,574
1396.png,90,67,Smoke,816,489,906,556
1329.png,50,128,Smoke,1432,420,1482,548
0341.png,95,139,Smoke,821,409,916,548
1749.png,32,170,Smoke,966,382,998,552
0369.png,65,197,Smoke,1617,422,1682,619
0428.png,65,197,Smoke,1617,422,1682,619
1297.png,32,170,Smoke,962,376,994,546
1625.png,132,155,Smoke,1246,399,1378,554
1737.png,80,48,Smoke,414,514,494,562
0919.png,57,57,Smoke,1773,313,1830,370
1738.png,23,151,Smoke,1212,416,1235,567
1012.png,57,57,Smoke,1773,313,1830,370
1160.png,99,59,Smoke,1688,574,1787,633
1655.png,132,155,Smoke,1246,397,1378,552
1701.png,50,128,Smoke,1431,412,1481,540
1728.png,29,218,Smoke,1161,337,1190,555
0846.png,55,80,Smoke,546,424,601,504
0378.png,29,218,Smoke,1163,357,1192,575
0125.png,145,116,Smoke,1226,427,1371,543
0474.png,142,109,Smoke,1778,446,1920,555
0072.png,148,97,Smoke,1772,456,1920,553
0857.png,170,90,Smoke,567,466,737,556
1013.png,50,128,Smoke,1431,422,1481,550
0059.png,34,116,Smoke,1434,434,1468,550
0023.png,57,48,Smoke,1670,579,1727,627
0909.png,55,80,Smoke,546,424,601,504
0473.png,107,221,Smoke,1023,318,1130,539
0005.png,50,147,Smoke,418,397,468,544
0045.png,32,158,Smoke,951,388,983,546
0041.png,55,143,Smoke,432,392,487,535
1470.png,132,155,Smoke,1247,397,1379,552
0607.png,29,218,Smoke,1163,355,1192,573
1328.png,76,250,Smoke,1616,382,1692,632
1364.png,23,151,Smoke,1212,422,1235,573
1285.png,90,67,Smoke,815,492,905,559
0911.png,23,113,Smoke,1214,466,1237,579
1273.png,32,158,Smoke,963,376,995,534
1158.png,29,218,Smoke,1164,333,1193,551
1356.png,57,57,Smoke,1773,313,1830,370
1216.png,32,158,Smoke,963,376,995,534
1754.png,128,246,Smoke,1025,317,1153,563
0291.png,69,86,Smoke,670,439,739,525
0513.png,57,57,Smoke,1773,313,1830,370
1504.png,76,227,Smoke,1621,385,1697,612
1418.png,80,48,Smoke,414,514,494,562
0889.png,124,174,Smoke,1252,379,1376,553
0881.png,50,128,Smoke,1431,425,1481,553
1252.png,23,113,Smoke,1212,466,1235,579
1782.png,32,170,Smoke,966,388,998,558
0768.png,76,250,Smoke,1612,394,1688,644
1467.png,130,227,Smoke,1024,322,1154,549
0110.png,57,57,Smoke,1773,313,1830,370
1600.png,76,227,Smoke,1622,383,1698,610
0647.png,174,109,Smoke,1746,449,1920,558
0920.png,111,233,Smoke,1026,317,1137,550
0420.png,32,158,Smoke,962,387,994,545
0822.png,124,174,Smoke,1251,379,1375,553
1762.png,99,55,Smoke,642,498,741,553
0128.png,55,143,Smoke,445,387,500,530
0354.png,57,57,Smoke,1773,313,1830,370
0666.png,149,71,Smoke,589,486,738,557
1673.png,76,227,Smoke,1623,382,1699,609
1360.png,32,170,Smoke,962,377,994,547
1536.png,80,48,Smoke,414,514,494,562
0613.png,80,48,Smoke,414,515,494,563
0991.png,101,107,Smoke,635,447,736,554
0272.png,124,174,Smoke,1249,380,1373,554
0702.png,76,118,Smoke,1772,304,1848,422
0316.png,23,113,Smoke,1214,464,1237,577
1111.png,23,113,Smoke,1214,469,1237,582
1578.png,182,109,Smoke,1738,457,1920,566
0217.png,95,176,Smoke,819,376,914,552
1074.png,124,174,Smoke,1253,377,1377,551
0420.png,86,107,Smoke,656,431,742,538
1079.png,76,250,Smoke,1615,389,1691,639
0828.png,80,48,Smoke,414,514,494,562
0057.png,34,116,Smoke,1433,431,1467,547
0265.png,124,174,Smoke,1251,380,1375,554
0736.png,32,158,Smoke,963,388,995,546
0213.png,55,84,Smoke,450,458,505,542
0426.png,86,107,Smoke,656,431,742,538
1510.png,23,151,Smoke,1212,423,1235,574
1597.png,130,227,Smoke,1026,310,1156,537
0525.png,107,221,Smoke,1024,320,1131,541
1233.png,84,67,Smoke,1761,376,1845,443
1684.png,80,48,Smoke,414,514,494,562
1799.png,55,80,Smoke,546,424,601,504
1314.png,101,107,Smoke,635,446,736,553
1685.png,155,48,Smoke,1722,579,1877,627
0722.png,99,59,Smoke,1692,576,1791,635
0837.png,99,59,Smoke,1689,577,1788,636
0316.png,146,113,Smoke,1774,445,1920,558
0941.png,50,128,Smoke,1431,424,1481,552
0337.png,23,113,Smoke,1214,464,1237,577
0343.png,76,95,Smoke,665,432,741,527
1383.png,141,67,Smoke,1759,374,1900,441
1026.png,111,233,Smoke,1026,311,1137,544
1438.png,101,107,Smoke,635,446,736,553
1144.png,84,67,Smoke,1762,378,1846,445
0701.png,160,57,Smoke,580,500,740,557
1765.png,128,246,Smoke,1025,316,1153,562
0290.png,65,197,Smoke,1617,421,1682,618
0531.png,50,116,Smoke,1431,428,1481,544
0303.png,69,86,Smoke,671,438,740,524
1751.png,99,55,Smoke,642,498,741,553
1184.png,124,174,Smoke,1253,377,1377,551
0580.png,76,118,Smoke,1770,307,1846,425
1669.png,181,109,Smoke,1739,457,1920,566
1305.png,55,80,Smoke,546,424,601,504
1691.png,23,151,Smoke,1210,420,1233,571
0712.png,50,128,Smoke,1433,424,1483,552
0447.png,55,84,Smoke,450,460,505,544
1784.png,99,55,Smoke,642,499,741,554
1229.png,76,250,Smoke,1614,389,1690,639
0508.png,50,116,Smoke,1431,428,1481,544
1609.png,55,80,Smoke,546,424,601,504
0096.png,95,176,Smoke,818,375,913,551
0271.png,69,86,Smoke,670,444,739,530
0606.png,124,174,Smoke,1251,377,1375,551
0468.png,107,221,Smoke,1023,319,1130,540
0018.png,107,195,Smoke,991,357,1098,552
1328.png,179,109,Smoke,1741,458,1920,567
0739.png,99,59,Smoke,1692,575,1791,634
1515.png,29,218,Smoke,1164,343,1193,561
1520.png,29,218,Smoke,1164,342,1193,560
1687.png,141,67,Smoke,1761,373,1902,440
0766.png,177,109,Smoke,1743,449,1920,558
0889.png,55,80,Smoke,546,424,601,504
0670.png,80,48,Smoke,414,515,494,563
1582.png,141,67,Smoke,1758,377,1899,444
1638.png,130,227,Smoke,1027,309,1157,536
0396.png,57,57,Smoke,1773,313,1830,370
0473.png,76,118,Smoke,1771,309,1847,427
1037.png,76,118,Smoke,1769,317,1845,435
0396.png,23,113,Smoke,1214,464,1237,577
0563.png,99,59,Smoke,1692,575,1791,634
0309.png,65,197,Smoke,1617,422,1682,619
1322.png,50,128,Smoke,1431,419,1481,547
0951.png,55,80,Smoke,546,424,601,504
0852.png,80,48,Smoke,414,514,494,562
0012.png,50,147,Smoke,418,397,468,544
0696.png,80,48,Smoke,414,514,494,562
1081.png,29,218,Smoke,1164,333,1193,551
1405.png,57,57,Smoke,1754,305,1811,362
0127.png,57,57,Smoke,1773,313,1830,370
1693.png,50,128,Smoke,1431,412,1481,540
0252.png,141,147,Smoke,1232,407,1373,554
1327.png,55,80,Smoke,546,424,601,504
1649.png,76,227,Smoke,1623,382,1699,609
0273.png,50,116,Smoke,1431,428,1481,544
0679.png,55,80,Smoke,546,424,601,504
0180.png,48,34,Smoke,559,483,607,517
0550.png,23,113,Smoke,1214,465,1237,578
0271.png,76,92,Smoke,1768,310,1844,402
0089.png,55,143,Smoke,446,387,501,530
1197.png,32,158,Smoke,963,376,995,534
0203.png,23,113,Smoke,1214,464,1237,577
0613.png,169,109,Smoke,1751,450,1920,559
1200.png,76,250,Smoke,1613,390,1689,640
0959.png,29,218,Smoke,1163,353,1192,571
1115.png,99,59,Smoke,1689,575,1788,634
1556.png,130,227,Smoke,1025,311,1155,538
0398.png,32,158,Smoke,962,387,994,545
0901.png,107,179,Smoke,814,369,921,548
1772.png,32,170,Smoke,966,386,998,556
0359.png,65,197,Smoke,1617,424,1682,621
0055.png,23,113,Smoke,1214,464,1237,577
0765.png,50,128,Smoke,1431,424,1481,552
0130.png,23,113,Smoke,1214,464,1237,577
0117.png,148,97,Smoke,1772,454,1920,551
0434.png,86,107,Smoke,656,431,742,538
0588.png,29,218,Smoke,1163,355,1192,573
0187.png,50,116,Smoke,1433,426,1483,542
0861.png,174,109,Smoke,1746,452,1920,561
1305.png,57,57,Smoke,1773,313,1830,370
1704.png,29,218,Smoke,1161,336,1190,554
0019.png,107,195,Smoke,991,357,1098,552
1649.png,122,78,Smoke,810,475,932,553
0260.png,144,86,Smoke,1776,456,1920,542
1075.png,76,250,Smoke,1615,389,1691,639
1190.png,101,107,Smoke,635,446,736,553
0591.png,23,113,Smoke,1214,465,1237,578
1391.png,23,151,Smoke,1212,422,1235,573
1402.png,124,174,Smoke,1256,377,1380,551
0467.png,95,155,Smoke,821,397,916,552
1605.png,50,128,Smoke,1431,412,1481,540
0335.png,76,95,Smoke,665,433,741,528
1386.png,180,109,Smoke,1740,458,1920,567
0887.png,29,218,Smoke,1163,355,1192,573
0166.png,107,195,Smoke,1022,350,1129,545
1056.png,97,151,Smoke,813,392,910,543
0877.png,32,158,Smoke,963,386,995,544
0322.png,69,59,Smoke,1690,578,1759,637
1736.png,180,109,Smoke,1740,456,1920,565
1139.png,99,57,Smoke,1771,391,1870,448
0650.png,29,218,Smoke,1163,357,1192,575
0560.png,107,221,Smoke,1026,319,1133,540
0259.png,29,218,Smoke,1163,356,1192,574
1549.png,23,151,Smoke,1212,423,1235,574
1390.png,55,80,Smoke,546,424,601,504
1403.png,76,227,Smoke,1616,382,1692,609
0788.png,76,250,Smoke,1615,394,1691,644
1292.png,124,174,Smoke,1255,377,1379,551
0454.png,76,118,Smoke,1771,310,1847,428
0612.png,124,174,Smoke,1251,377,1375,551
1592.png,111,76,Smoke,816,477,927,553
1353.png,32,170,Smoke,962,378,994,548
0565.png,29,218,Smoke,1163,356,1192,574
0832.png,80,48,Smoke,414,514,494,562
1230.png,101,107,Smoke,635,446,736,553
1399.png,57,57,Smoke,1754,305,1811,362
0460.png,107,221,Smoke,1023,318,1130,539
0921.png,76,250,Smoke,1612,390,1688,640
0059.png,23,113,Smoke,1214,464,1237,577
1395.png,50,128,Smoke,1431,415,1481,543
0106.png,48,34,Smoke,559,483,607,517
1084.png,97,151,Smoke,814,393,911,544
0207.png,76,92,Smoke,1769,309,1845,401
1332.png,124,174,Smoke,1256,377,1380,551
0563.png,50,128,Smoke,1435,423,1485,551
0047.png,55,143,Smoke,438,389,493,532
1233.png,97,151,Smoke,816,393,913,544
0095.png,95,176,Smoke,818,375,913,551
0706.png,32,158,Smoke,963,388,995,546
1270.png,57,57,Smoke,1773,313,1830,370
0352.png,107,221,Smoke,1021,318,1128,539
0448.png,32,158,Smoke,962,387,994,545
1721.png,80,48,Smoke,414,514,494,562
1531.png,181,109,Smoke,1739,457,1920,566
1027.png,76,250,Smoke,1615,390,1691,640
0188.png,55,46,Smoke,552,483,607,529
1056.png,101,107,Smoke,635,446,736,553
0874.png,76,250,Smoke,1614,392,1690,642
0565.png,107,221,Smoke,1026,319,1133,540
0456.png,124,174,Smoke,1250,378,1374,552
0253.png,107,221,Smoke,1022,323,1129,544
1133.png,124,174,Smoke,1254,377,1378,551
1676.png,80,48,Smoke,414,514,494,562
0939.png,29,218,Smoke,1163,353,1192,571
1166.png,32,158,Smoke,963,376,995,534
1026.png,80,48,Smoke,414,514,494,562
1372.png,180,109,Smoke,1740,459,1920,568
1577.png,80,48,Smoke,414,514,494,562
0423.png,29,218,Smoke,1163,357,1192,575
0125.png,95,176,Smoke,818,375,913,551
0194.png,57,57,Smoke,1773,313,1830,370
0362.png,107,221,Smoke,1021,318,1128,539
0469.png,32,158,Smoke,962,387,994,545
1095.png,101,107,Smoke,635,446,736,553
1095.png,29,218,Smoke,1164,337,1193,555
0626.png,170,109,Smoke,1750,450,1920,559
0628.png,23,113,Smoke,1214,465,1237,578
1545.png,181,109,Smoke,1739,457,1920,566
1444.png,155,48,Smoke,1717,579,1872,627
1720.png,80,57,Smoke,1758,299,1838,356
0164.png,107,195,Smoke,1022,350,1129,545
1297.png,50,128,Smoke,1431,417,1481,545
0141.png,23,113,Smoke,1214,464,1237,577
1628.png,76,227,Smoke,1623,384,1699,611
1794.png,50,128,Smoke,1431,412,1481,540
1594.png,113,57,Smoke,629,497,742,554
1660.png,55,80,Smoke,546,424,601,504
0809.png,111,233,Smoke,1019,320,1130,553
1107.png,111,246,Smoke,1031,307,1142,553
0650.png,80,48,Smoke,414,514,494,562
0466.png,29,218,Smoke,1163,355,1192,573
0244.png,50,116,Smoke,1431,428,1481,544
0012.png,57,57,Smoke,1773,313,1830,370
0210.png,76,92,Smoke,1769,309,1845,401
1709.png,181,109,Smoke,1739,457,1920,566
0998.png,124,174,Smoke,1253,379,1377,553
0464.png,76,118,Smoke,1771,309,1847,427
1021.png,111,233,Smoke,1027,311,1138,544
1638.png,113,57,Smoke,629,495,742,552
0950.png,32,158,Smoke,962,381,994,539
1272.png,29,218,Smoke,1164,335,1193,553
0080.png,32,158,Smoke,962,388,994,546
0807.png,111,233,Smoke,1019,321,1130,554
0606.png,55,80,Smoke,546,424,601,504
0607.png,109,155,Smoke,810,395,919,550
0250.png,107,221,Smoke,1023,322,1130,543
0012.png,107,195,Smoke,991,355,1098,550
0106.png,74,99,Smoke,665,441,739,540
0170.png,29,218,Smoke,1163,348,1192,566
0656.png,65,218,Smoke,1620,397,1685,615
1729.png,32,170,Smoke,966,382,998,552
1426.png,23,151,Smoke,1212,424,1235,575
1153.png,84,67,Smoke,1761,378,1845,445
0599.png,111,221,Smoke,1019,321,1130,542
0006.png,29,170,Smoke,1136,380,1165,550
1300.png,90,67,Smoke,815,492,905,559
0548.png,32,158,Smoke,962,389,994,547
0250.png,69,86,Smoke,669,444,738,530
0853.png,99,59,Smoke,1689,577,1788,636
0089.png,48,34,Smoke,559,483,607,517
0083.png,57,57,Smoke,1773,313,1830,370
1439.png,32,170,Smoke,962,373,994,543
1574.png,50,128,Smoke,1431,412,1481,540
0802.png,50,128,Smoke,1431,425,1481,553
1533.png,32,170,Smoke,962,375,994,545
1093.png,29,218,Smoke,1164,335,1193,553
1006.png,57,57,Smoke,1773,313,1830,370
0608.png,111,221,Smoke,1019,320,1130,541
1553.png,141,67,Smoke,1758,377,1899,444
0305.png,55,84,Smoke,450,460,505,544
0949.png,57,57,Smoke,1773,313,1830,370
0833.png,99,59,Smoke,1690,576,1789,635
1322.png,23,151,Smoke,1212,427,1235,578
1509.png,130,227,Smoke,1023,321,1153,548
0152.png,76,92,Smoke,1768,310,1844,402
0927.png,23,113,Smoke,1214,463,1237,576
0380.png,124,174,Smoke,1250,378,1374,552
1511.png,80,48,Smoke,414,514,494,562
0557.png,65,218,Smoke,1618,397,1683,615
0658.png,111,221,Smoke,1020,321,1131,542
0747.png,23,113,Smoke,1214,467,1237,580
0902.png,107,179,Smoke,814,369,921,548
0587.png,50,128,Smoke,1434,423,1484,551
0675.png,29,218,Smoke,1163,358,1192,576
0974.png,111,233,Smoke,1026,317,1137,550
0103.png,50,116,Smoke,1433,433,1483,549
0238.png,69,86,Smoke,670,444,739,530
1313.png,32,170,Smoke,962,378,994,548
1259.png,32,158,Smoke,963,376,995,534
1453.png,101,107,Smoke,635,446,736,553
0024.png,32,158,Smoke,929,389,961,547
1777.png,29,218,Smoke,1161,341,1190,559
0439.png,57,57,Smoke,1773,313,1830,370
1331.png,55,80,Smoke,546,424,601,504
0255.png,141,147,Smoke,1231,407,1372,554
0494.png,29,218,Smoke,1163,356,1192,574
1309.png,76,250,Smoke,1618,385,1694,635
1289.png,80,48,Smoke,414,514,494,562
0620.png,124,174,Smoke,1251,377,1375,551
0154.png,148,97,Smoke,1772,451,1920,548
1169.png,23,113,Smoke,1213,471,1236,584
0350.png,69,59,Smoke,1690,579,1759,638
1566.png,132,155,Smoke,1246,397,1378,552
0629.png,124,174,Smoke,1251,377,1375,551
0711.png,124,174,Smoke,1251,378,1375,552
0106.png,29,218,Smoke,1164,351,1193,569
0877.png,57,57,Smoke,1773,313,1830,370
1294.png,23,113,Smoke,1212,466,1235,579
1132.png,99,57,Smoke,1771,391,1870,448
0555.png,76,118,Smoke,1771,308,1847,426
0462.png,57,57,Smoke,1773,313,1830,370
1529.png,155,48,Smoke,1721,581,1876,629
1183.png,179,109,Smoke,1741,457,1920,566
1578.png,155,48,Smoke,1722,582,1877,630
1016.png,55,80,Smoke,546,424,601,504
0587.png,65,218,Smoke,1618,397,1683,615
1674.png,80,57,Smoke,1759,302,1839,359
0500.png,107,221,Smoke,1024,317,1131,538
0620.png,57,57,Smoke,1773,313,1830,370
1185.png,55,80,Smoke,546,424,601,504
1595.png,29,218,Smoke,1163,337,1192,555
0737.png,109,179,Smoke,814,368,923,547
1731.png,181,109,Smoke,1739,456,1920,565
0507.png,97,120,Smoke,647,424,744,544
1635.png,141,67,Smoke,1759,374,1900,441
1037.png,50,128,Smoke,1431,421,1481,549
1558.png,111,76,Smoke,814,477,925,553
1335.png,23,151,Smoke,1211,425,1234,576
0927.png,124,174,Smoke,1252,379,1376,553
1797.png,155,48,Smoke,1722,578,1877,626
0679.png,32,158,Smoke,963,388,995,546
1461.png,55,80,Smoke,546,424,601,504
0192.png,57,57,Smoke,1773,313,1830,370
0804.png,99,59,Smoke,1690,575,1789,634
1744.png,122,78,Smoke,814,474,936,552
0180.png,65,197,Smoke,1617,421,1682,618
0678.png,109,155,Smoke,811,394,920,549
1622.png,23,151,Smoke,1210,422,1233,573
1660.png,80,57,Smoke,1761,301,1841,358
1757.png,29,218,Smoke,1161,344,1190,562
1469.png,155,48,Smoke,1717,579,1872,627
0330.png,76,92,Smoke,1768,310,1844,402
1595.png,76,227,Smoke,1622,384,1698,611
1067.png,23,113,Smoke,1214,469,1237,582
1222.png,111,246,Smoke,1032,306,1143,552
1708.png,32,170,Smoke,966,380,998,550
0751.png,124,174,Smoke,1251,379,1375,553
0249.png,69,59,Smoke,1691,577,1760,636
1129.png,29,218,Smoke,1164,331,1193,549
1621.png,55,80,Smoke,546,424,601,504
0624.png,124,174,Smoke,1251,377,1375,551
1477.png,80,48,Smoke,414,514,494,562
1503.png,181,109,Smoke,1739,457,1920,566
0398.png,107,221,Smoke,1022,317,1129,538
1453.png,155,48,Smoke,1717,579,1872,627
0453.png,124,174,Smoke,1250,378,1374,552
0121.png,74,99,Smoke,666,437,740,536
0773.png,99,59,Smoke,1692,575,1791,634
0134.png,145,116,Smoke,1226,427,1371,543
0604.png,50,128,Smoke,1434,423,1484,551
1136.png,99,57,Smoke,1771,391,1870,448
0326.png,76,95,Smoke,665,434,741,529
1021.png,57,57,Smoke,1773,313,1830,370
1366.png,23,151,Smoke,1212,422,1235,573
0541.png,50,128,Smoke,1435,421,1485,549
1049.png,57,57,Smoke,1773,313,1830,370
0038.png,95,176,Smoke,800,382,895,558
1349.png,23,151,Smoke,1211,425,1234,576
0657.png,109,155,Smoke,810,394,919,549
0544.png,107,221,Smoke,1025,319,1132,540
1686.png,122,78,Smoke,812,473,934,551
0269.png,95,176,Smoke,820,372,915,548
0880.png,50,128,Smoke,1431,425,1481,553
1751.png,76,258,Smoke,1624,382,1700,640
1689.png,181,109,Smoke,1739,456,1920,565
0007.png,57,57,Smoke,1773,313,1830,370
0336.png,95,139,Smoke,821,409,916,548
1569.png,29,218,Smoke,1163,342,1192,560
1023.png,86,160,Smoke,814,379,900,539
0265.png,50,116,Smoke,1431,428,1481,544
0701.png,65,250,Smoke,1622,395,1687,645
0270.png,69,86,Smoke,670,444,739,530
0015.png,23,113,Smoke,1214,464,1237,577
0339.png,55,46,Smoke,552,484,607,530
0715.png,174,109,Smoke,1746,449,1920,558
0764.png,111,221,Smoke,1019,320,1130,541
0621.png,55,80,Smoke,546,424,601,504
0681.png,80,48,Smoke,414,514,494,562
1089.png,57,57,Smoke,1773,313,1830,370
0756.png,174,109,Smoke,1746,449,1920,558
0865.png,174,109,Smoke,1746,451,1920,560
0157.png,32,158,Smoke,962,387,994,545
0963.png,118,107,Smoke,620,446,738,553
1174.png,124,174,Smoke,1254,377,1378,551
1081.png,32,158,Smoke,963,375,995,533
0685.png,32,158,Smoke,963,390,995,548
0130.png,149,97,Smoke,1771,453,1920,550
1501.png,80,48,Smoke,414,514,494,562
1244.png,84,67,Smoke,1760,375,1844,442
0230.png,76,92,Smoke,1768,309,1844,401
1700.png,141,67,Smoke,1761,372,1902,439
1039.png,76,118,Smoke,1769,317,1845,435
0220.png,69,59,Smoke,1691,577,1760,636
0814.png,99,59,Smoke,1689,577,1788,636
0533.png,32,158,Smoke,962,389,994,547
1415.png,155,48,Smoke,1718,577,1873,625
0091.png,50,116,Smoke,1433,433,1483,549
0479.png,124,174,Smoke,1251,378,1375,552
1176.png,29,218,Smoke,1164,333,1193,551
1407.png,101,107,Smoke,635,446,736,553
0355.png,145,113,Smoke,1775,444,1920,557
1574.png,113,57,Smoke,625,497,738,554
0449.png,95,139,Smoke,820,402,915,541
0136.png,55,143,Smoke,445,386,500,529
1312.png,130,227,Smoke,1020,324,1150,551
1072.png,57,57,Smoke,1773,313,1830,370
1133.png,80,48,Smoke,414,514,494,562
1492.png,130,227,Smoke,1024,317,1154,544
1749.png,76,258,Smoke,1624,380,1700,638
1517.png,57,57,Smoke,1761,304,1818,361
1764.png,32,170,Smoke,966,384,998,554
0340.png,124,174,Smoke,1251,378,1375,552
1013.png,32,158,Smoke,962,381,994,539
1046.png,23,113,Smoke,1214,466,1237,579
0510.png,153,109,Smoke,1767,447,1920,556
0194.png,55,46,Smoke,552,484,607,530
0890.png,111,233,Smoke,1023,319,1134,552
0960.png,124,174,Smoke,1253,379,1377,553
1268.png,76,250,Smoke,1614,387,1690,637
1124.png,57,57,Smoke,1773,313,1830,370
0275.png,148,86,Smoke,1772,453,1920,539
0472.png,97,120,Smoke,647,426,744,546
1639.png,122,78,Smoke,810,475,932,553
0463.png,57,57,Smoke,1773,313,1830,370
0571.png,32,158,Smoke,962,389,994,547
1693.png,76,227,Smoke,1623,382,1699,609
0127.png,65,197,Smoke,1617,422,1682,619
0040.png,95,176,Smoke,803,380,898,556
0853.png,32,158,Smoke,963,387,995,545
0837.png,107,179,Smoke,815,369,922,548
0737.png,23,113,Smoke,1213,467,1236,580
0247.png,23,113,Smoke,1214,464,1237,577
0529.png,69,59,Smoke,1689,578,1758,637
0366.png,57,57,Smoke,1773,313,1830,370
0138.png,74,99,Smoke,666,437,740,536
0285.png,57,57,Smoke,1773,313,1830,370
0087.png,57,57,Smoke,1773,313,1830,370
0643.png,111,221,Smoke,1021,321,1132,542
0942.png,55,80,Smoke,546,424,601,504
1449.png,141,67,Smoke,1759,374,1900,441
1705.png,55,80,Smoke,546,424,601,504
0703.png,111,221,Smoke,1019,323,1130,544
1655.png,80,48,Smoke,414,514,494,562
0090.png,76,92,Smoke,1768,309,1844,401
0944.png,99,59,Smoke,1688,577,1787,636
0894.png,111,233,Smoke,1023,317,1134,550
1494.png,155,48,Smoke,1719,581,1874,629
1682.png,80,48,Smoke,414,514,494,562
1667.png,29,218,Smoke,1161,338,1190,556
1586.png,80,48,Smoke,414,514,494,562
0394.png,55,80,Smoke,546,421,601,501
0455.png,23,113,Smoke,1214,464,1237,577
1794.png,132,155,Smoke,1246,399,1378,554
1710.png,29,218,Smoke,1161,336,1190,554
1618.png,182,109,Smoke,1738,457,1920,566
1626.png,182,109,Smoke,1738,458,1920,567
1480.png,32,170,Smoke,962,373,994,543
1645.png,23,151,Smoke,1210,423,1233,574
0183.png,95,176,Smoke,818,376,913,552
0638.png,111,221,Smoke,1020,320,1131,541
0494.png,50,116,Smoke,1431,428,1481,544
0722.png,80,48,Smoke,414,514,494,562
0323.png,32,158,Smoke,962,388,994,546
0602.png,169,109,Smoke,1751,450,1920,559
1081.png,23,113,Smoke,1214,469,1237,582
0061.png,57,57,Smoke,1773,313,1830,370
0623.png,111,221,Smoke,1020,322,1131,543
1200.png,97,151,Smoke,816,394,913,545
0685.png,23,113,Smoke,1213,466,1236,579
0681.png,111,221,Smoke,1020,322,1131,543
1596.png,180,109,Smoke,1740,458,1920,567
1136.png,55,80,Smoke,546,424,601,504
0747.png,76,118,Smoke,1771,303,1847,421
1324.png,29,218,Smoke,1164,335,1193,553
1340.png,99,59,Smoke,1690,575,1789,634
0848.png,50,128,Smoke,1431,427,1481,555
1580.png,76,227,Smoke,1621,383,1697,610
1238.png,57,57,Smoke,1773,313,1830,370
0143.png,65,197,Smoke,1617,422,1682,619
1458.png,57,57,Smoke,1758,305,1815,362
1267.png,124,174,Smoke,1255,377,1379,551
1251.png,124,174,Smoke,1255,377,1379,551
1406.png,141,67,Smoke,1759,374,1900,441
1075.png,23,113,Smoke,1214,469,1237,582
0986.png,32,158,Smoke,962,381,994,539
0953.png,124,174,Smoke,1253,379,1377,553
0581.png,55,80,Smoke,546,424,601,504
0538.png,32,158,Smoke,962,389,994,547
0537.png,107,221,Smoke,1024,320,1131,541
0966.png,76,118,Smoke,1769,316,1845,434
0564.png,76,118,Smoke,1770,307,1846,425
1424.png,101,107,Smoke,635,446,736,553
1694.png,180,109,Smoke,1740,456,1920,565
0595.png,99,59,Smoke,1692,576,1791,635
0088.png,74,99,Smoke,664,443,738,542
1497.png,103,55,Smoke,818,499,921,554
1707.png,32,170,Smoke,966,380,998,550
0364.png,50,116,Smoke,1431,426,1481,542
0272.png,95,176,Smoke,820,372,915,548
1753.png,155,48,Smoke,1722,579,1877,627
0680.png,76,118,Smoke,1774,303,1850,421
0231.png,107,221,Smoke,1021,323,1128,544
1615.png,76,227,Smoke,1623,384,1699,611
1401.png,57,57,Smoke,1754,305,1811,362
0659.png,76,118,Smoke,1771,306,1847,424
0537.png,29,218,Smoke,1163,355,1192,573
1497.png,130,227,Smoke,1024,318,1154,545
1344.png,29,218,Smoke,1164,333,1193,551
0739.png,76,250,Smoke,1610,394,1686,644
1312.png,23,113,Smoke,1212,466,1235,579
1420.png,141,67,Smoke,1759,374,1900,441
0180.png,23,113,Smoke,1214,464,1237,577
0569.png,50,128,Smoke,1435,423,1485,551
0696.png,29,218,Smoke,1163,357,1192,575
1287.png,76,250,Smoke,1615,385,1691,635
0552.png,23,113,Smoke,1214,465,1237,578
0468.png,95,155,Smoke,821,397,916,552
1587.png,57,57,Smoke,1761,304,1818,361
0063.png,48,34,Smoke,559,483,607,517
0077.png,74,99,Smoke,663,445,737,544
1249.png,57,57,Smoke,1773,313,1830,370
1382.png,80,48,Smoke,414,514,494,562
1667.png,128,246,Smoke,1019,310,1147,556
1092.png,80,48,Smoke,414,514,494,562
1237.png,55,80,Smoke,546,424,601,504
0327.png,145,113,Smoke,1775,446,1920,559
0227.png,57,57,Smoke,1773,313,1830,370
0303.png,107,221,Smoke,1020,321,1127,542
0906.png,55,80,Smoke,546,424,601,504
0391.png,86,107,Smoke,656,431,742,538
1705.png,29,218,Smoke,1161,336,1190,554
1187.png,84,67,Smoke,1761,378,1845,445
0340.png,107,221,Smoke,1021,320,1128,541
1204.png,76,250,Smoke,1613,390,1689,640
1758.png,23,151,Smoke,1215,416,1238,567
1716.png,128,246,Smoke,1022,315,1150,561
0656.png,174,109,Smoke,1746,449,1920,558
0040.png,57,57,Smoke,1773,313,1830,370
0948.png,101,160,Smoke,813,383,914,543
0628.png,99,59,Smoke,1692,576,1791,635
0510.png,65,197,Smoke,1617,422,1682,619
1519.png,23,151,Smoke,1212,423,1235,574
1605.png,113,57,Smoke,629,497,742,554
0224.png,32,158,Smoke,962,387,994,545
1218.png,111,246,Smoke,1032,308,1143,554
1426.png,76,227,Smoke,1619,384,1695,611
1055.png,99,59,Smoke,1686,576,1785,635
0894.png,107,179,Smoke,814,369,921,548
0084.png,145,116,Smoke,1226,427,1371,543
1489.png,132,155,Smoke,1247,396,1379,551
0792.png,32,158,Smoke,963,388,995,546
1390.png,141,67,Smoke,1759,374,1900,441
1404.png,130,227,Smoke,1023,324,1153,551
0138.png,145,116,Smoke,1226,427,1371,543
1461.png,130,227,Smoke,1024,322,1154,549
1023.png,124,174,Smoke,1253,377,1377,551
1218.png,97,151,Smoke,816,394,913,545
1707.png,76,227,Smoke,1623,382,1699,609
1078.png,179,109,Smoke,1741,457,1920,566
0102.png,145,116,Smoke,1226,427,1371,543
0061.png,150,97,Smoke,1770,459,1920,556
0116.png,50,116,Smoke,1433,433,1483,549
0447.png,57,57,Smoke,1773,313,1830,370
1661.png,23,151,Smoke,1210,422,1233,573
0493.png,80,48,Smoke,416,515,496,563
1222.png,23,113,Smoke,1213,467,1236,580
0369.png,55,84,Smoke,450,460,505,544
0721.png,23,113,Smoke,1213,468,1236,581
0810.png,32,158,Smoke,963,386,995,544
0422.png,86,107,Smoke,656,431,742,538
1101.png,55,80,Smoke,546,424,601,504
0845.png,80,48,Smoke,414,514,494,562
1501.png,155,48,Smoke,1719,581,1874,629
0973.png,32,158,Smoke,962,381,994,539
1478.png,155,48,Smoke,1717,578,1872,626
1128.png,50,128,Smoke,1431,421,1481,549
0978.png,50,128,Smoke,1431,425,1481,553
0147.png,29,218,Smoke,1164,340,1193,558
1350.png,124,174,Smoke,1256,377,1380,551
0974.png,101,160,Smoke,812,381,913,541
1332.png,80,48,Smoke,414,514,494,562
1744.png,141,67,Smoke,1759,371,1900,438
0234.png,50,116,Smoke,1431,427,1481,543
0337.png,65,197,Smoke,1617,422,1682,619
0958.png,101,160,Smoke,812,383,913,543
0057.png,145,116,Smoke,1225,427,1370,543
0735.png,50,128,Smoke,1432,424,1482,552
0362.png,76,92,Smoke,1769,310,1845,402
0423.png,124,174,Smoke,1251,378,1375,552
1218.png,101,107,Smoke,635,446,736,553
0118.png,76,92,Smoke,1768,310,1844,402
0100.png,65,197,Smoke,1618,421,1683,618
0696.png,55,80,Smoke,546,424,601,504
0405.png,32,158,Smoke,962,387,994,545
0692.png,57,57,Smoke,1773,313,1830,370
1298.png,55,80,Smoke,546,424,601,504
1641.png,50,128,Smoke,1431,412,1481,540
0617.png,169,109,Smoke,1751,450,1920,559
0911.png,23,113,Smoke,1214,467,1237,580
0236.png,55,84,Smoke,450,460,505,544
0011.png,107,195,Smoke,991,355,1098,550
0350.png,23,113,Smoke,1214,464,1237,577
0581.png,99,59,Smoke,1692,575,1791,634
0781.png,76,250,Smoke,1615,394,1691,644
0539.png,124,174,Smoke,1250,378,1374,552
0138.png,55,143,Smoke,445,386,500,529
0166.png,29,218,Smoke,1163,350,1192,568
0430.png,55,84,Smoke,450,460,505,544
1500.png,170,57,Smoke,561,499,731,556
1794.png,99,55,Smoke,642,499,741,554
0193.png,23,113,Smoke,1214,464,1237,577
0643.png,174,109,Smoke,1746,449,1920,558
0514.png,29,218,Smoke,1163,356,1192,574
0416.png,69,59,Smoke,1690,578,1759,637
0003.png,74,99,Smoke,628,447,702,546
0108.png,32,158,Smoke,962,387,994,545
1575.png,57,57,Smoke,1761,304,1818,361
0706.png,50,128,Smoke,1433,423,1483,551
0978.png,111,233,Smoke,1026,317,1137,550
0789.png,57,57,Smoke,1773,313,1830,370
1784.png,23,151,Smoke,1215,416,1238,567
1039.png,179,109,Smoke,1741,458,1920,567
0977.png,23,113,Smoke,1214,468,1237,581
0509.png,95,155,Smoke,823,394,918,549
0830.png,57,57,Smoke,1773,313,1830,370
0408.png,107,221,Smoke,1021,318,1128,539
0535.png,23,113,Smoke,1214,464,1237,577
1679.png,55,80,Smoke,546,424,601,504
1780.png,50,128,Smoke,1431,412,1481,540
0476.png,76,118,Smoke,1771,308,1847,426
0361.png,32,158,Smoke,962,387,994,545
0440.png,124,174,Smoke,1249,378,1373,552
1231.png,124,174,Smoke,1255,377,1379,551
1531.png,50,128,Smoke,1431,412,1481,540
1074.png,23,113,Smoke,1214,469,1237,582
1461.png,23,151,Smoke,1212,424,1235,575
0655.png,50,128,Smoke,1435,424,1485,552
1765.png,99,55,Smoke,642,497,741,552
0990.png,29,218,Smoke,1163,353,1192,571
0235.png,142,86,Smoke,1778,457,1920,543
1069.png,111,246,Smoke,1029,309,1140,555
1361.png,90,67,Smoke,816,490,906,557
1322.png,55,80,Smoke,546,424,601,504
1635.png,113,57,Smoke,629,495,742,552
0514.png,97,120,Smoke,646,422,743,542
1124.png,29,218,Smoke,1164,331,1193,549
0936.png,99,59,Smoke,1688,577,1787,636
1567.png,23,151,Smoke,1212,423,1235,574
1060.png,99,59,Smoke,1684,573,1783,632
0796.png,57,57,Smoke,1773,313,1830,370
1762.png,32,170,Smoke,966,384,998,554
1384.png,57,57,Smoke,1754,305,1811,362
0253.png,76,92,Smoke,1768,309,1844,401
0954.png,23,113,Smoke,1214,468,1237,581
1656.png,76,227,Smoke,1623,381,1699,608
0431.png,86,107,Smoke,656,430,742,537
1118.png,99,59,Smoke,1689,575,1788,634
0734.png,99,59,Smoke,1692,576,1791,635
1076.png,179,109,Smoke,1741,457,1920,566
0529.png,55,80,Smoke,546,424,601,504
0231.png,55,46,Smoke,552,484,607,530
0526.png,57,57,Smoke,1773,313,1830,370
0576.png,109,155,Smoke,809,395,918,550
1385.png,29,218,Smoke,1164,337,1193,555
0565.png,95,155,Smoke,824,394,919,549
1034.png,32,158,Smoke,962,381,994,539
1054.png,32,158,Smoke,962,382,994,540
0398.png,65,197,Smoke,1617,423,1682,620
1271.png,80,48,Smoke,414,514,494,562
1575.png,132,155,Smoke,1246,397,1378,552
0067.png,95,176,Smoke,819,378,914,554
0523.png,32,158,Smoke,962,389,994,547
0724.png,76,118,Smoke,1772,304,1848,422
0306.png,69,59,Smoke,1690,577,1759,636
0933.png,124,174,Smoke,1252,379,1376,553
0142.png,145,116,Smoke,1226,427,1371,543
1169.png,84,67,Smoke,1761,378,1845,445
0371.png,55,46,Smoke,552,484,607,530
0264.png,65,197,Smoke,1617,423,1682,620
0338.png,55,46,Smoke,552,484,607,530
0796.png,29,218,Smoke,1163,355,1192,573
0001.png,151,97,Smoke,1741,460,1892,557
0037.png,74,99,Smoke,643,446,717,545
1710.png,76,227,Smoke,1623,383,1699,610
0380.png,95,139,Smoke,821,410,916,549
0282.png,57,57,Smoke,1773,313,1830,370
0923.png,29,218,Smoke,1163,355,1192,573
1508.png,23,151,Smoke,1212,422,1235,573
1483.png,181,109,Smoke,1739,457,1920,566
0455.png,69,59,Smoke,1689,578,1758,637
0680.png,57,57,Smoke,1773,313,1830,370
0498.png,97,120,Smoke,646,423,743,543
0251.png,69,59,Smoke,1691,577,1760,636
0865.png,55,80,Smoke,546,424,601,504
1729.png,80,48,Smoke,414,514,494,562
1426.png,130,227,Smoke,1023,322,1153,549
1761.png,122,78,Smoke,814,476,936,554
1335.png,101,107,Smoke,635,446,736,553
1001.png,86,160,Smoke,813,387,899,547
0411.png,65,197,Smoke,1617,422,1682,619
0100.png,145,116,Smoke,1226,427,1371,543
1535.png,32,170,Smoke,962,375,994,545
0487.png,76,118,Smoke,1771,309,1847,427
1267.png,179,109,Smoke,1741,458,1920,567
0520.png,97,120,Smoke,647,423,744,543
0604.png,65,218,Smoke,1620,397,1685,615
0920.png,76,118,Smoke,1770,316,1846,434
0925.png,57,57,Smoke,1773,313,1830,370
0106.png,95,176,Smoke,818,376,913,552
0768.png,23,113,Smoke,1214,468,1237,581
1679.png,113,57,Smoke,629,496,742,553
0242.png,55,46,Smoke,552,484,607,530
0372.png,29,218,Smoke,1163,357,1192,575
1310.png,90,67,Smoke,815,491,905,558
1374.png,29,218,Smoke,1164,337,1193,555
0759.png,55,80,Smoke,546,424,601,504
1755.png,80,57,Smoke,1759,298,1839,355
0218.png,76,92,Smoke,1769,309,1845,401
1183.png,111,246,Smoke,1032,307,1143,553
0849.png,32,158,Smoke,963,386,995,544
1476.png,170,57,Smoke,563,502,733,559
1685.png,29,218,Smoke,1161,332,1190,550
0060.png,151,97,Smoke,1769,461,1920,558
1565.png,32,170,Smoke,962,373,994,543
1281.png,76,250,Smoke,1616,387,1692,637
0760.png,109,179,Smoke,813,368,922,547
0323.png,65,197,Smoke,1617,422,1682,619
0952.png,118,107,Smoke,620,445,738,552
0304.png,55,46,Smoke,552,485,607,531
1607.png,76,227,Smoke,1623,384,1699,611
0834.png,111,233,Smoke,1019,321,1130,554
1367.png,124,174,Smoke,1255,377,1379,551
0382.png,107,221,Smoke,1022,319,1129,540
0918.png,143,95,Smoke,598,460,741,555
1068.png,55,80,Smoke,546,424,601,504
0518.png,76,118,Smoke,1772,309,1848,427
0383.png,65,197,Smoke,1617,422,1682,619
1748.png,76,258,Smoke,1625,379,1701,637
0075.png,107,195,Smoke,1022,357,1129,552
0764.png,124,174,Smoke,1251,379,1375,553
1382.png,124,174,Smoke,1256,377,1380,551
0975.png,111,233,Smoke,1026,317,1137,550
0212.png,23,113,Smoke,1214,464,1237,577
1710.png,128,246,Smoke,1022,313,1150,559
1214.png,55,80,Smoke,546,424,601,504
1756.png,99,55,Smoke,642,498,741,553
1158.png,55,80,Smoke,546,424,601,504
0423.png,95,139,Smoke,821,406,916,545
1411.png,23,151,Smoke,1212,423,1235,574
1246.png,57,57,Smoke,1773,313,1830,370
0949.png,111,233,Smoke,1027,319,1138,552
1029.png,99,59,Smoke,1687,577,1786,636
0341.png,55,46,Smoke,552,484,607,530
0240.png,55,46,Smoke,552,484,607,530
0935.png,111,233,Smoke,1027,317,1138,550
1388.png,155,48,Smoke,1718,577,1873,625
0275.png,69,59,Smoke,1691,577,1760,636
1509.png,55,80,Smoke,546,424,601,504
0221.png,144,86,Smoke,1776,459,1920,545
1068.png,179,109,Smoke,1741,457,1920,566
1116.png,179,109,Smoke,1741,457,1920,566
1336.png,29,218,Smoke,1164,337,1193,555
1555.png,55,80,Smoke,546,424,601,504
1583.png,181,109,Smoke,1739,458,1920,567
0292.png,69,86,Smoke,670,439,739,525
0287.png,65,197,Smoke,1617,422,1682,619
0164.png,95,176,Smoke,818,374,913,550
1751.png,55,80,Smoke,546,424,601,504
0426.png,76,105,Smoke,1770,311,1846,416
1737.png,55,80,Smoke,546,424,601,504
1783.png,99,55,Smoke,642,499,741,554
1579.png,23,151,Smoke,1212,423,1235,574
1525.png,155,48,Smoke,1721,580,1876,628
0072.png,55,143,Smoke,446,387,501,530
1047.png,111,246,Smoke,1027,309,1138,555
1652.png,155,48,Smoke,1722,579,1877,627
0334.png,95,139,Smoke,822,409,917,548
0959.png,111,233,Smoke,1027,317,1138,550
1554.png,132,155,Smoke,1247,397,1379,552
0562.png,99,59,Smoke,1692,576,1791,635
0732.png,174,109,Smoke,1746,449,1920,558
0482.png,142,109,Smoke,1778,446,1920,555
1052.png,111,246,Smoke,1027,309,1138,555
1794.png,23,151,Smoke,1215,414,1238,565
0691.png,76,118,Smoke,1773,304,1849,422
1508.png,132,155,Smoke,1247,398,1379,553
0932.png,23,113,Smoke,1214,467,1237,580
0953.png,179,109,Smoke,1741,456,1920,565
1728.png,99,55,Smoke,642,498,741,553
1752.png,180,109,Smoke,1740,456,1920,565
0656.png,97,120,Smoke,647,432,744,552
1109.png,111,246,Smoke,1031,307,1142,553
1463.png,155,48,Smoke,1717,579,1872,627
1668.png,55,80,Smoke,546,424,601,504
0448.png,65,197,Smoke,1617,422,1682,619
0154.png,32,158,Smoke,962,387,994,545
0007.png,95,176,Smoke,784,382,879,558
0571.png,50,128,Smoke,1435,423,1485,551
0579.png,169,109,Smoke,1751,450,1920,559
0892.png,76,250,Smoke,1613,391,1689,641
1664.png,32,170,Smoke,965,378,997,548
1752.png,141,67,Smoke,1760,372,1901,439
0051.png,57,48,Smoke,1698,577,1755,625
0579.png,99,59,Smoke,1692,575,1791,634
0631.png,111,221,Smoke,1020,322,1131,543
1490.png,55,80,Smoke,546,424,601,504
0711.png,23,113,Smoke,1213,466,1236,579
0824.png,111,233,Smoke,1019,321,1130,554
1425.png,132,155,Smoke,1247,396,1379,551
1675.png,141,67,Smoke,1760,374,1901,441
0526.png,76,118,Smoke,1771,308,1847,426
1696.png,155,48,Smoke,1722,579,1877,627
0521.png,57,57,Smoke,1773,313,1830,370
0724.png,29,218,Smoke,1163,357,1192,575
0338.png,69,59,Smoke,1691,579,1760,638
0870.png,32,158,Smoke,963,386,995,544
1539.png,80,48,Smoke,414,514,494,562
0421.png,76,105,Smoke,1770,311,1846,416
0515.png,95,155,Smoke,824,394,919,549
1070.png,57,57,Smoke,1773,313,1830,370
1652.png,55,80,Smoke,546,424,601,504
1381.png,181,109,Smoke,1739,458,1920,567
1214.png,76,250,Smoke,1613,390,1689,640
1076.png,80,48,Smoke,414,514,494,562
1226.png,29,218,Smoke,1164,333,1193,551
0197.png,50,116,Smoke,1432,426,1482,542
1616.png,155,48,Smoke,1722,580,1877,628
0313.png,107,221,Smoke,1021,321,1128,542
0317.png,95,139,Smoke,821,409,916,548
0266.png,50,116,Smoke,1431,428,1481,544
0870.png,29,218,Smoke,1163,355,1192,573
0246.png,57,57,Smoke,1773,313,1830,370
1495.png,29,218,Smoke,1164,335,1193,553
0849.png,107,179,Smoke,815,369,922,548
0566.png,29,218,Smoke,1163,358,1192,576
0039.png,151,97,Smoke,1759,462,1910,559
1237.png,111,246,Smoke,1032,309,1143,555
0209.png,69,59,Smoke,1691,577,1760,636
0057.png,65,197,Smoke,1616,422,1681,619
0040.png,57,48,Smoke,1687,579,1744,627
0994.png,23,113,Smoke,1214,467,1237,580
1186.png,124,174,Smoke,1254,377,1378,551
1292.png,55,80,Smoke,546,424,601,504
1023.png,101,107,Smoke,636,446,737,553
0812.png,76,118,Smoke,1772,302,1848,420
0731.png,76,250,Smoke,1611,395,1687,645
1513.png,132,155,Smoke,1247,398,1379,553
0676.png,99,59,Smoke,1692,576,1791,635
0185.png,57,48,Smoke,1704,577,1761,625
1298.png,29,218,Smoke,1164,335,1193,553
1770.png,155,48,Smoke,1722,579,1877,627
0623.png,57,57,Smoke,1773,313,1830,370
0476.png,69,59,Smoke,1688,578,1757,637
0659.png,32,158,Smoke,963,389,995,547
0778.png,29,218,Smoke,1163,355,1192,573
1107.png,76,250,Smoke,1615,391,1691,641
1057.png,23,113,Smoke,1214,468,1237,581
0422.png,23,113,Smoke,1214,464,1237,577
1646.png,182,109,Smoke,1738,456,1920,565
0355.png,65,197,Smoke,1617,422,1682,619
1513.png,32,170,Smoke,962,373,994,543
0587.png,111,221,Smoke,1020,321,1131,542
1217.png,80,48,Smoke,414,514,494,562
0749.png,80,48,Smoke,414,514,494,562
0551.png,23,113,Smoke,1214,465,1237,578
1788.png,55,80,Smoke,546,424,601,504
0228.png,65,197,Smoke,1618,423,1683,620
0196.png,65,197,Smoke,1617,421,1682,618
0423.png,32,158,Smoke,962,387,994,545
0588.png,55,80,Smoke,546,424,601,504
1428.png,132,155,Smoke,1248,396,1380,551
0138.png,57,48,Smoke,1705,577,1762,625
1503.png,103,55,Smoke,819,501,922,556
0571.png,57,57,Smoke,1773,313,1830,370
0505.png,124,174,Smoke,1251,378,1375,552
0131.png,48,34,Smoke,559,483,607,517
0846.png,76,118,Smoke,1771,317,1847,435
0691.png,23,113,Smoke,1213,467,1236,580
1179.png,97,151,Smoke,816,392,913,543
0332.png,32,158,Smoke,962,387,994,545
1082.png,97,151,Smoke,814,394,911,545
1415.png,23,151,Smoke,1212,423,1235,574
1126.png,124,174,Smoke,1254,377,1378,551
1016.png,50,128,Smoke,1431,423,1481,551
0974.png,118,107,Smoke,619,447,737,554
0535.png,50,128,Smoke,1435,420,1485,548
0539.png,32,158,Smoke,962,389,994,547
1616.png,180,109,Smoke,1740,457,1920,566
1770.png,80,57,Smoke,1759,298,1839,355
1226.png,80,48,Smoke,414,514,494,562
1710.png,155,48,Smoke,1722,579,1877,627
1175.png,84,67,Smoke,1761,378,1845,445
0300.png,32,158,Smoke,962,387,994,545
1283.png,179,109,Smoke,1741,458,1920,567
1368.png,76,227,Smoke,1615,381,1691,608
1733.png,29,218,Smoke,1161,339,1190,557
1059.png,74,74,Smoke,1770,361,1844,435
1071.png,101,107,Smoke,635,446,736,553
1247.png,99,59,Smoke,1689,575,1788,634
0695.png,23,113,Smoke,1213,467,1236,580
1045.png,57,57,Smoke,1773,313,1830,370
1567.png,155,48,Smoke,1722,583,1877,631
0140.png,48,34,Smoke,559,483,607,517
1518.png,141,67,Smoke,1758,376,1899,443
1293.png,76,250,Smoke,1616,385,1692,635
1128.png,55,80,Smoke,546,424,601,504
0586.png,65,218,Smoke,1618,397,1683,615
1014.png,57,57,Smoke,1773,313,1830,370
0805.png,174,109,Smoke,1746,450,1920,559
1227.png,29,218,Smoke,1164,333,1193,551
0824.png,29,218,Smoke,1163,355,1192,573
0825.png,50,128,Smoke,1431,426,1481,554
1717.png,55,80,Smoke,546,424,601,504
0494.png,57,57,Smoke,1773,313,1830,370
1494.png,170,57,Smoke,563,499,733,556
0172.png,107,195,Smoke,1021,350,1128,545
0748.png,174,109,Smoke,1746,449,1920,558
0865.png,111,233,Smoke,1022,318,1133,551
0583.png,169,109,Smoke,1751,450,1920,559
0341.png,55,84,Smoke,450,460,505,544
1664.png,80,48,Smoke,414,514,494,562
0572.png,32,158,Smoke,962,389,994,547
1138.png,29,218,Smoke,1164,331,1193,549
0329.png,95,139,Smoke,822,409,917,548
0022.png,95,176,Smoke,784,382,879,558
0246.png,55,84,Smoke,450,460,505,544
0814.png,55,80,Smoke,546,424,601,504
0898.png,143,71,Smoke,596,483,739,554
0439.png,143,109,Smoke,1777,450,1920,559
0929.png,32,158,Smoke,962,381,994,539
1400.png,76,227,Smoke,1616,381,1692,608
0016.png,57,48,Smoke,1670,579,1727,627
1538.png,50,128,Smoke,1430,412,1480,540
0491.png,150,109,Smoke,1770,446,1920,555
0546.png,107,221,Smoke,1026,319,1133,540
0301.png,50,116,Smoke,1431,428,1481,544
0903.png,111,233,Smoke,1025,318,1136,551
0850.png,50,128,Smoke,1431,426,1481,554
0009.png,65,197,Smoke,1583,422,1648,619
0148.png,57,57,Smoke,1773,313,1830,370
1216.png,124,174,Smoke,1255,377,1379,551
0701.png,23,113,Smoke,1213,467,1236,580
1616.png,132,155,Smoke,1246,396,1378,551
1087.png,101,107,Smoke,635,446,736,553
1695.png,80,57,Smoke,1758,299,1838,356
0445.png,86,107,Smoke,657,431,743,538
0601.png,109,155,Smoke,809,395,918,550
0885.png,107,179,Smoke,814,369,921,548
0604.png,80,48,Smoke,415,515,495,563
1361.png,55,80,Smoke,546,424,601,504
0453.png,65,197,Smoke,1617,422,1682,619
0204.png,145,86,Smoke,1775,459,1920,545
0236.png,76,92,Smoke,1768,309,1844,401
0316.png,55,46,Smoke,552,484,607,530
0742.png,160,57,Smoke,580,501,740,558
1196.png,29,218,Smoke,1164,333,1193,551
1385.png,23,151,Smoke,1212,421,1235,572
1222.png,32,158,Smoke,963,376,995,534
1280.png,179,109,Smoke,1741,458,1920,567
1537.png,57,57,Smoke,1761,304,1818,361
1736.png,29,218,Smoke,1161,336,1190,554
1384.png,155,48,Smoke,1718,577,1873,625
0205.png,29,218,Smoke,1162,368,1191,586
0957.png,101,160,Smoke,812,383,913,543
0690.png,57,57,Smoke,1773,313,1830,370
1368.png,80,48,Smoke,414,514,494,562
1109.png,55,80,Smoke,546,424,601,504
1385.png,101,107,Smoke,635,446,736,553
1353.png,130,227,Smoke,1022,325,1152,552
0704.png,32,158,Smoke,963,388,995,546
0151.png,50,116,Smoke,1433,431,1483,547
1540.png,32,170,Smoke,962,373,994,543
0481.png,80,48,Smoke,423,504,503,552
0764.png,109,179,Smoke,813,368,922,547
0682.png,99,59,Smoke,1691,576,1790,635
0049.png,74,99,Smoke,655,445,729,544
1038.png,55,80,Smoke,546,424,601,504
1537.png,50,128,Smoke,1431,411,1481,539
1672.png,76,227,Smoke,1623,382,1699,609
0600.png,65,218,Smoke,1620,397,1685,615
1398.png,23,151,Smoke,1212,422,1235,573
0461.png,107,221,Smoke,1023,318,1130,539
0805.png,76,250,Smoke,1615,394,1691,644
0987.png,23,113,Smoke,1214,467,1237,580
1627.png,122,78,Smoke,809,475,931,553
0208.png,76,92,Smoke,1769,309,1845,401
0727.png,23,113,Smoke,1213,467,1236,580
1163.png,50,128,Smoke,1431,420,1481,548
1377.png,141,67,Smoke,1759,375,1900,442
1194.png,29,218,Smoke,1164,333,1193,551
1106.png,55,80,Smoke,546,424,601,504
1343.png,32,170,Smoke,962,378,994,548
0866.png,32,158,Smoke,963,386,995,544
1507.png,55,80,Smoke,546,424,601,504
0035.png,74,99,Smoke,640,448,714,547
0132.png,50,116,Smoke,1433,433,1483,549
1048.png,57,57,Smoke,1773,313,1830,370
0087.png,23,113,Smoke,1214,464,1237,577
1040.png,76,250,Smoke,1615,391,1691,641
1052.png,32,158,Smoke,962,382,994,540
1419.png,55,80,Smoke,546,424,601,504
1323.png,76,250,Smoke,1616,383,1692,633
0591.png,97,120,Smoke,647,429,744,549
1398.png,124,174,Smoke,1256,377,1380,551
1317.png,76,250,Smoke,1618,383,1694,633
0035.png,23,113,Smoke,1214,464,1237,577
1414.png,80,48,Smoke,414,514,494,562
0463.png,141,109,Smoke,1779,448,1920,557
1222.png,97,151,Smoke,816,393,913,544
0259.png,65,197,Smoke,1617,422,1682,619
1418.png,182,109,Smoke,1738,458,1920,567
1485.png,141,67,Smoke,1758,373,1899,440
0938.png,76,250,Smoke,1613,388,1689,638
0577.png,111,221,Smoke,1021,321,1132,542
0107.png,148,97,Smoke,1772,455,1920,552
1440.png,101,107,Smoke,635,446,736,553
0322.png,55,84,Smoke,450,460,505,544
1362.png,101,107,Smoke,635,446,736,553
0255.png,55,46,Smoke,552,484,607,530
0243.png,32,158,Smoke,962,387,994,545
1538.png,55,80,Smoke,546,424,601,504
0407.png,55,84,Smoke,450,460,505,544
1113.png,57,57,Smoke,1773,313,1830,370
1727.png,50,128,Smoke,1431,412,1481,540
0994.png,50,128,Smoke,1431,425,1481,553
0792.png,111,233,Smoke,1020,321,1131,554
1550.png,180,109,Smoke,1740,457,1920,566
0096.png,48,34,Smoke,559,483,607,517
1474.png,80,48,Smoke,414,514,494,562
0690.png,76,118,Smoke,1773,304,1849,422
0567.png,80,48,Smoke,415,515,495,563
1612.png,55,80,Smoke,546,424,601,504
0198.png,69,59,Smoke,1691,578,1760,637
1595.png,23,151,Smoke,1211,423,1234,574
0009.png,151,97,Smoke,1741,461,1892,558
1052.png,101,107,Smoke,635,446,736,553
0571.png,23,113,Smoke,1214,465,1237,578
1551.png,55,80,Smoke,546,424,601,504
0088.png,32,158,Smoke,961,387,993,545
1723.png,29,218,Smoke,1161,336,1190,554
1376.png,50,128,Smoke,1431,415,1481,543
1630.png,180,109,Smoke,1740,457,1920,566
0864.png,76,250,Smoke,1615,392,1691,642
0162.png,148,97,Smoke,1772,449,1920,546
1447.png,130,227,Smoke,1023,322,1153,549
1531.png,32,170,Smoke,962,375,994,545
0058.png,55,143,Smoke,446,387,501,530
1344.png,32,170,Smoke,962,378,994,548
1403.png,80,48,Smoke,414,514,494,562
0390.png,107,221,Smoke,1022,319,1129,540
1156.png,32,158,Smoke,963,376,995,534
1557.png,32,170,Smoke,962,373,994,543
1119.png,99,59,Smoke,1689,574,1788,633
1635.png,29,218,Smoke,1161,339,1190,557
0402.png,95,139,Smoke,821,408,916,547
0359.png,95,139,Smoke,821,407,916,546
1408.png,55,80,Smoke,546,424,601,504
1777.png,122,78,Smoke,814,476,936,554
0264.png,23,113,Smoke,1214,464,1237,577
1394.png,101,107,Smoke,635,446,736,553
0939.png,176,109,Smoke,1744,451,1920,560
0639.png,29,218,Smoke,1163,357,1192,575
0529.png,57,57,Smoke,1773,313,1830,370
0746.png,32,158,Smoke,963,388,995,546
0655.png,32,158,Smoke,963,389,995,547
0858.png,99,59,Smoke,1689,577,1788,636
0967.png,76,118,Smoke,1769,316,1845,434
0546.png,124,174,Smoke,1250,378,1374,552
1474.png,132,155,Smoke,1247,397,1379,552
0368.png,65,197,Smoke,1617,423,1682,620
1464.png,55,80,Smoke,546,424,601,504
0244.png,76,92,Smoke,1768,309,1844,401
1779.png,55,80,Smoke,546,424,601,504
1774.png,76,258,Smoke,1625,384,1701,642
1714.png,80,48,Smoke,414,514,494,562
1318.png,101,107,Smoke,635,446,736,553
0586.png,111,221,Smoke,1021,322,1132,543
0842.png,29,218,Smoke,1163,355,1192,573
0439.png,86,107,Smoke,656,431,742,538
0093.png,107,195,Smoke,1022,357,1129,552
0985.png,80,48,Smoke,414,514,494,562
1233.png,124,174,Smoke,1255,377,1379,551
1697.png,55,80,Smoke,546,424,601,504
0683.png,149,57,Smoke,591,501,740,558
0382.png,50,116,Smoke,1431,427,1481,543
0661.png,55,80,Smoke,546,424,601,504
1089.png,99,59,Smoke,1687,574,1786,633
0820.png,55,80,Smoke,546,424,601,504
1763.png,32,170,Smoke,966,384,998,554
0841.png,99,59,Smoke,1690,577,1789,636
0372.png,107,221,Smoke,1021,319,1128,540
1778.png,99,55,Smoke,642,499,741,554
0710.png,174,109,Smoke,1746,449,1920,558
0533.png,97,120,Smoke,647,425,744,545
1134.png,23,113,Smoke,1213,471,1236,584
0719.png,29,218,Smoke,1163,355,1192,573
1339.png,90,67,Smoke,816,489,906,556
0622.png,65,218,Smoke,1620,397,1685,615
0415.png,86,107,Smoke,656,431,742,538
0863.png,57,57,Smoke,1773,313,1830,370
1404.png,32,170,Smoke,962,375,994,545
0216.png,69,59,Smoke,1691,577,1760,636
0445.png,55,80,Smoke,546,424,601,504
0874.png,174,109,Smoke,1746,451,1920,560
1538.png,76,227,Smoke,1620,383,1696,610
0759.png,174,109,Smoke,1746,449,1920,558
0939.png,99,59,Smoke,1688,577,1787,636
1016.png,76,250,Smoke,1615,390,1691,640
1304.png,80,48,Smoke,414,514,494,562
1715.png,23,151,Smoke,1211,418,1234,569
0823.png,29,218,Smoke,1163,355,1192,573
1539.png,181,109,Smoke,1739,457,1920,566
1017.png,111,233,Smoke,1027,311,1138,544
0783.png,76,118,Smoke,1772,302,1848,420
1736.png,132,155,Smoke,1246,398,1378,553
1751.png,80,57,Smoke,1759,298,1839,355
0970.png,80,48,Smoke,414,514,494,562
1184.png,179,109,Smoke,1741,457,1920,566
0184.png,57,57,Smoke,1773,313,1830,370
1422.png,55,80,Smoke,546,424,601,504
1299.png,23,113,Smoke,1212,465,1235,578
0742.png,80,48,Smoke,414,514,494,562
0876.png,32,158,Smoke,963,385,995,543
1427.png,29,218,Smoke,1164,335,1193,553
0813.png,111,233,Smoke,1020,321,1131,554
0884.png,80,48,Smoke,414,514,494,562
1546.png,111,76,Smoke,811,477,922,553
0722.png,76,118,Smoke,1772,304,1848,422
0301.png,55,84,Smoke,450,459,505,543
1321.png,99,59,Smoke,1689,575,1788,634
1563.png,29,218,Smoke,1163,343,1192,561
0021.png,50,147,Smoke,419,397,469,544
0435.png,29,218,Smoke,1163,357,1192,575
0075.png,74,99,Smoke,663,445,737,544
0869.png,107,179,Smoke,814,369,921,548
1313.png,29,218,Smoke,1164,335,1193,553
0290.png,95,176,Smoke,821,373,916,549
0280.png,55,84,Smoke,450,460,505,544
1090.png,111,246,Smoke,1029,310,1140,556
1791.png,29,218,Smoke,1161,338,1190,556
0808.png,76,250,Smoke,1614,393,1690,643
1704.png,80,57,Smoke,1759,299,1839,356
1425.png,32,170,Smoke,962,373,994,543
0360.png,50,116,Smoke,1431,426,1481,542
0616.png,65,218,Smoke,1620,397,1685,615
1238.png,32,158,Smoke,963,376,995,534
0994.png,55,80,Smoke,546,424,601,504
1424.png,23,151,Smoke,1212,424,1235,575
0476.png,107,221,Smoke,1023,317,1130,538
1193.png,111,246,Smoke,1032,307,1143,553
0818.png,32,158,Smoke,963,386,995,544
0992.png,76,118,Smoke,1769,317,1845,435
0301.png,69,86,Smoke,671,438,740,524
1243.png,99,59,Smoke,1689,575,1788,634
1466.png,170,57,Smoke,563,503,733,560
1286.png,29,218,Smoke,1164,335,1193,553
0300.png,29,218,Smoke,1163,356,1192,574
0562.png,32,158,Smoke,962,389,994,547
0631.png,57,57,Smoke,1773,313,1830,370
1632.png,141,67,Smoke,1759,375,1900,442
0636.png,29,218,Smoke,1163,357,1192,575
0590.png,57,57,Smoke,1773,313,1830,370
1181.png,97,151,Smoke,816,392,913,543
0602.png,109,155,Smoke,809,395,918,550
0924.png,32,158,Smoke,962,381,994,539
0769.png,111,221,Smoke,1019,320,1130,541
1024.png,80,48,Smoke,414,514,494,562
0707.png,109,179,Smoke,813,368,922,547
0713.png,109,179,Smoke,813,368,922,547
0603.png,80,48,Smoke,415,515,495,563
0970.png,124,174,Smoke,1253,379,1377,553
1153.png,101,107,Smoke,635,446,736,553
0217.png,107,221,Smoke,1020,325,1127,546
0822.png,99,59,Smoke,1689,577,1788,636
1502.png,76,227,Smoke,1621,383,1697,610
0204.png,29,218,Smoke,1162,368,1191,586
0331.png,55,46,Smoke,552,484,607,530
1182.png,80,48,Smoke,414,514,494,562
1530.png,130,227,Smoke,1025,315,1155,542
0334.png,69,59,Smoke,1690,579,1759,638
0427.png,32,158,Smoke,962,387,994,545
1425.png,155,48,Smoke,1718,578,1873,626
1024.png,179,109,Smoke,1741,458,1920,567
0112.png,55,143,Smoke,446,387,501,530
1724.png,32,170,Smoke,966,382,998,552
1611.png,130,227,Smoke,1026,310,1156,537
0072.png,57,57,Smoke,1773,313,1830,370
0527.png,50,116,Smoke,1431,428,1481,544
0877.png,55,80,Smoke,546,424,601,504
0564.png,95,155,Smoke,824,394,919,549
0778.png,109,179,Smoke,813,367,922,546
0580.png,109,155,Smoke,809,395,918,550
0977.png,29,218,Smoke,1163,352,1192,570
1467.png,76,227,Smoke,1620,384,1696,611
1399.png,23,151,Smoke,1212,423,1235,574
0791.png,55,80,Smoke,546,424,601,504
0998.png,50,128,Smoke,1431,425,1481,553
1675.png,128,246,Smoke,1021,312,1149,558
1227.png,57,57,Smoke,1773,313,1830,370
0216.png,65,197,Smoke,1617,423,1682,620
1335.png,90,67,Smoke,815,490,905,557
1373.png,128,59,Smoke,1692,578,1820,637
0051.png,145,116,Smoke,1222,427,1367,543
0983.png,111,233,Smoke,1026,315,1137,548
1209.png,84,67,Smoke,1761,377,1845,444
1368.png,130,227,Smoke,1022,323,1152,550
0575.png,99,59,Smoke,1692,576,1791,635
1529.png,111,76,Smoke,811,479,922,555
0849.png,174,109,Smoke,1746,450,1920,559
1372.png,32,170,Smoke,962,373,994,543
0511.png,55,80,Smoke,546,424,601,504
0601.png,55,80,Smoke,546,424,601,504
1201.png,23,113,Smoke,1213,469,1236,582
1713.png,141,67,Smoke,1761,372,1902,439
0331.png,55,46,Smoke,552,484,607,530
0105.png,145,116,Smoke,1226,427,1371,543
1390.png,50,128,Smoke,1431,415,1481,543
1023.png,76,250,Smoke,1615,390,1691,640
0496.png,69,59,Smoke,1688,578,1757,637
1131.png,124,174,Smoke,1254,377,1378,551
0468.png,69,59,Smoke,1689,578,1758,637
1111.png,97,151,Smoke,814,393,911,544
0153.png,65,197,Smoke,1617,422,1682,619
1101.png,80,48,Smoke,414,514,494,562
1091.png,50,128,Smoke,1431,422,1481,550
1611.png,23,151,Smoke,1211,421,1234,572
0952.png,101,160,Smoke,813,383,914,543
1661.png,113,57,Smoke,629,495,742,552
1774.png,155,48,Smoke,1722,579,1877,627
1180.png,57,57,Smoke,1773,313,1830,370
1584.png,55,80,Smoke,546,424,601,504
0289.png,32,158,Smoke,962,387,994,545
1627.png,55,80,Smoke,546,424,601,504
0847.png,32,158,Smoke,963,386,995,544
0929.png,99,59,Smoke,1687,576,1786,635
0207.png,32,158,Smoke,962,387,994,545
0745.png,99,59,Smoke,1692,575,1791,634
0300.png,55,46,Smoke,552,484,607,530
0651.png,80,48,Smoke,414,514,494,562
1339.png,141,67,Smoke,1760,375,1901,442
0726.png,109,179,Smoke,813,367,922,546
0633.png,109,155,Smoke,809,395,918,550
0955.png,118,107,Smoke,620,447,738,554
0556.png,76,118,Smoke,1771,308,1847,426
0986.png,55,80,Smoke,546,424,601,504
1471.png,32,170,Smoke,962,373,994,543
1785.png,181,109,Smoke,1739,458,1920,567
1278.png,101,107,Smoke,635,446,736,553
0170.png,23,113,Smoke,1214,464,1237,577
1433.png,181,109,Smoke,1739,457,1920,566
1719.png,29,218,Smoke,1161,336,1190,554
1559.png,141,67,Smoke,1758,377,1899,444
0413.png,55,84,Smoke,450,460,505,544
1740.png,155,48,Smoke,1722,579,1877,627
1044.png,57,57,Smoke,1773,313,1830,370
1668.png,50,128,Smoke,1431,412,1481,540
0222.png,55,84,Smoke,450,458,505,542
0208.png,55,97,Smoke,450,446,505,543
0605.png,50,128,Smoke,1434,423,1484,551
0825.png,29,218,Smoke,1163,355,1192,573
0619.png,32,158,Smoke,963,389,995,547
0495.png,124,174,Smoke,1251,378,1375,552
0886.png,80,48,Smoke,414,514,494,562
1035.png,99,59,Smoke,1687,577,1786,636
0456.png,29,218,Smoke,1163,355,1192,573
0913.png,76,250,Smoke,1613,391,1689,641
1215.png,84,67,Smoke,1760,377,1844,444
0763.png,99,59,Smoke,1692,576,1791,635
1227.png,124,174,Smoke,1255,377,1379,551
1073.png,57,57,Smoke,1773,313,1830,370
0603.png,32,158,Smoke,962,389,994,547
1346.png,90,67,Smoke,816,490,906,557
0232.png,29,218,Smoke,1162,368,1191,586
1289.png,130,227,Smoke,1017,327,1147,554
0235.png,65,197,Smoke,1617,422,1682,619
0400.png,57,57,Smoke,1773,313,1830,370
0977.png,179,109,Smoke,1741,456,1920,565
1586.png,141,67,Smoke,1758,377,1899,444
1290.png,80,48,Smoke,414,514,494,562
0408.png,50,116,Smoke,1431,428,1481,544
0902.png,55,80,Smoke,546,424,601,504
0408.png,124,174,Smoke,1250,378,1374,552
0012.png,145,116,Smoke,1194,430,1339,546
0185.png,74,99,Smoke,666,431,740,530
0229.png,65,197,Smoke,1618,422,1683,619
0363.png,107,221,Smoke,1021,319,1128,540
1201.png,23,113,Smoke,1213,469,1236,582
0334.png,144,113,Smoke,1776,442,1920,555
0872.png,111,233,Smoke,1020,318,1131,551
1185.png,99,59,Smoke,1688,572,1787,631
1486.png,29,218,Smoke,1164,333,1193,551
0161.png,74,99,Smoke,666,434,740,533
0943.png,99,59,Smoke,1688,578,1787,637
1476.png,132,155,Smoke,1247,397,1379,552
1265.png,29,218,Smoke,1164,337,1193,555
0483.png,97,120,Smoke,646,424,743,544
0578.png,169,109,Smoke,1751,450,1920,559
1636.png,130,227,Smoke,1027,309,1157,536
1234.png,55,80,Smoke,546,424,601,504
1548.png,29,218,Smoke,1163,345,1192,563
0734.png,109,179,Smoke,814,368,923,547
0393.png,57,57,Smoke,1773,313,1830,370
1468.png,130,227,Smoke,1024,321,1154,548
0763.png,76,250,Smoke,1612,394,1688,644
0871.png,23,113,Smoke,1214,470,1237,583
0488.png,65,197,Smoke,1617,420,1682,617
1461.png,170,57,Smoke,565,489,735,546
0691.png,109,155,Smoke,811,394,920,549
1591.png,57,57,Smoke,1761,304,1818,361
0274.png,76,92,Smoke,1768,310,1844,402
0115.png,23,113,Smoke,1214,464,1237,577
1147.png,29,218,Smoke,1164,331,1193,549
1625.png,80,48,Smoke,414,514,494,562
1452.png,29,218,Smoke,1164,333,1193,551
0717.png,76,118,Smoke,1772,304,1848,422
0326.png,55,46,Smoke,552,484,607,530
1326.png,32,170,Smoke,962,378,994,548
1338.png,50,128,Smoke,1431,418,1481,546
0380.png,69,59,Smoke,1691,580,1760,639
0460.png,69,59,Smoke,1689,578,1758,637
0951.png,23,113,Smoke,1214,468,1237,581
0540.png,97,120,Smoke,647,425,744,545
0909.png,50,128,Smoke,1431,424,1481,552
1426.png,90,67,Smoke,816,488,906,555
0319.png,124,174,Smoke,1250,378,1374,552
1455.png,130,227,Smoke,1023,320,1153,547
0118.png,65,197,Smoke,1618,420,1683,617
0956.png,179,109,Smoke,1741,456,1920,565
0398.png,69,59,Smoke,1691,579,1760,638
1522.png,132,155,Smoke,1247,398,1379,553
0941.png,124,174,Smoke,1253,379,1377,553
1063.png,101,107,Smoke,635,446,736,553
1402.png,141,67,Smoke,1759,374,1900,441
1370.png,76,227,Smoke,1615,381,1691,608
1687.png,80,57,Smoke,1759,300,1839,357
0341.png,69,59,Smoke,1690,579,1759,638
0061.png,57,48,Smoke,1703,578,1760,626
0368.png,76,92,Smoke,1768,310,1844,402
1540.png,132,155,Smoke,1247,398,1379,553
1134.png,99,59,Smoke,1688,573,1787,632
0723.png,50,128,Smoke,1432,424,1482,552
1452.png,155,48,Smoke,1717,579,1872,627
1044.png,80,48,Smoke,414,514,494,562
1693.png,29,218,Smoke,1161,336,1190,554
1673.png,181,109,Smoke,1739,457,1920,566
0407.png,95,139,Smoke,821,407,916,546
0125.png,65,197,Smoke,1617,422,1682,619
1017.png,80,48,Smoke,414,514,494,562
0359.png,55,84,Smoke,450,460,505,544
1721.png,23,151,Smoke,1211,417,1234,568
1435.png,57,57,Smoke,1755,305,1812,362
0358.png,76,95,Smoke,665,433,741,528
1075.png,57,57,Smoke,1773,313,1830,370
0869.png,55,80,Smoke,546,424,601,504
0356.png,65,197,Smoke,1617,423,1682,620
1186.png,55,80,Smoke,546,424,601,504
1472.png,132,155,Smoke,1247,397,1379,552
0127.png,23,113,Smoke,1214,464,1237,577
0440.png,65,197,Smoke,1617,422,1682,619
0078.png,57,48,Smoke,1704,577,1761,625
1302.png,23,113,Smoke,1212,466,1235,579
0005.png,145,116,Smoke,1193,428,1338,544
1167.png,23,113,Smoke,1213,471,1236,584
0761.png,76,118,Smoke,1771,303,1847,421
0958.png,76,250,Smoke,1613,389,1689,639
0324.png,57,57,Smoke,1773,313,1830,370
0454.png,32,158,Smoke,962,387,994,545
0190.png,95,176,Smoke,818,377,913,553
0179.png,65,197,Smoke,1617,422,1682,619
1252.png,80,48,Smoke,414,514,494,562
0823.png,50,128,Smoke,1431,426,1481,554
1228.png,179,109,Smoke,1741,459,1920,568
1408.png,141,67,Smoke,1759,374,1900,441
1785.png,128,246,Smoke,1025,318,1153,564
0111.png,57,57,Smoke,1773,313,1830,370
0542.png,29,218,Smoke,1163,357,1192,575
1041.png,111,233,Smoke,1027,309,1138,542
0396.png,144,113,Smoke,1776,443,1920,556
1225.png,80,48,Smoke,414,514,494,562
1228.png,55,80,Smoke,546,424,601,504
0029.png,107,195,Smoke,996,357,1103,552
1455.png,132,155,Smoke,1247,398,1379,553
1728.png,50,128,Smoke,1431,412,1481,540
1589.png,50,128,Smoke,1431,412,1481,540
1382.png,101,107,Smoke,635,446,736,553
1544.png,29,218,Smoke,1163,345,1192,563
0045.png,29,170,Smoke,1159,374,1188,544
0709.png,50,128,Smoke,1433,424,1483,552
1623.png,155,48,Smoke,1722,580,1877,628
1414.png,29,218,Smoke,1164,334,1193,552
0929.png,55,80,Smoke,546,424,601,504
0295.png,23,113,Smoke,1214,464,1237,577
0718.png,80,48,Smoke,414,514,494,562
0425.png,124,174,Smoke,1251,376,1375,550
0976.png,32,158,Smoke,962,381,994,539
0349.png,50,116,Smoke,1430,426,1480,542
0770.png,32,158,Smoke,963,388,995,546
1635.png,132,155,Smoke,1247,397,1379,552
1315.png,84,67,Smoke,1760,375,1844,442
0945.png,179,109,Smoke,1741,456,1920,565
1451.png,55,80,Smoke,546,424,601,504
0798.png,109,179,Smoke,814,367,923,546
1396.png,141,67,Smoke,1759,374,1900,441
0933.png,57,57,Smoke,1773,313,1830,370
1004.png,55,80,Smoke,546,424,601,504
0481.png,124,174,Smoke,1251,378,1375,552
0402.png,55,80,Smoke,546,421,601,501
1436.png,141,67,Smoke,1759,374,1900,441
0040.png,29,170,Smoke,1152,379,1181,549
1459.png,132,155,Smoke,1247,398,1379,553
1440.png,180,109,Smoke,1740,457,1920,566
0260.png,141,147,Smoke,1232,408,1373,555
1242.png,97,82,Smoke,815,460,912,542
1464.png,130,227,Smoke,1024,323,1154,550
1680.png,29,218,Smoke,1161,334,1190,552
1521.png,132,155,Smoke,1247,398,1379,553
1640.png,130,227,Smoke,1027,309,1157,536
1758.png,76,258,Smoke,1625,382,1701,640
0254.png,50,116,Smoke,1431,428,1481,544
1593.png,113,57,Smoke,629,497,742,554
0786.png,174,109,Smoke,1746,449,1920,558
1552.png,132,155,Smoke,1247,398,1379,553
0315.png,76,92,Smoke,1768,310,1844,402
1104.png,55,80,Smoke,546,424,601,504
0432.png,143,109,Smoke,1777,450,1920,559
0893.png,99,59,Smoke,1688,577,1787,636
0318.png,76,95,Smoke,665,435,741,530
1330.png,50,128,Smoke,1432,420,1482,548
1556.png,155,48,Smoke,1721,582,1876,630
0876.png,111,233,Smoke,1020,318,1131,551
1750.png,76,258,Smoke,1624,381,1700,639
1781.png,80,57,Smoke,1760,298,1840,355
1757.png,55,80,Smoke,546,424,601,504
1379.png,181,109,Smoke,1739,459,1920,568
1281.png,57,57,Smoke,1773,313,1830,370
0457.png,57,57,Smoke,1773,313,1830,370
1703.png,128,246,Smoke,1022,314,1150,560
0331.png,23,113,Smoke,1214,464,1237,577
1524.png,55,80,Smoke,546,424,601,504
0971.png,23,113,Smoke,1214,468,1237,581
0846.png,50,128,Smoke,1431,427,1481,555
0751.png,111,221,Smoke,1019,321,1130,542
1025.png,29,218,Smoke,1163,353,1192,571
1641.png,132,155,Smoke,1246,397,1378,552
0041.png,95,176,Smoke,804,381,899,557
0531.png,55,80,Smoke,546,424,601,504
0777.png,32,158,Smoke,963,388,995,546
0960.png,76,118,Smoke,1769,316,1845,434
0987.png,124,174,Smoke,1253,379,1377,553
0803.png,99,59,Smoke,1690,575,1789,634
0959.png,55,80,Smoke,546,424,601,504
0890.png,57,57,Smoke,1773,313,1830,370
0823.png,174,109,Smoke,1746,450,1920,559
0922.png,80,48,Smoke,414,514,494,562
0249.png,29,218,Smoke,1162,370,1191,588
0473.png,69,59,Smoke,1688,578,1757,637
1298.png,50,128,Smoke,1431,418,1481,546
0802.png,170,67,Smoke,567,490,737,557
0739.png,111,221,Smoke,1019,321,1130,542
0334.png,29,218,Smoke,1163,358,1192,576
1551.png,23,151,Smoke,1212,423,1235,574
1756.png,29,218,Smoke,1161,349,1190,567
1781.png,50,128,Smoke,1431,412,1481,540
0974.png,23,113,Smoke,1214,468,1237,581
0231.png,143,86,Smoke,1777,457,1920,543
1675.png,29,218,Smoke,1161,338,1190,556
0255.png,69,59,Smoke,1691,577,1760,636
1512.png,23,151,Smoke,1212,423,1235,574
0836.png,23,113,Smoke,1214,468,1237,581
1500.png,23,151,Smoke,1212,422,1235,573
0561.png,95,155,Smoke,824,394,919,549
1105.png,76,250,Smoke,1615,389,1691,639
0281.png,55,84,Smoke,450,460,505,544
1065.png,179,109,Smoke,1741,457,1920,566
0633.png,32,158,Smoke,963,389,995,547
1045.png,32,158,Smoke,962,381,994,539
1346.png,50,128,Smoke,1431,416,1481,544
1282.png,179,109,Smoke,1741,458,1920,567
0224.png,74,99,Smoke,665,432,739,531
1572.png,50,128,Smoke,1431,412,1481,540
1458.png,155,48,Smoke,1717,579,1872,627
0418.png,95,139,Smoke,821,406,916,545
0327.png,50,116,Smoke,1431,427,1481,543
1160.png,101,107,Smoke,635,446,736,553
1757.png,141,67,Smoke,1759,371,1900,438
1249.png,84,67,Smoke,1760,375,1844,442
1464.png,80,48,Smoke,414,514,494,562
0435.png,55,84,Smoke,450,460,505,544
0051.png,48,34,Smoke,559,483,607,517
1418.png,155,48,Smoke,1718,577,1873,625
0358.png,124,174,Smoke,1251,378,1375,552
0487.png,29,218,Smoke,1163,352,1192,570
0336.png,144,113,Smoke,1776,443,1920,556
0681.png,149,57,Smoke,591,500,740,557
0827.png,23,113,Smoke,1214,469,1237,582
1223.png,97,151,Smoke,816,393,913,544
1311.png,84,67,Smoke,1760,375,1844,442
0071.png,74,99,Smoke,663,445,737,544
0530.png,55,80,Smoke,546,424,601,504
1656.png,113,57,Smoke,629,496,742,553
1216.png,50,128,Smoke,1430,421,1480,549
1408.png,50,128,Smoke,1432,415,1482,543
0184.png,65,197,Smoke,1617,421,1682,618
0725.png,124,174,Smoke,1251,378,1375,552
0897.png,107,179,Smoke,814,369,921,548
1265.png,23,113,Smoke,1212,466,1235,579
1137.png,23,113,Smoke,1214,471,1237,584
0948.png,76,250,Smoke,1614,388,1690,638
0371.png,55,84,Smoke,450,460,505,544
1439.png,57,57,Smoke,1755,305,1812,362
1544.png,32,170,Smoke,962,373,994,543
1575.png,111,76,Smoke,814,477,925,553
0393.png,50,116,Smoke,1431,428,1481,544
1764.png,122,78,Smoke,814,476,936,554
0268.png,107,221,Smoke,1022,324,1129,545
1209.png,124,174,Smoke,1255,377,1379,551
1011.png,23,113,Smoke,1214,468,1237,581
0924.png,23,113,Smoke,1214,466,1237,579
1099.png,57,57,Smoke,1773,313,1830,370
0612.png,76,118,Smoke,1771,307,1847,425
0473.png,29,218,Smoke,1163,356,1192,574
0794.png,32,158,Smoke,963,388,995,546
0349.png,107,221,Smoke,1021,319,1128,540
0171.png,23,113,Smoke,1214,464,1237,577
1277.png,76,250,Smoke,1615,388,1691,638
1540.png,76,227,Smoke,1621,385,1697,612
1518.png,76,227,Smoke,1621,384,1697,611
0165.png,74,99,Smoke,667,433,741,532
1094.png,99,59,Smoke,1688,575,1787,634
1150.png,124,174,Smoke,1254,379,1378,553
1532.png,50,128,Smoke,1430,412,1480,540
0890.png,76,118,Smoke,1770,318,1846,436
1280.png,99,59,Smoke,1689,574,1788,633
0737.png,99,59,Smoke,1692,575,1791,634
0781.png,55,80,Smoke,546,424,601,504
1776.png,141,67,Smoke,1761,369,1902,436
1100.png,32,158,Smoke,963,375,995,533
1130.png,80,48,Smoke,414,514,494,562
1651.png,23,151,Smoke,1210,422,1233,573
1620.png,180,109,Smoke,1740,457,1920,566
1681.png,132,155,Smoke,1247,397,1379,552
0416.png,57,57,Smoke,1773,313,1830,370
1795.png,122,78,Smoke,814,476,936,554
0553.png,124,174,Smoke,1250,378,1374,552
0883.png,143,71,Smoke,595,483,738,554
0463.png,55,84,Smoke,450,460,505,544
1715.png,80,57,Smoke,1759,299,1839,356
1228.png,101,107,Smoke,635,446,736,553
0804.png,107,179,Smoke,815,368,922,547
0926.png,101,160,Smoke,813,385,914,545
1096.png,32,158,Smoke,963,375,995,533
0888.png,124,174,Smoke,1252,379,1376,553
0673.png,99,59,Smoke,1692,576,1791,635
1580.png,80,48,Smoke,414,514,494,562
0595.png,29,218,Smoke,1163,357,1192,575
0326.png,50,116,Smoke,1431,427,1481,543
0644.png,80,48,Smoke,415,515,495,563
1441.png,55,80,Smoke,546,424,601,504
0059.png,150,97,Smoke,1770,461,1920,558
0155.png,32,158,Smoke,962,387,994,545
1116.png,32,158,Smoke,963,377,995,535
0641.png,111,221,Smoke,1021,322,1132,543
1050.png,76,250,Smoke,1615,391,1691,641
0024.png,29,170,Smoke,1137,364,1166,534
0825.png,76,118,Smoke,1771,302,1847,420
1648.png,29,218,Smoke,1161,338,1190,556
0414.png,65,197,Smoke,1617,421,1682,618
1366.png,90,67,Smoke,816,490,906,557
0378.png,50,116,Smoke,1431,427,1481,543
1464.png,29,218,Smoke,1164,333,1193,551
0222.png,55,46,Smoke,552,484,607,530
1285.png,32,158,Smoke,963,376,995,534
0143.png,29,218,Smoke,1163,348,1192,566
1215.png,57,57,Smoke,1773,313,1830,370
0968.png,179,109,Smoke,1741,457,1920,566
1212.png,76,250,Smoke,1613,390,1689,640
1672.png,184,109,Smoke,1736,457,1920,566
1275.png,23,113,Smoke,1212,467,1235,580
1544.png,170,57,Smoke,568,497,738,554
1406.png,29,218,Smoke,1164,335,1193,553
0450.png,69,59,Smoke,1690,577,1759,636
0595.png,80,48,Smoke,416,515,496,563
0496.png,57,57,Smoke,1773,313,1830,370
1267.png,76,250,Smoke,1614,387,1690,637
1108.png,29,218,Smoke,1164,334,1193,552
0912.png,124,174,Smoke,1253,379,1377,553
0939.png,80,48,Smoke,414,514,494,562
0464.png,95,139,Smoke,822,399,917,538
1209.png,111,246,Smoke,1032,307,1143,553
0120.png,57,48,Smoke,1705,577,1762,625
1114.png,23,113,Smoke,1214,470,1237,583
1559.png,130,227,Smoke,1025,312,1155,539
0847.png,29,218,Smoke,1163,355,1192,573
0425.png,50,116,Smoke,1431,428,1481,544
0777.png,99,59,Smoke,1692,576,1791,635
1345.png,50,128,Smoke,1431,419,1481,547
0506.png,23,113,Smoke,1214,464,1237,577
1752.png,128,246,Smoke,1025,317,1153,563
1433.png,101,107,Smoke,635,446,736,553
0027.png,57,48,Smoke,1673,579,1730,627
1308.png,57,57,Smoke,1773,313,1830,370
0245.png,32,158,Smoke,962,387,994,545
1204.png,57,57,Smoke,1773,313,1830,370
0524.png,65,197,Smoke,1617,423,1682,620
0158.png,50,116,Smoke,1433,430,1483,546
0821.png,57,57,Smoke,1773,313,1830,370
1217.png,57,57,Smoke,1773,313,1830,370
0475.png,76,118,Smoke,1771,309,1847,427
1238.png,124,174,Smoke,1255,377,1379,551
0272.png,65,197,Smoke,1617,423,1682,620
1048.png,99,59,Smoke,1686,577,1785,636
0022.png,151,97,Smoke,1741,463,1892,560
1469.png,132,155,Smoke,1247,397,1379,552
1290.png,76,250,Smoke,1615,385,1691,635
1718.png,50,128,Smoke,1431,412,1481,540
0845.png,174,109,Smoke,1746,451,1920,560
0381.png,29,218,Smoke,1163,357,1192,575
0260.png,29,218,Smoke,1163,356,1192,574
0298.png,55,46,Smoke,552,484,607,530
0202.png,29,218,Smoke,1162,368,1191,586
1734.png,122,78,Smoke,813,474,935,552
1698.png,141,67,Smoke,1761,372,1902,439
0491.png,95,155,Smoke,822,395,917,550
0437.png,107,221,Smoke,1021,318,1128,539
0582.png,111,221,Smoke,1021,322,1132,543
1572.png,29,218,Smoke,1163,341,1192,559
0276.png,95,176,Smoke,820,371,915,547
0531.png,161,109,Smoke,1759,449,1920,558
0049.png,57,48,Smoke,1697,578,1754,626
0732.png,32,158,Smoke,963,388,995,546
1632.png,32,170,Smoke,964,374,996,544
1062.png,76,250,Smoke,1615,389,1691,639
1260.png,32,158,Smoke,963,376,995,534
1454.png,103,55,Smoke,816,497,919,552
0995.png,99,59,Smoke,1689,577,1788,636
0648.png,23,113,Smoke,1213,465,1236,578
1704.png,50,128,Smoke,1431,412,1481,540
0793.png,80,48,Smoke,414,514,494,562
0727.png,50,128,Smoke,1432,424,1482,552
1017.png,101,107,Smoke,636,446,737,553
0469.png,124,174,Smoke,1250,378,1374,552
1327.png,179,109,Smoke,1741,458,1920,567
0902.png,99,59,Smoke,1688,577,1787,636
1341.png,124,174,Smoke,1256,377,1380,551
1438.png,141,67,Smoke,1759,374,1900,441
0276.png,23,113,Smoke,1214,464,1237,577
0100.png,50,116,Smoke,1433,433,1483,549
1041.png,55,80,Smoke,546,424,601,504
0523.png,69,59,Smoke,1688,578,1757,637
0391.png,65,197,Smoke,1617,422,1682,619
1438.png,32,170,Smoke,962,373,994,543
0873.png,50,128,Smoke,1431,425,1481,553
1289.png,57,57,Smoke,1773,313,1830,370
1696.png,29,218,Smoke,1161,336,1190,554
0077.png,76,92,Smoke,1769,309,1845,401
0826.png,76,250,Smoke,1615,394,1691,644
1600.png,130,227,Smoke,1026,309,1156,536
0863.png,174,109,Smoke,1746,451,1920,560
0903.png,57,57,Smoke,1773,313,1830,370
0023.png,34,116,Smoke,1403,435,1437,551
1433.png,32,170,Smoke,962,373,994,543
0064.png,149,97,Smoke,1771,458,1920,555
0608.png,50,128,Smoke,1434,423,1484,551
0491.png,32,158,Smoke,962,387,994,545
1728.png,132,155,Smoke,1246,397,1378,552
0300.png,69,59,Smoke,1690,577,1759,636
1089.png,74,74,Smoke,1770,361,1844,435
0759.png,57,57,Smoke,1773,313,1830,370
1733.png,32,170,Smoke,966,382,998,552
0791.png,55,80,Smoke,546,424,601,504
0708.png,109,179,Smoke,813,368,922,547
0151.png,95,176,Smoke,818,375,913,551
1502.png,32,170,Smoke,962,373,994,543
1525.png,181,109,Smoke,1739,457,1920,566
1543.png,80,48,Smoke,414,514,494,562
0631.png,80,48,Smoke,414,515,494,563
0527.png,161,109,Smoke,1759,448,1920,557
0339.png,95,139,Smoke,821,409,916,548
0436.png,124,174,Smoke,1250,378,1374,552
1795.png,23,151,Smoke,1215,413,1238,564
1742.png,76,258,Smoke,1624,380,1700,638
0239.png,107,221,Smoke,1021,323,1128,544
1404.png,50,128,Smoke,1432,415,1482,543
1590.png,29,218,Smoke,1163,338,1192,556
0780.png,57,57,Smoke,1773,313,1830,370
1564.png,80,48,Smoke,414,514,494,562
1445.png,141,67,Smoke,1759,375,1900,442
0938.png,55,80,Smoke,546,424,601,504
1204.png,99,59,Smoke,1687,574,1786,633
0904.png,76,118,Smoke,1770,317,1846,435
0844.png,99,59,Smoke,1690,577,1789,636
0162.png,50,116,Smoke,1433,429,1483,545
1261.png,130,227,Smoke,1015,328,1145,555
0044.png,23,113,Smoke,1214,464,1237,577
0342.png,29,218,Smoke,1163,358,1192,576
1031.png,86,160,Smoke,814,379,900,539
1377.png,155,48,Smoke,1718,576,1873,624
0440.png,76,118,Smoke,1771,311,1847,429
1068.png,32,158,Smoke,963,375,995,533
0787.png,76,250,Smoke,1615,394,1691,644
0340.png,95,139,Smoke,821,409,916,548
0657.png,50,128,Smoke,1434,425,1484,553
1029.png,101,107,Smoke,636,446,737,553
1596.png,23,151,Smoke,1211,422,1234,573
1707.png,99,55,Smoke,643,499,742,554
0594.png,55,80,Smoke,546,424,601,504
1098.png,124,174,Smoke,1253,377,1377,551
1659.png,80,48,Smoke,414,514,494,562
0451.png,124,174,Smoke,1250,378,1374,552
0945.png,101,160,Smoke,814,382,915,542
0922.png,50,128,Smoke,1431,424,1481,552
0171.png,95,176,Smoke,818,375,913,551
0912.png,50,128,Smoke,1431,424,1481,552
0535.png,80,48,Smoke,415,514,495,562
0319.png,50,116,Smoke,1431,427,1481,543
0498.png,107,221,Smoke,1024,318,1131,539
1341.png,130,227,Smoke,1022,325,1152,552
0379.png,32,158,Smoke,962,387,994,545
1171.png,57,57,Smoke,1773,313,1830,370
0733.png,29,218,Smoke,1163,355,1192,573
1115.png,32,158,Smoke,963,377,995,535
0287.png,55,84,Smoke,450,460,505,544
1159.png,99,59,Smoke,1688,574,1787,633
0020.png,107,195,Smoke,991,357,1098,552
1331.png,130,227,Smoke,1022,323,1152,550
1075.png,101,107,Smoke,635,446,736,553
1678.png,141,67,Smoke,1759,375,1900,442
1603.png,181,109,Smoke,1739,458,1920,567
1539.png,132,155,Smoke,1247,398,1379,553
0514.png,95,155,Smoke,823,394,918,549
0388.png,55,80,Smoke,546,421,601,501
0629.png,32,158,Smoke,963,388,995,546
1428.png,180,109,Smoke,1740,456,1920,565
1354.png,23,151,Smoke,1212,422,1235,573
0704.png,57,57,Smoke,1773,313,1830,370
0003.png,95,176,Smoke,784,380,879,556
1355.png,90,67,Smoke,816,490,906,557
0498.png,57,57,Smoke,1773,313,1830,370
0751.png,55,80,Smoke,546,424,601,504
0951.png,29,218,Smoke,1163,353,1192,571
0091.png,23,113,Smoke,1214,464,1237,577
1224.png,101,107,Smoke,635,446,736,553
0642.png,99,59,Smoke,1692,575,1791,634
1571.png,141,67,Smoke,1757,377,1898,444
1491.png,55,80,Smoke,546,424,601,504
0500.png,57,57,Smoke,1773,313,1830,370
1287.png,179,109,Smoke,1741,458,1920,567
0566.png,95,155,Smoke,824,394,919,549
0126.png,107,195,Smoke,1022,352,1129,547
1785.png,23,151,Smoke,1215,416,1238,567
1156.png,99,59,Smoke,1688,574,1787,633
1565.png,181,109,Smoke,1739,457,1920,566
1144.png,111,246,Smoke,1030,307,1141,553
1373.png,90,67,Smoke,815,490,905,557
0172.png,74,99,Smoke,666,432,740,531
1499.png,23,151,Smoke,1212,423,1235,574
0946.png,29,218,Smoke,1163,353,1192,571
1476.png,155,48,Smoke,1719,580,1874,628
0162.png,145,116,Smoke,1226,427,1371,543
1530.png,141,67,Smoke,1758,376,1899,443
0757.png,76,250,Smoke,1610,392,1686,642
0368.png,55,46,Smoke,552,484,607,530
0139.png,95,176,Smoke,819,374,914,550
0678.png,55,80,Smoke,546,424,601,504
0446.png,124,174,Smoke,1250,378,1374,552
0102.png,65,197,Smoke,1618,421,1683,618
0575.png,55,80,Smoke,546,424,601,504
0677.png,55,80,Smoke,546,424,601,504
0237.png,95,176,Smoke,819,372,914,548
1180.png,23,113,Smoke,1213,470,1236,583
0383.png,144,113,Smoke,1776,443,1920,556
0845.png,29,218,Smoke,1163,355,1192,573
1784.png,80,48,Smoke,414,514,494,562
0294.png,69,86,Smoke,670,438,739,524
0986.png,29,218,Smoke,1163,353,1192,571
0307.png,55,46,Smoke,552,484,607,530
0795.png,124,174,Smoke,1251,379,1375,553
1536.png,111,76,Smoke,811,477,922,553
1531.png,76,227,Smoke,1621,384,1697,611
0932.png,80,48,Smoke,414,514,494,562
0349.png,55,84,Smoke,450,460,505,544
1385.png,57,57,Smoke,1754,305,1811,362
1417.png,132,155,Smoke,1249,395,1381,550
1183.png,99,59,Smoke,1688,573,1787,632
0081.png,95,176,Smoke,818,375,913,551
1685.png,141,67,Smoke,1761,373,1902,440
0189.png,74,99,Smoke,665,432,739,531
0906.png,124,174,Smoke,1252,379,1376,553
0197.png,57,57,Smoke,1773,313,1830,370
1741.png,99,55,Smoke,642,498,741,553
0168.png,50,116,Smoke,1433,430,1483,546
1720.png,76,227,Smoke,1623,382,1699,609
1791.png,80,57,Smoke,1760,298,1840,355
1259.png,23,113,Smoke,1212,466,1235,579
1409.png,141,67,Smoke,1759,374,1900,441
0490.png,76,118,Smoke,1771,309,1847,427
1324.png,76,250,Smoke,1616,382,1692,632
0063.png,55,143,Smoke,446,387,501,530
1033.png,32,158,Smoke,962,381,994,539
0911.png,107,179,Smoke,814,369,921,548
1369.png,141,67,Smoke,1759,375,1900,442
0269.png,76,92,Smoke,1768,309,1844,401
1071.png,76,250,Smoke,1615,389,1691,639
0451.png,50,116,Smoke,1431,428,1481,544
0416.png,144,113,Smoke,1776,444,1920,557
0709.png,32,158,Smoke,963,388,995,546
1129.png,55,80,Smoke,546,424,601,504
1424.png,57,57,Smoke,1755,305,1812,362
0563.png,65,218,Smoke,1618,397,1683,615
0665.png,76,118,Smoke,1771,305,1847,423
0544.png,124,174,Smoke,1250,378,1374,552
1452.png,55,80,Smoke,546,424,601,504
1346.png,76,227,Smoke,1615,380,1691,607
0939.png,76,250,Smoke,1614,388,1690,638
0866.png,80,48,Smoke,414,514,494,562
1033.png,124,174,Smoke,1253,377,1377,551
0348.png,76,95,Smoke,665,433,741,528
1611.png,113,57,Smoke,630,497,743,554
0499.png,76,118,Smoke,1771,309,1847,427
0059.png,32,158,Smoke,961,388,993,546
0594.png,111,221,Smoke,1020,322,1131,543
0704.png,111,221,Smoke,1020,323,1131,544
1541.png,55,80,Smoke,546,424,601,504
1437.png,32,170,Smoke,962,373,994,543
0171.png,145,116,Smoke,1226,427,1371,543
1272.png,23,113,Smoke,1212,467,1235,580
0341.png,23,113,Smoke,1214,464,1237,577
1460.png,132,155,Smoke,1247,398,1379,553
1791.png,155,48,Smoke,1722,578,1877,626
0636.png,109,155,Smoke,809,395,918,550
0856.png,107,179,Smoke,815,369,922,548
0942.png,143,95,Smoke,595,461,738,556
1156.png,111,246,Smoke,1029,308,1140,554
1140.png,50,128,Smoke,1431,421,1481,549
1083.png,111,246,Smoke,1029,309,1140,555
1591.png,29,218,Smoke,1163,337,1192,555
1001.png,101,107,Smoke,636,447,737,554
1405.png,130,227,Smoke,1022,324,1152,551
1572.png,76,227,Smoke,1621,384,1697,611
0853.png,80,48,Smoke,414,514,494,562
0500.png,65,197,Smoke,1617,422,1682,619
0402.png,50,116,Smoke,1431,429,1481,545
0435.png,95,139,Smoke,821,404,916,543
0635.png,111,221,Smoke,1020,322,1131,543
1089.png,29,218,Smoke,1164,331,1193,549
1168.png,29,218,Smoke,1164,333,1193,551
1481.png,55,80,Smoke,546,424,601,504
1698.png,29,218,Smoke,1161,334,1190,552
1067.png,111,246,Smoke,1028,310,1139,556
0039.png,57,48,Smoke,1686,578,1743,626
0090.png,32,158,Smoke,961,387,993,545
1623.png,130,227,Smoke,1027,308,1157,535
1794.png,128,246,Smoke,1025,323,1153,569
1409.png,32,170,Smoke,962,375,994,545
0931.png,124,174,Smoke,1252,379,1376,553
1000.png,55,80,Smoke,546,424,601,504
0907.png,107,179,Smoke,814,369,921,548
1207.png,50,128,Smoke,1431,421,1481,549
1204.png,124,174,Smoke,1255,377,1379,551
0805.png,55,80,Smoke,546,424,601,504
1767.png,99,55,Smoke,642,498,741,553
0294.png,57,57,Smoke,1773,313,1830,370
0213.png,76,92,Smoke,1769,309,1845,401
0148.png,76,92,Smoke,1768,310,1844,402
1597.png,80,57,Smoke,1763,302,1843,359
1641.png,80,48,Smoke,414,514,494,562
0410.png,144,113,Smoke,1776,443,1920,556
1196.png,76,250,Smoke,1613,390,1689,640
1787.png,132,155,Smoke,1245,399,1377,554
0045.png,57,48,Smoke,1693,578,1750,626
1013.png,57,57,Smoke,1773,313,1830,370
0287.png,23,113,Smoke,1214,464,1237,577
0397.png,55,80,Smoke,546,420,601,500
0034.png,23,113,Smoke,1214,464,1237,577
0343.png,29,218,Smoke,1163,358,1192,576
0041.png,57,57,Smoke,1773,313,1830,370
1166.png,179,109,Smoke,1741,457,1920,566
1781.png,128,246,Smoke,1025,318,1153,564
1081.png,179,109,Smoke,1741,456,1920,565
1581.png,155,48,Smoke,1722,582,1877,630
0150.png,145,116,Smoke,1226,427,1371,543
0058.png,48,34,Smoke,559,483,607,517
0107.png,32,158,Smoke,962,387,994,545
0400.png,29,218,Smoke,1163,357,1192,575
0273.png,57,57,Smoke,1773,313,1830,370
1768.png,55,80,Smoke,546,424,601,504
0609.png,57,57,Smoke,1773,313,1830,370
0550.png,65,218,Smoke,1618,399,1683,617
0054.png,57,48,Smoke,1700,578,1757,626
0655.png,99,59,Smoke,1692,575,1791,634
1497.png,32,170,Smoke,962,373,994,543
1428.png,90,67,Smoke,816,488,906,555
0452.png,29,218,Smoke,1163,357,1192,575
1599.png,141,67,Smoke,1759,376,1900,443
1295.png,84,67,Smoke,1760,375,1844,442
0751.png,109,179,Smoke,813,368,922,547
0662.png,99,59,Smoke,1692,575,1791,634
0325.png,50,116,Smoke,1431,427,1481,543
0486.png,32,158,Smoke,962,387,994,545
0861.png,23,113,Smoke,1214,470,1237,583
0661.png,65,218,Smoke,1620,397,1685,615
0587.png,109,155,Smoke,809,395,918,550
0683.png,76,118,Smoke,1773,304,1849,422
1611.png,80,57,Smoke,1763,302,1843,359
1410.png,90,67,Smoke,815,489,905,556
1351.png,90,67,Smoke,816,490,906,557
0263.png,69,86,Smoke,669,444,738,530
1285.png,50,128,Smoke,1431,418,1481,546
0933.png,143,95,Smoke,595,460,738,555
1221.png,84,67,Smoke,1760,376,1844,443
0740.png,99,59,Smoke,1692,575,1791,634
0614.png,124,174,Smoke,1251,377,1375,551
0157.png,74,99,Smoke,665,436,739,535
0570.png,76,118,Smoke,1770,307,1846,425
0786.png,170,67,Smoke,569,490,739,557
0630.png,124,174,Smoke,1251,377,1375,551
0673.png,32,158,Smoke,963,387,995,545
1650.png,80,48,Smoke,414,514,494,562
0066.png,32,158,Smoke,962,388,994,546
1798.png,155,48,Smoke,1722,578,1877,626
1447.png,101,107,Smoke,635,446,736,553
1359.png,124,174,Smoke,1256,377,1380,551
0329.png,65,197,Smoke,1617,420,1682,617
0271.png,23,113,Smoke,1214,464,1237,577
0002.png,76,92,Smoke,1733,309,1809,401
1295.png,124,174,Smoke,1255,377,1379,551
0319.png,57,57,Smoke,1773,313,1830,370
0657.png,97,120,Smoke,647,432,744,552
1389.png,141,67,Smoke,1759,374,1900,441
0691.png,149,57,Smoke,591,500,740,557
0591.png,76,118,Smoke,1770,308,1846,426
0014.png,50,147,Smoke,419,397,469,544
0267.png,29,218,Smoke,1163,356,1192,574
0673.png,111,221,Smoke,1020,322,1131,543
0448.png,107,221,Smoke,1023,319,1130,540
0540.png,29,218,Smoke,1163,356,1192,574
0163.png,95,176,Smoke,818,377,913,553
0172.png,76,92,Smoke,1768,308,1844,400
1160.png,80,48,Smoke,414,514,494,562
1132.png,179,109,Smoke,1741,457,1920,566
0691.png,111,221,Smoke,1020,322,1131,543
0583.png,32,158,Smoke,962,389,994,547
0518.png,69,59,Smoke,1688,578,1757,637
0239.png,55,46,Smoke,552,484,607,530
1576.png,80,48,Smoke,414,514,494,562
0486.png,55,80,Smoke,546,424,601,504
1119.png,101,107,Smoke,635,446,736,553
0664.png,55,80,Smoke,546,424,601,504
1186.png,80,48,Smoke,414,514,494,562
1467.png,57,57,Smoke,1758,304,1815,361
0674.png,32,158,Smoke,963,388,995,546
0880.png,76,118,Smoke,1770,317,1846,435
0243.png,57,57,Smoke,1773,313,1830,370
1225.png,23,113,Smoke,1213,467,1236,580
0698.png,111,221,Smoke,1020,323,1131,544
0162.png,65,197,Smoke,1617,421,1682,618
1303.png,76,250,Smoke,1617,384,1693,634
1731.png,99,55,Smoke,642,498,741,553
0016.png,76,92,Smoke,1733,311,1809,403
0805.png,23,113,Smoke,1214,468,1237,581
0619.png,97,120,Smoke,647,430,744,550
1068.png,76,250,Smoke,1615,389,1691,639
0786.png,32,158,Smoke,963,388,995,546
0028.png,34,116,Smoke,1407,436,1441,552
0648.png,124,174,Smoke,1251,378,1375,552
0382.png,95,139,Smoke,821,409,916,548
0909.png,174,109,Smoke,1746,452,1920,561
0207.png,65,197,Smoke,1617,421,1682,618
0100.png,76,92,Smoke,1768,309,1844,401
1536.png,76,227,Smoke,1621,383,1697,610
0491.png,124,174,Smoke,1251,378,1375,552
0783.png,124,174,Smoke,1251,379,1375,553
0573.png,111,221,Smoke,1021,322,1132,543
0137.png,74,99,Smoke,666,437,740,536
0204.png,74,99,Smoke,666,431,740,530
1241.png,55,80,Smoke,546,424,601,504
1626.png,76,227,Smoke,1623,384,1699,611
0978.png,76,118,Smoke,1769,316,1845,434
0330.png,76,95,Smoke,665,434,741,529
0353.png,29,218,Smoke,1163,357,1192,575
0914.png,174,109,Smoke,1746,452,1920,561
0965.png,76,118,Smoke,1769,316,1845,434
1597.png,113,57,Smoke,629,497,742,554
0203.png,50,116,Smoke,1432,426,1482,542
0086.png,148,97,Smoke,1772,456,1920,553
0938.png,143,95,Smoke,595,462,738,557
0238.png,142,86,Smoke,1778,456,1920,542
0611.png,50,128,Smoke,1434,423,1484,551
0259.png,55,46,Smoke,552,484,607,530
0808.png,111,233,Smoke,1019,320,1130,553
1661.png,55,80,Smoke,546,424,601,504
0032.png,48,34,Smoke,559,483,607,517
0917.png,29,218,Smoke,1163,355,1192,573
1380.png,23,151,Smoke,1212,422,1235,573
1283.png,50,128,Smoke,1431,418,1481,546
1094.png,124,174,Smoke,1253,377,1377,551
1206.png,23,113,Smoke,1213,469,1236,582
1748.png,80,57,Smoke,1759,299,1839,356
0211.png,141,147,Smoke,1231,408,1372,555
1042.png,32,158,Smoke,962,381,994,539
1324.png,90,67,Smoke,815,490,905,557
1385.png,155,48,Smoke,1718,577,1873,625
1465.png,155,48,Smoke,1717,579,1872,627
0866.png,107,179,Smoke,814,369,921,548
0572.png,50,128,Smoke,1435,423,1485,551
0268.png,69,59,Smoke,1691,577,1760,636
0310.png,23,113,Smoke,1214,464,1237,577
0440.png,55,84,Smoke,450,460,505,544
1035.png,23,113,Smoke,1214,467,1237,580
0952.png,99,59,Smoke,1689,577,1788,636
0398.png,76,92,Smoke,1768,310,1844,402
1535.png,23,151,Smoke,1212,423,1235,574
1638.png,55,80,Smoke,546,424,601,504
1150.png,101,107,Smoke,635,446,736,553
0400.png,23,113,Smoke,1214,464,1237,577
0469.png,95,155,Smoke,821,397,916,552
1162.png,32,158,Smoke,963,376,995,534
0517.png,97,120,Smoke,647,423,744,543
1652.png,141,67,Smoke,1759,373,1900,440
0948.png,111,233,Smoke,1027,317,1138,550
1689.png,122,78,Smoke,812,474,934,552
0570.png,124,174,Smoke,1250,378,1374,552
1371.png,23,151,Smoke,1212,423,1235,574
0664.png,32,158,Smoke,963,389,995,547
1611.png,23,151,Smoke,1210,423,1233,574
1097.png,101,107,Smoke,635,446,736,553
0587.png,29,218,Smoke,1163,355,1192,573
0674.png,149,71,Smoke,590,487,739,558
1191.png,55,80,Smoke,546,424,601,504
1225.png,32,158,Smoke,963,376,995,534
0942.png,101,160,Smoke,814,383,915,543
0271.png,57,57,Smoke,1773,313,1830,370
0862.png,111,233,Smoke,1020,318,1131,551
1788.png,23,151,Smoke,1215,416,1238,567
0370.png,65,197,Smoke,1617,421,1682,618
1158.png,124,174,Smoke,1254,377,1378,551
0520.png,80,48,Smoke,415,514,495,562
1610.png,55,80,Smoke,546,424,601,504
0118.png,29,218,Smoke,1164,349,1193,567
0142.png,107,195,Smoke,1022,350,1129,545
1688.png,132,155,Smoke,1247,397,1379,552
1635.png,76,227,Smoke,1623,384,1699,611
0801.png,76,118,Smoke,1773,302,1849,420
1508.png,57,57,Smoke,1760,304,1817,361
0415.png,32,158,Smoke,962,387,994,545
0809.png,76,250,Smoke,1615,394,1691,644
0849.png,29,218,Smoke,1163,355,1192,573
0394.png,50,116,Smoke,1431,428,1481,544
1007.png,111,233,Smoke,1027,313,1138,546
1266.png,55,80,Smoke,546,424,601,504
1353.png,50,128,Smoke,1431,415,1481,543
1481.png,76,227,Smoke,1620,384,1696,611
1321.png,80,48,Smoke,414,514,494,562
1499.png,141,67,Smoke,1755,373,1896,440
0254.png,141,147,Smoke,1231,407,1372,554
0864.png,107,179,Smoke,814,369,921,548
0707.png,65,250,Smoke,1622,395,1687,645
0722.png,32,158,Smoke,963,388,995,546
0874.png,107,179,Smoke,814,371,921,550
0489.png,76,118,Smoke,1771,309,1847,427
0990.png,23,113,Smoke,1214,466,1237,579
0375.png,107,221,Smoke,1021,319,1128,540
0986.png,23,113,Smoke,1214,467,1237,580
1556.png,76,227,Smoke,1621,383,1697,610
0553.png,57,57,Smoke,1773,313,1830,370
0120.png,107,195,Smoke,1022,352,1129,547
0990.png,80,48,Smoke,414,514,494,562
0461.png,55,80,Smoke,546,424,601,504
1266.png,84,67,Smoke,1760,375,1844,442
1489.png,57,57,Smoke,1759,304,1816,361
1190.png,76,250,Smoke,1613,390,1689,640
1496.png,57,57,Smoke,1757,304,1814,361
1145.png,179,109,Smoke,1741,457,1920,566
0214.png,55,46,Smoke,552,484,607,530
1417.png,57,57,Smoke,1755,305,1812,362
0966.png,50,128,Smoke,1431,424,1481,552
1353.png,76,227,Smoke,1615,382,1691,609
0518.png,124,174,Smoke,1250,378,1374,552
1227.png,50,128,Smoke,1431,420,1481,548
1333.png,80,48,Smoke,414,514,494,562
0194.png,55,97,Smoke,450,445,505,542
0668.png,109,155,Smoke,810,394,919,549
1112.png,23,113,Smoke,1214,470,1237,583
1524.png,23,151,Smoke,1212,424,1235,575
0793.png,170,67,Smoke,568,489,738,556
0143.png,95,176,Smoke,818,377,913,553
0627.png,124,174,Smoke,1251,377,1375,551
0884.png,143,71,Smoke,595,484,738,555
0868.png,174,109,Smoke,1746,452,1920,561
0957.png,99,59,Smoke,1689,577,1788,636
0411.png,76,105,Smoke,1770,311,1846,416
1101.png,179,109,Smoke,1741,457,1920,566
0573.png,80,48,Smoke,415,515,495,563
1288.png,84,67,Smoke,1760,375,1844,442
0983.png,118,107,Smoke,619,448,737,555
1343.png,90,67,Smoke,816,490,906,557
0747.png,29,218,Smoke,1163,355,1192,573
1002.png,111,233,Smoke,1027,313,1138,546
0978.png,55,80,Smoke,546,424,601,504
0007.png,48,34,Smoke,559,483,607,517
1654.png,80,57,Smoke,1760,301,1840,358
1628.png,132,155,Smoke,1247,397,1379,552
0866.png,29,218,Smoke,1163,355,1192,573
0913.png,99,59,Smoke,1687,576,1786,635
0256.png,76,92,Smoke,1768,309,1844,401
0303.png,32,158,Smoke,962,387,994,545
0647.png,76,118,Smoke,1772,305,1848,423
0926.png,76,250,Smoke,1612,390,1688,640
1790.png,80,57,Smoke,1760,298,1840,355
0793.png,111,233,Smoke,1019,322,1130,555
0244.png,55,84,Smoke,450,460,505,544
0197.png,55,46,Smoke,552,484,607,530
0018.png,23,113,Smoke,1214,464,1237,577
0087.png,55,143,Smoke,446,387,501,530
1446.png,155,48,Smoke,1717,579,1872,627
1056.png,57,57,Smoke,1773,313,1830,370
1734.png,29,218,Smoke,1161,339,1190,557
0206.png,50,116,Smoke,1432,426,1482,542
1243.png,50,128,Smoke,1431,419,1481,547
0815.png,174,109,Smoke,1746,450,1920,559
0806.png,23,113,Smoke,1214,468,1237,581
0642.png,29,218,Smoke,1163,358,1192,576
1702.png,132,155,Smoke,1246,397,1378,552
0880.png,76,250,Smoke,1615,391,1691,641
0985.png,76,118,Smoke,1769,316,1845,434
0955.png,32,158,Smoke,962,381,994,539
0527.png,55,80,Smoke,546,424,601,504
0867.png,50,128,Smoke,1431,425,1481,553
1649.png,155,48,Smoke,1722,579,1877,627
0915.png,111,233,Smoke,1025,318,1136,551
1779.png,50,128,Smoke,1431,412,1481,540
0344.png,144,113,Smoke,1776,443,1920,556
0993.png,76,118,Smoke,1769,316,1845,434
0447.png,76,118,Smoke,1771,310,1847,428
0728.png,55,80,Smoke,546,424,601,504
1264.png,76,250,Smoke,1614,387,1690,637
0791.png,99,59,Smoke,1691,576,1790,635
0355.png,55,46,Smoke,552,484,607,530
0014.png,23,113,Smoke,1214,464,1237,577
0076.png,95,176,Smoke,817,376,912,552
1773.png,29,218,Smoke,1161,339,1190,557
1267.png,97,82,Smoke,815,459,912,541
1629.png,132,155,Smoke,1247,397,1379,552
1652.png,50,128,Smoke,1431,412,1481,540
1127.png,99,59,Smoke,1688,574,1787,633
1768.png,23,151,Smoke,1215,416,1238,567
1749.png,128,246,Smoke,1025,318,1153,564
1091.png,99,59,Smoke,1688,575,1787,634
1483.png,32,170,Smoke,962,373,994,543
1155.png,99,59,Smoke,1688,574,1787,633
1312.png,90,67,Smoke,815,490,905,557
0286.png,23,113,Smoke,1214,464,1237,577
1316.png,76,250,Smoke,1618,383,1694,633
1207.png,23,113,Smoke,1213,469,1236,582
0145.png,76,92,Smoke,1768,310,1844,402
0331.png,107,221,Smoke,1021,321,1128,542
1199.png,80,48,Smoke,414,514,494,562
0326.png,23,113,Smoke,1214,464,1237,577
1171.png,55,80,Smoke,546,424,601,504
0389.png,23,113,Smoke,1214,464,1237,577
0863.png,50,128,Smoke,1431,425,1481,553
1431.png,101,107,Smoke,635,446,736,553
0757.png,57,57,Smoke,1773,313,1830,370
0161.png,145,116,Smoke,1226,427,1371,543
0270.png,69,59,Smoke,1691,577,1760,636
0524.png,32,158,Smoke,962,389,994,547
1636.png,50,128,Smoke,1431,412,1481,540
0449.png,76,118,Smoke,1771,310,1847,428
1518.png,29,218,Smoke,1164,341,1193,559
0189.png,146,97,Smoke,1774,449,1920,546
1226.png,76,250,Smoke,1614,389,1690,639
0334.png,55,84,Smoke,450,460,505,544
0114.png,107,195,Smoke,1022,353,1129,548
1384.png,80,48,Smoke,414,514,494,562
1517.png,132,155,Smoke,1247,398,1379,553
1159.png,124,174,Smoke,1254,377,1378,551
1264.png,32,158,Smoke,963,376,995,534
0821.png,111,233,Smoke,1019,321,1130,554
0116.png,23,113,Smoke,1214,464,1237,577
0554.png,65,218,Smoke,1618,397,1683,615
0249.png,69,86,Smoke,669,444,738,530
0459.png,69,59,Smoke,1689,578,1758,637
1170.png,111,246,Smoke,1029,308,1140,554
1360.png,50,128,Smoke,1431,415,1481,543
1668.png,132,155,Smoke,1246,397,1378,552
1275.png,29,218,Smoke,1164,335,1193,553
1778.png,80,57,Smoke,1760,298,1840,355
0295.png,57,57,Smoke,1773,313,1830,370
0765.png,32,158,Smoke,963,388,995,546
0240.png,142,86,Smoke,1778,455,1920,541
0304.png,32,158,Smoke,962,387,994,545
0788.png,80,48,Smoke,414,514,494,562
0584.png,55,80,Smoke,546,424,601,504
0356.png,55,46,Smoke,552,482,607,528
1565.png,23,151,Smoke,1212,423,1235,574
0868.png,107,179,Smoke,814,369,921,548
0014.png,145,116,Smoke,1194,431,1339,547
0856.png,76,118,Smoke,1771,317,1847,435
1740.png,141,67,Smoke,1759,371,1900,438
0144.png,50,116,Smoke,1433,430,1483,546
1334.png,32,170,Smoke,962,378,994,548
0930.png,32,158,Smoke,962,381,994,539
0483.png,69,59,Smoke,1688,578,1757,637
1354.png,50,128,Smoke,1431,415,1481,543
1637.png,29,218,Smoke,1161,338,1190,556
0690.png,80,48,Smoke,414,514,494,562
0740.png,23,113,Smoke,1213,467,1236,580
1156.png,57,57,Smoke,1773,313,1830,370
0997.png,111,233,Smoke,1026,314,1137,547
1149.png,76,250,Smoke,1614,389,1690,639
0535.png,69,59,Smoke,1688,578,1757,637
0766.png,23,113,Smoke,1214,468,1237,581
0258.png,55,84,Smoke,450,460,505,544
1596.png,111,76,Smoke,817,477,928,553
0055.png,57,57,Smoke,1773,313,1830,370
0645.png,109,155,Smoke,809,394,918,549
0881.png,23,113,Smoke,1214,468,1237,581
1271.png,57,57,Smoke,1773,313,1830,370
1432.png,76,227,Smoke,1619,382,1695,609
1012.png,179,109,Smoke,1741,458,1920,567
0677.png,174,109,Smoke,1746,448,1920,557
1479.png,155,48,Smoke,1719,580,1874,628
0142.png,95,176,Smoke,818,376,913,552
0465.png,107,221,Smoke,1023,318,1130,539
0610.png,55,80,Smoke,546,424,601,504
0733.png,124,174,Smoke,1251,378,1375,552
1488.png,57,57,Smoke,1760,304,1817,361
1606.png,32,170,Smoke,965,372,997,542
0781.png,50,128,Smoke,1431,424,1481,552
1761.png,55,80,Smoke,546,424,601,504
1242.png,101,107,Smoke,635,446,736,553
0433.png,86,107,Smoke,656,431,742,538
0466.png,141,109,Smoke,1779,447,1920,556
0645.png,124,174,Smoke,1251,378,1375,552
0325.png,23,113,Smoke,1214,464,1237,577
0826.png,174,109,Smoke,1746,450,1920,559
0071.png,32,158,Smoke,961,388,993,546
0102.png,32,158,Smoke,962,387,994,545
0165.png,145,116,Smoke,1226,427,1371,543
1405.png,155,48,Smoke,1718,577,1873,625
0149.png,32,158,Smoke,962,387,994,545
0055.png,107,195,Smoke,1020,355,1127,550
0838.png,111,233,Smoke,1019,321,1130,554
0341.png,124,174,Smoke,1251,378,1375,552
1002.png,99,59,Smoke,1689,577,1788,636
1111.png,55,80,Smoke,546,424,601,504
0809.png,174,109,Smoke,1746,450,1920,559
0668.png,57,57,Smoke,1773,313,1830,370
0376.png,86,107,Smoke,655,433,741,540
1151.png,124,174,Smoke,1254,377,1378,551
0324.png,124,174,Smoke,1250,378,1374,552
1654.png,141,67,Smoke,1760,373,1901,440
1636.png,132,155,Smoke,1247,397,1379,552
0908.png,143,71,Smoke,596,483,739,554
1601.png,80,48,Smoke,414,514,494,562
0781.png,29,218,Smoke,1163,355,1192,573
0227.png,55,84,Smoke,450,459,505,543
0919.png,143,95,Smoke,598,460,741,555
0270.png,107,221,Smoke,1022,324,1129,545
1483.png,170,57,Smoke,563,501,733,558
0383.png,23,113,Smoke,1214,464,1237,577
0649.png,97,120,Smoke,647,432,744,552
0157.png,57,57,Smoke,1773,313,1830,370
1543.png,76,227,Smoke,1621,384,1697,611
0033.png,107,195,Smoke,999,357,1106,552
0060.png,55,143,Smoke,446,388,501,531
1795.png,99,55,Smoke,642,499,741,554
1237.png,76,250,Smoke,1614,389,1690,639
0314.png,124,174,Smoke,1250,378,1374,552
1182.png,55,80,Smoke,546,424,601,504
0081.png,32,158,Smoke,961,386,993,544
1769.png,122,78,Smoke,814,476,936,554
0157.png,76,92,Smoke,1768,310,1844,402
0479.png,107,221,Smoke,1023,318,1130,539
1687.png,99,55,Smoke,642,498,741,553
0037.png,57,48,Smoke,1684,579,1741,627
0622.png,50,128,Smoke,1434,423,1484,551
0542.png,57,57,Smoke,1773,313,1830,370
0857.png,80,48,Smoke,414,514,494,562
1284.png,32,158,Smoke,963,376,995,534
0249.png,50,116,Smoke,1431,428,1481,544
0752.png,32,158,Smoke,963,388,995,546
1494.png,103,55,Smoke,819,501,922,556
0474.png,65,197,Smoke,1617,422,1682,619
0981.png,124,174,Smoke,1253,379,1377,553
1472.png,23,151,Smoke,1212,423,1235,574
0490.png,32,158,Smoke,962,387,994,545
0597.png,99,59,Smoke,1692,576,1791,635
0639.png,57,57,Smoke,1773,313,1830,370
0621.png,29,218,Smoke,1163,357,1192,575
0924.png,111,233,Smoke,1026,317,1137,550
0505.png,97,120,Smoke,646,424,743,544
0062.png,65,197,Smoke,1617,423,1682,620
1227.png,55,80,Smoke,546,424,601,504
0206.png,32,158,Smoke,962,387,994,545
0243.png,107,221,Smoke,1021,323,1128,544
1294.png,179,109,Smoke,1741,458,1920,567
1531.png,57,57,Smoke,1761,304,1818,361
0247.png,95,176,Smoke,819,372,914,548
1255.png,111,246,Smoke,1032,309,1143,555
0579.png,97,120,Smoke,647,426,744,546
1143.png,97,151,Smoke,815,393,912,544
0557.png,99,59,Smoke,1692,576,1791,635
0716.png,124,174,Smoke,1251,378,1375,552
1461.png,76,227,Smoke,1620,384,1696,611
1065.png,50,128,Smoke,1431,422,1481,550
1531.png,132,155,Smoke,1247,398,1379,553
0461.png,55,84,Smoke,450,460,505,544
0167.png,145,116,Smoke,1226,427,1371,543
1452.png,141,67,Smoke,1757,374,1898,441
0338.png,144,113,Smoke,1776,443,1920,556
0767.png,23,113,Smoke,1214,468,1237,581
1073.png,97,151,Smoke,814,393,911,544
0908.png,76,250,Smoke,1613,391,1689,641
0007.png,76,92,Smoke,1733,309,1809,401
0240.png,23,113,Smoke,1214,464,1237,577
1726.png,128,246,Smoke,1023,315,1151,561
1574.png,130,227,Smoke,1025,311,1155,538
0207.png,141,147,Smoke,1231,408,1372,555
0966.png,76,250,Smoke,1615,390,1691,640
0575.png,29,218,Smoke,1163,355,1192,573
1049.png,23,113,Smoke,1214,467,1237,580
1739.png,122,78,Smoke,814,476,936,554
0229.png,23,113,Smoke,1214,464,1237,577
1558.png,141,67,Smoke,1758,377,1899,444
0670.png,124,174,Smoke,1251,378,1375,552
1032.png,55,80,Smoke,546,424,601,504
1342.png,130,227,Smoke,1022,325,1152,552
1503.png,29,218,Smoke,1165,333,1194,551
0570.png,50,128,Smoke,1435,423,1485,551
1020.png,111,233,Smoke,1027,311,1138,544
0424.png,86,107,Smoke,656,431,742,538
0186.png,57,57,Smoke,1773,313,1830,370
1018.png,76,118,Smoke,1769,317,1845,435
0485.png,95,155,Smoke,822,395,917,550
0926.png,76,118,Smoke,1769,316,1845,434
1519.png,50,128,Smoke,1431,412,1481,540
1252.png,29,218,Smoke,1164,336,1193,554
1499.png,130,227,Smoke,1024,318,1154,545
1585.png,130,227,Smoke,1026,311,1156,538
0361.png,65,197,Smoke,1617,422,1682,619
1598.png,111,76,Smoke,817,477,928,553
1710.png,23,151,Smoke,1210,421,1233,572
1426.png,180,109,Smoke,1740,456,1920,565
0994.png,99,59,Smoke,1689,577,1788,636
1077.png,111,246,Smoke,1028,309,1139,555
1523.png,103,55,Smoke,820,503,923,558
1639.png,23,151,Smoke,1210,421,1233,572
0272.png,29,218,Smoke,1163,356,1192,574
1548.png,132,155,Smoke,1247,398,1379,553
1216.png,111,246,Smoke,1032,308,1143,554
0293.png,69,59,Smoke,1690,577,1759,636
0766.png,109,179,Smoke,813,368,922,547
0136.png,32,158,Smoke,962,387,994,545
0189.png,76,92,Smoke,1768,309,1844,401
0016.png,145,116,Smoke,1194,431,1339,547
1066.png,101,107,Smoke,635,446,736,553
0372.png,65,197,Smoke,1617,422,1682,619
1492.png,170,57,Smoke,563,499,733,556
1763.png,50,128,Smoke,1431,413,1481,541
0055.png,65,197,Smoke,1615,422,1680,619
1221.png,76,250,Smoke,1614,389,1690,639
0950.png,179,109,Smoke,1741,456,1920,565
0032.png,145,116,Smoke,1202,427,1347,543
0480.png,55,80,Smoke,546,424,601,504
0356.png,57,57,Smoke,1773,313,1830,370
1057.png,97,151,Smoke,813,393,910,544
0736.png,124,174,Smoke,1251,379,1375,553
0731.png,32,158,Smoke,963,388,995,546
0768.png,57,57,Smoke,1773,313,1830,370
0587.png,124,174,Smoke,1251,378,1375,552
0477.png,107,221,Smoke,1023,318,1130,539
0388.png,23,113,Smoke,1214,464,1237,577
0339.png,32,158,Smoke,962,387,994,545
0730.png,76,250,Smoke,1611,394,1687,644
0575.png,50,128,Smoke,1435,423,1485,551
1204.png,179,109,Smoke,1741,458,1920,567
1192.png,99,59,Smoke,1687,574,1786,633
1766.png,122,78,Smoke,814,476,936,554
1104.png,99,57,Smoke,1771,391,1870,448
1782.png,155,48,Smoke,1722,578,1877,626
1632.png,55,80,Smoke,546,424,601,504
0039.png,34,116,Smoke,1418,433,1452,549
1751.png,128,246,Smoke,1025,316,1153,562
0106.png,50,116,Smoke,1433,433,1483,549
0052.png,57,57,Smoke,1773,313,1830,370
0038.png,74,99,Smoke,643,446,717,545
0397.png,69,59,Smoke,1691,579,1760,638
0316.png,50,116,Smoke,1431,427,1481,543
1216.png,101,107,Smoke,635,446,736,553
0174.png,23,113,Smoke,1214,464,1237,577
0273.png,95,176,Smoke,820,372,915,548
1445.png,103,55,Smoke,815,498,918,553
0638.png,29,218,Smoke,1163,357,1192,575
1628.png,130,227,Smoke,1027,309,1157,536
1117.png,179,109,Smoke,1741,457,1920,566
0884.png,99,59,Smoke,1687,577,1786,636
1730.png,122,78,Smoke,813,473,935,551
0617.png,57,57,Smoke,1773,313,1830,370
0208.png,23,113,Smoke,1214,464,1237,577
1501.png,57,57,Smoke,1759,305,1816,362
1733.png,128,246,Smoke,1025,316,1153,562
1718.png,132,155,Smoke,1246,397,1378,552
0672.png,57,57,Smoke,1773,313,1830,370
0495.png,76,118,Smoke,1771,309,1847,427
1745.png,141,67,Smoke,1759,371,1900,438
0396.png,86,107,Smoke,656,431,742,538
1475.png,57,57,Smoke,1759,304,1816,361
1089.png,80,48,Smoke,414,514,494,562
0692.png,149,57,Smoke,591,500,740,557
1206.png,179,109,Smoke,1741,458,1920,567
0612.png,32,158,Smoke,963,389,995,547
0495.png,32,158,Smoke,962,387,994,545
0677.png,76,118,Smoke,1771,304,1847,422
0066.png,149,97,Smoke,1771,458,1920,555
0091.png,107,195,Smoke,1022,357,1129,552
0770.png,160,57,Smoke,580,501,740,558
1413.png,101,107,Smoke,635,446,736,553
1405.png,76,227,Smoke,1616,382,1692,609
0392.png,55,84,Smoke,450,460,505,544
1092.png,74,74,Smoke,1771,361,1845,435
0295.png,65,197,Smoke,1617,422,1682,619
0521.png,23,113,Smoke,1214,464,1237,577
0965.png,29,218,Smoke,1163,353,1192,571
1777.png,50,128,Smoke,1431,412,1481,540
1093.png,179,109,Smoke,1741,458,1920,567
0161.png,149,97,Smoke,1771,449,1920,546
1122.png,101,107,Smoke,635,446,736,553
0023.png,107,195,Smoke,992,357,1099,552
1466.png,29,218,Smoke,1164,333,1193,551
0204.png,76,92,Smoke,1769,309,1845,401
1007.png,86,160,Smoke,814,383,900,543
0066.png,145,116,Smoke,1227,427,1372,543
1581.png,57,57,Smoke,1761,304,1818,361
1042.png,124,174,Smoke,1253,377,1377,551
0521.png,97,120,Smoke,647,425,744,545
0431.png,95,139,Smoke,821,404,916,543
1542.png,132,155,Smoke,1247,398,1379,553
0614.png,99,59,Smoke,1692,576,1791,635
1697.png,76,227,Smoke,1623,382,1699,609
1378.png,101,107,Smoke,635,446,736,553
1146.png,50,128,Smoke,1431,421,1481,549
0999.png,124,174,Smoke,1253,379,1377,553
1231.png,23,113,Smoke,1213,468,1236,581
0206.png,141,147,Smoke,1231,407,1372,554
0875.png,29,218,Smoke,1163,355,1192,573
0747.png,99,59,Smoke,1692,575,1791,634
1730.png,80,57,Smoke,1758,299,1838,356
1698.png,80,48,Smoke,414,514,494,562
0769.png,32,158,Smoke,963,388,995,546
0777.png,23,113,Smoke,1214,467,1237,580
1748.png,132,155,Smoke,1246,399,1378,554
1044.png,99,59,Smoke,1685,576,1784,635
1524.png,130,227,Smoke,1025,315,1155,542
1428.png,80,48,Smoke,414,514,494,562
0258.png,65,197,Smoke,1617,423,1682,620
1499.png,32,170,Smoke,962,373,994,543
0229.png,55,46,Smoke,552,484,607,530
0546.png,65,218,Smoke,1617,399,1682,617
0125.png,48,34,Smoke,559,483,607,517
0724.png,111,221,Smoke,1020,321,1131,542
0295.png,69,59,Smoke,1690,577,1759,636
1708.png,50,128,Smoke,1431,412,1481,540
0423.png,69,59,Smoke,1690,578,1759,637
0364.png,55,46,Smoke,552,484,607,530
0586.png,29,218,Smoke,1163,355,1192,573
1451.png,50,128,Smoke,1431,412,1481,540
0013.png,32,158,Smoke,928,387,960,545
1064.png,101,107,Smoke,635,446,736,553
1594.png,80,57,Smoke,1762,302,1842,359
0670.png,111,221,Smoke,1020,323,1131,544
1078.png,80,48,Smoke,414,514,494,562
0807.png,107,179,Smoke,815,368,922,547
0966.png,111,233,Smoke,1027,317,1138,550
0412.png,86,107,Smoke,656,431,742,538
0592.png,29,218,Smoke,1163,355,1192,573
0358.png,55,46,Smoke,552,482,607,528
0963.png,99,59,Smoke,1688,577,1787,636
1603.png,132,155,Smoke,1246,397,1378,552
1731.png,50,128,Smoke,1431,412,1481,540
1117.png,29,218,Smoke,1164,333,1193,551
1006.png,29,218,Smoke,1163,354,1192,572
1614.png,76,227,Smoke,1623,384,1699,611
1085.png,32,158,Smoke,963,375,995,533
0621.png,124,174,Smoke,1251,377,1375,551
0699.png,23,113,Smoke,1213,467,1236,580
0115.png,65,197,Smoke,1618,421,1683,618
1443.png,32,170,Smoke,962,373,994,543
1392.png,55,80,Smoke,546,424,601,504
0589.png,124,174,Smoke,1250,377,1374,551
0859.png,174,109,Smoke,1746,452,1920,561
0591.png,65,218,Smoke,1620,397,1685,615
0082.png,50,116,Smoke,1433,433,1483,549
0546.png,99,59,Smoke,1692,575,1791,634
0023.png,145,116,Smoke,1195,430,1340,546
1525.png,57,57,Smoke,1761,304,1818,361
0682.png,32,158,Smoke,963,390,995,548
1208.png,76,250,Smoke,1613,390,1689,640
0778.png,170,67,Smoke,569,489,739,556
1792.png,23,151,Smoke,1215,413,1238,564
0643.png,57,57,Smoke,1773,313,1830,370
0201.png,55,97,Smoke,450,445,505,542
1463.png,103,55,Smoke,817,497,920,552
0833.png,76,250,Smoke,1616,394,1692,644
0909.png,99,59,Smoke,1687,576,1786,635
0212.png,29,218,Smoke,1162,368,1191,586
1306.png,50,128,Smoke,1431,418,1481,546
0551.png,57,57,Smoke,1773,313,1830,370
0547.png,80,48,Smoke,415,513,495,561
0087.png,145,116,Smoke,1226,427,1371,543
0387.png,86,107,Smoke,656,431,742,538
0638.png,23,113,Smoke,1213,465,1236,578
1157.png,32,158,Smoke,963,376,995,534
1557.png,130,227,Smoke,1025,312,1155,539
0283.png,57,57,Smoke,1773,313,1830,370
0567.png,23,113,Smoke,1214,465,1237,578
0183.png,74,99,Smoke,666,431,740,530
0982.png,29,218,Smoke,1163,352,1192,570
0915.png,50,128,Smoke,1431,424,1481,552
0908.png,76,118,Smoke,1770,317,1846,435
0557.png,76,118,Smoke,1771,308,1847,426
0178.png,29,218,Smoke,1162,348,1191,566
1421.png,23,151,Smoke,1212,422,1235,573
0772.png,23,113,Smoke,1214,467,1237,580
0688.png,149,57,Smoke,590,500,739,557
1529.png,141,67,Smoke,1758,377,1899,444
0543.png,124,174,Smoke,1250,378,1374,552
0431.png,55,80,Smoke,546,422,601,502
0928.png,32,158,Smoke,962,381,994,539
0484.png,80,48,Smoke,423,503,503,551
0692.png,109,155,Smoke,811,394,920,549
1451.png,57,57,Smoke,1758,305,1815,362
0123.png,76,92,Smoke,1769,310,1845,402
1146.png,57,57,Smoke,1773,313,1830,370
0794.png,109,179,Smoke,814,367,923,546
1172.png,111,246,Smoke,1031,307,1142,553
1640.png,155,48,Smoke,1722,579,1877,627
0098.png,145,116,Smoke,1226,427,1371,543
0895.png,29,218,Smoke,1163,353,1192,571
0982.png,124,174,Smoke,1253,379,1377,553
1620.png,23,151,Smoke,1210,421,1233,572
0879.png,174,109,Smoke,1746,451,1920,560
0909.png,107,179,Smoke,814,369,921,548
0128.png,65,197,Smoke,1617,423,1682,620
0887.png,76,250,Smoke,1613,392,1689,642
0899.png,143,71,Smoke,596,483,739,554
1144.png,97,151,Smoke,815,392,912,543
1022.png,76,250,Smoke,1615,390,1691,640
0176.png,145,116,Smoke,1226,427,1371,543
0408.png,23,113,Smoke,1214,464,1237,577
1093.png,99,59,Smoke,1688,575,1787,634
0946.png,32,158,Smoke,962,381,994,539
1667.png,113,57,Smoke,630,494,743,551
1005.png,76,118,Smoke,1769,317,1845,435
1172.png,84,67,Smoke,1761,378,1845,445
0442.png,55,80,Smoke,546,424,601,504
0665.png,174,109,Smoke,1746,449,1920,558
0617.png,29,218,Smoke,1163,357,1192,575
0992.png,29,218,Smoke,1163,353,1192,571
1495.png,76,227,Smoke,1621,384,1697,611
1106.png,97,151,Smoke,814,394,911,545
1595.png,50,128,Smoke,1431,412,1481,540
0339.png,76,92,Smoke,1768,310,1844,402
0619.png,124,174,Smoke,1251,377,1375,551
0437.png,86,107,Smoke,656,431,742,538
0465.png,55,84,Smoke,450,460,505,544
0871.png,170,90,Smoke,567,464,737,554
1610.png,155,48,Smoke,1722,581,1877,629
0181.png,57,48,Smoke,1704,577,1761,625
0127.png,76,92,Smoke,1769,310,1845,402
1568.png,57,57,Smoke,1761,304,1818,361
1355.png,29,218,Smoke,1164,337,1193,555
0879.png,23,113,Smoke,1214,469,1237,582
0822.png,80,48,Smoke,414,514,494,562
1535.png,141,67,Smoke,1758,375,1899,442
0850.png,76,250,Smoke,1615,392,1691,642
0380.png,50,116,Smoke,1431,428,1481,544
0470.png,95,155,Smoke,821,397,916,552
0621.png,23,113,Smoke,1214,465,1237,578
1554.png,111,76,Smoke,814,477,925,553
1650.png,76,227,Smoke,1623,383,1699,610
0883.png,99,59,Smoke,1687,577,1786,636
1681.png,76,227,Smoke,1623,382,1699,609
0010.png,57,57,Smoke,1773,313,1830,370
0175.png,29,218,Smoke,1162,348,1191,566
1510.png,50,128,Smoke,1431,412,1481,540
1174.png,50,128,Smoke,1431,420,1481,548
1188.png,84,67,Smoke,1761,378,1845,445
0896.png,50,128,Smoke,1431,424,1481,552
0904.png,23,113,Smoke,1214,467,1237,580
0015.png,151,97,Smoke,1741,462,1892,559
0870.png,170,90,Smoke,567,464,737,554
1192.png,101,107,Smoke,635,446,736,553
0307.png,76,92,Smoke,1768,310,1844,402
0400.png,69,59,Smoke,1690,578,1759,637
0676.png,23,113,Smoke,1213,465,1236,578
1647.png,181,109,Smoke,1739,457,1920,566
1268.png,57,57,Smoke,1773,313,1830,370
0088.png,65,197,Smoke,1618,422,1683,619
0077.png,145,116,Smoke,1226,427,1371,543
1551.png,155,48,Smoke,1721,582,1876,630
0502.png,95,155,Smoke,823,394,918,549
1663.png,122,78,Smoke,811,475,933,553
1166.png,84,67,Smoke,1761,378,1845,445
0126.png,65,197,Smoke,1617,423,1682,620
1551.png,170,57,Smoke,568,497,738,554
1639.png,32,170,Smoke,964,376,996,546
0640.png,174,109,Smoke,1746,449,1920,558
0375.png,29,218,Smoke,1163,357,1192,575
0430.png,65,197,Smoke,1617,422,1682,619
1192.png,23,113,Smoke,1213,469,1236,582
1254.png,101,107,Smoke,635,446,736,553
0067.png,76,92,Smoke,1769,309,1845,401
0694.png,111,221,Smoke,1020,323,1131,544
0085.png,148,97,Smoke,1772,456,1920,553
0727.png,99,59,Smoke,1692,576,1791,635
0560.png,76,118,Smoke,1770,307,1846,425
1746.png,80,48,Smoke,414,514,494,562
1042.png,23,113,Smoke,1214,467,1237,580
1026.png,23,113,Smoke,1214,468,1237,581
0248.png,23,113,Smoke,1214,464,1237,577
0911.png,111,233,Smoke,1025,318,1136,551
0929.png,76,250,Smoke,1613,390,1689,640
0506.png,50,116,Smoke,1431,428,1481,544
1166.png,124,174,Smoke,1254,377,1378,551
0897.png,32,158,Smoke,963,381,995,539
1686.png,128,246,Smoke,1021,313,1149,559
0591.png,29,218,Smoke,1163,355,1192,573
1168.png,84,67,Smoke,1761,378,1845,445
1521.png,29,218,Smoke,1164,343,1193,561
0570.png,65,218,Smoke,1618,397,1683,615
1329.png,99,59,Smoke,1689,576,1788,635
0291.png,55,84,Smoke,450,459,505,543
1621.png,122,78,Smoke,809,475,931,553
0402.png,57,57,Smoke,1773,313,1830,370
1251.png,76,250,Smoke,1614,387,1690,637
1376.png,155,48,Smoke,1718,576,1873,624
0259.png,144,86,Smoke,1776,456,1920,542
0438.png,29,218,Smoke,1163,357,1192,575
1106.png,124,174,Smoke,1254,377,1378,551
0363.png,65,197,Smoke,1617,422,1682,619
0567.png,50,128,Smoke,1435,423,1485,551
0283.png,23,113,Smoke,1214,464,1237,577
0235.png,55,46,Smoke,552,484,607,530
1684.png,128,246,Smoke,1021,313,1149,559
1143.png,32,158,Smoke,963,376,995,534
0915.png,55,80,Smoke,546,424,601,504
1449.png,132,155,Smoke,1247,396,1379,551
1466.png,57,57,Smoke,1758,304,1815,361
0408.png,32,158,Smoke,962,389,994,547
1063.png,124,174,Smoke,1253,377,1377,551
1545.png,76,227,Smoke,1621,384,1697,611
1516.png,155,48,Smoke,1719,580,1874,628
0252.png,69,86,Smoke,669,444,738,530
1038.png,111,233,Smoke,1028,309,1139,542
1211.png,50,128,Smoke,1431,421,1481,549
0523.png,95,155,Smoke,823,394,918,549
1774.png,128,246,Smoke,1025,317,1153,563
1518.png,103,55,Smoke,820,501,923,556
1549.png,170,57,Smoke,568,497,738,554
0905.png,32,158,Smoke,963,380,995,538
0863.png,80,48,Smoke,414,514,494,562
0930.png,101,160,Smoke,813,385,914,545
1670.png,29,218,Smoke,1161,338,1190,556
1723.png,76,227,Smoke,1623,382,1699,609
0943.png,76,250,Smoke,1613,388,1689,638
0953.png,80,48,Smoke,414,514,494,562
0660.png,99,59,Smoke,1692,575,1791,634
1028.png,55,80,Smoke,546,424,601,504
0145.png,32,158,Smoke,962,387,994,545
0564.png,99,59,Smoke,1692,575,1791,634
1488.png,141,67,Smoke,1758,372,1899,439
1299.png,29,218,Smoke,1164,335,1193,553
0973.png,50,128,Smoke,1431,425,1481,553
1106.png,29,218,Smoke,1164,331,1193,549
1383.png,181,109,Smoke,1739,458,1920,567
0364.png,32,158,Smoke,963,387,995,545
1164.png,29,218,Smoke,1164,333,1193,551
0595.png,97,120,Smoke,647,430,744,550
0881.png,174,109,Smoke,1746,451,1920,560
0262.png,29,218,Smoke,1163,356,1192,574
0401.png,144,113,Smoke,1776,444,1920,557
1316.png,80,48,Smoke,414,514,494,562
1787.png,141,67,Smoke,1761,371,1902,438
1759.png,55,80,Smoke,546,424,601,504
1167.png,32,158,Smoke,963,376,995,534
0741.png,76,250,Smoke,1610,394,1686,644
1740.png,99,55,Smoke,642,498,741,553
1086.png,76,250,Smoke,1615,389,1691,639
1190.png,57,57,Smoke,1773,313,1830,370
0347.png,143,113,Smoke,1777,439,1920,552
0989.png,101,168,Smoke,813,378,914,546
0939.png,57,57,Smoke,1773,313,1830,370
1209.png,50,128,Smoke,1431,421,1481,549
0404.png,32,158,Smoke,962,387,994,545
0388.png,107,221,Smoke,1022,319,1129,540
0318.png,69,59,Smoke,1690,578,1759,637
0367.png,95,139,Smoke,821,406,916,545
1599.png,32,170,Smoke,964,372,996,542
0557.png,97,120,Smoke,647,425,744,545
1545.png,23,151,Smoke,1212,423,1235,574
0396.png,95,139,Smoke,821,410,916,549
0796.png,76,118,Smoke,1772,301,1848,419
0771.png,50,128,Smoke,1431,424,1481,552
1545.png,111,76,Smoke,811,477,922,553
0643.png,65,218,Smoke,1620,397,1685,615
0392.png,55,80,Smoke,546,421,601,501
1741.png,29,218,Smoke,1161,343,1190,561
1390.png,90,67,Smoke,815,489,905,556
1245.png,76,250,Smoke,1613,388,1689,638
0011.png,50,147,Smoke,418,397,468,544
1464.png,132,155,Smoke,1247,397,1379,552
1589.png,32,170,Smoke,963,372,995,542
0466.png,57,57,Smoke,1773,313,1830,370
1148.png,111,246,Smoke,1029,307,1140,553
1697.png,29,218,Smoke,1161,336,1190,554
0516.png,32,158,Smoke,962,387,994,545
1269.png,55,80,Smoke,546,424,601,504
0738.png,50,128,Smoke,1432,424,1482,552
0652.png,80,48,Smoke,414,514,494,562
0170.png,95,176,Smoke,818,374,913,550
1379.png,80,48,Smoke,414,514,494,562
1291.png,50,128,Smoke,1431,418,1481,546
0876.png,76,118,Smoke,1770,317,1846,435
1501.png,76,227,Smoke,1621,384,1697,611
1549.png,55,80,Smoke,546,424,601,504
0158.png,29,218,Smoke,1163,344,1192,562
0726.png,29,218,Smoke,1163,357,1192,575
1146.png,101,107,Smoke,635,446,736,553
1140.png,111,246,Smoke,1030,307,1141,553
1229.png,23,113,Smoke,1213,467,1236,580
0178.png,95,176,Smoke,818,374,913,550
0968.png,50,128,Smoke,1431,424,1481,552
1067.png,74,74,Smoke,1770,361,1844,435
1055.png,76,250,Smoke,1615,389,1691,639
1302.png,84,67,Smoke,1760,375,1844,442
0842.png,55,80,Smoke,546,424,601,504
0131.png,95,176,Smoke,818,375,913,551
0391.png,50,116,Smoke,1431,428,1481,544
1743.png,80,57,Smoke,1758,299,1838,356
0869.png,174,109,Smoke,1746,452,1920,561
0089.png,145,116,Smoke,1226,427,1371,543
0159.png,148,97,Smoke,1772,450,1920,547
0584.png,99,59,Smoke,1692,575,1791,634
0729.png,160,57,Smoke,580,501,740,558
0400.png,124,174,Smoke,1250,378,1374,552
0713.png,76,118,Smoke,1772,304,1848,422
0758.png,160,57,Smoke,580,501,740,558
0791.png,80,48,Smoke,414,514,494,562
0525.png,161,109,Smoke,1759,448,1920,557
0960.png,76,250,Smoke,1612,389,1688,639
0227.png,69,59,Smoke,1691,577,1760,636
1355.png,130,227,Smoke,1022,325,1152,552
0256.png,107,221,Smoke,1022,324,1129,545
0087.png,57,48,Smoke,1705,577,1762,625
0584.png,97,120,Smoke,647,428,744,548
0268.png,76,92,Smoke,1768,309,1844,401
0100.png,32,158,Smoke,962,387,994,545
1766.png,128,246,Smoke,1025,315,1153,561
0124.png,57,48,Smoke,1705,577,1762,625
1761.png,50,128,Smoke,1431,413,1481,541
1659.png,113,57,Smoke,629,495,742,552
0186.png,57,48,Smoke,1704,577,1761,625
0594.png,57,57,Smoke,1773,313,1830,370
0065.png,149,97,Smoke,1771,458,1920,555
0854.png,55,80,Smoke,546,424,601,504
0354.png,32,158,Smoke,962,387,994,545
0175.png,57,57,Smoke,1773,313,1830,370
0582.png,124,174,Smoke,1251,378,1375,552
1259.png,57,57,Smoke,1773,313,1830,370
1712.png,23,151,Smoke,1211,418,1234,569
0010.png,65,197,Smoke,1583,423,1648,620
0314.png,146,113,Smoke,1774,445,1920,558
0589.png,97,120,Smoke,647,428,744,548
0507.png,50,116,Smoke,1431,428,1481,544
1754.png,80,48,Smoke,414,514,494,562
0184.png,55,97,Smoke,450,445,505,542
0648.png,174,109,Smoke,1746,449,1920,558
1380.png,141,67,Smoke,1759,375,1900,442
0369.png,107,221,Smoke,1021,319,1128,540
0184.png,146,97,Smoke,1774,449,1920,546
0020.png,76,92,Smoke,1732,311,1808,403
1696.png,99,55,Smoke,642,499,741,554
1383.png,57,57,Smoke,1754,305,1811,362
0107.png,76,92,Smoke,1768,309,1844,401
0613.png,29,218,Smoke,1163,354,1192,572
0688.png,174,109,Smoke,1746,450,1920,559
1385.png,130,227,Smoke,1022,325,1152,552
0291.png,29,218,Smoke,1163,356,1192,574
1782.png,132,155,Smoke,1245,399,1377,554
0899.png,23,113,Smoke,1214,467,1237,580
1129.png,80,48,Smoke,414,514,494,562
1440.png,103,55,Smoke,815,498,918,553
1646.png,80,48,Smoke,414,514,494,562
0694.png,55,80,Smoke,546,424,601,504
0695.png,111,221,Smoke,1020,322,1131,543
0868.png,111,233,Smoke,1019,318,1130,551
0202.png,95,176,Smoke,819,377,914,553
1195.png,99,59,Smoke,1687,573,1786,632
1762.png,50,128,Smoke,1431,413,1481,541
0579.png,23,113,Smoke,1214,465,1237,578
1486.png,141,67,Smoke,1758,373,1899,440
1700.png,29,218,Smoke,1161,336,1190,554
0672.png,80,48,Smoke,414,514,494,562
0994.png,111,233,Smoke,1026,312,1137,545
0373.png,57,57,Smoke,1773,313,1830,370
0625.png,111,221,Smoke,1021,322,1132,543
0922.png,99,59,Smoke,1687,575,1786,634
1323.png,141,67,Smoke,1760,376,1901,443
0500.png,32,158,Smoke,962,387,994,545
1270.png,84,67,Smoke,1760,375,1844,442
0337.png,29,218,Smoke,1163,358,1192,576
1714.png,55,80,Smoke,546,424,601,504
0160.png,95,176,Smoke,818,376,913,552
0163.png,107,195,Smoke,1022,350,1129,545
0497.png,55,80,Smoke,546,424,601,504
0383.png,32,158,Smoke,962,387,994,545
1211.png,57,57,Smoke,1773,313,1830,370
0414.png,32,158,Smoke,962,387,994,545
0902.png,32,158,Smoke,963,380,995,538
0063.png,76,92,Smoke,1769,309,1845,401
0934.png,50,128,Smoke,1431,424,1481,552
0750.png,76,250,Smoke,1610,394,1686,644
0690.png,174,109,Smoke,1746,450,1920,559
1266.png,57,57,Smoke,1773,313,1830,370
0141.png,107,195,Smoke,1022,350,1129,545
1723.png,141,67,Smoke,1759,371,1900,438
0249.png,65,197,Smoke,1617,422,1682,619
1696.png,132,155,Smoke,1247,396,1379,551
0547.png,65,218,Smoke,1618,399,1683,617
1153.png,32,158,Smoke,963,376,995,534
1195.png,179,109,Smoke,1741,457,1920,566
1147.png,111,246,Smoke,1030,308,1141,554
1570.png,32,170,Smoke,962,371,994,541
0946.png,23,113,Smoke,1214,467,1237,580
0466.png,124,174,Smoke,1250,378,1374,552
0678.png,76,118,Smoke,1771,303,1847,421
0406.png,55,80,Smoke,546,421,601,501
0082.png,107,195,Smoke,1022,358,1129,553
1589.png,76,227,Smoke,1622,384,1698,611
1685.png,32,170,Smoke,966,380,998,550
1671.png,122,78,Smoke,811,474,933,552
1153.png,124,174,Smoke,1254,377,1378,551
1099.png,32,158,Smoke,963,375,995,533
0083.png,74,99,Smoke,664,444,738,543
0804.png,80,48,Smoke,414,514,494,562
1272.png,99,59,Smoke,1689,574,1788,633
1461.png,29,218,Smoke,1164,333,1193,551
0560.png,57,57,Smoke,1773,313,1830,370
0451.png,65,197,Smoke,1617,422,1682,619
0895.png,50,128,Smoke,1431,424,1481,552
0197.png,29,218,Smoke,1162,363,1191,581
0765.png,160,57,Smoke,580,500,740,557
1537.png,170,57,Smoke,568,497,738,554
1703.png,32,170,Smoke,966,380,998,550
0330.png,69,59,Smoke,1689,578,1758,637
1684.png,80,57,Smoke,1759,301,1839,358
0776.png,29,218,Smoke,1163,355,1192,573
1228.png,111,246,Smoke,1032,308,1143,554
1355.png,101,107,Smoke,635,446,736,553
0513.png,124,174,Smoke,1250,378,1374,552
0195.png,29,218,Smoke,1162,364,1191,582
0561.png,163,109,Smoke,1757,450,1920,559
1109.png,32,158,Smoke,963,375,995,533
0729.png,23,113,Smoke,1213,467,1236,580
0792.png,50,128,Smoke,1431,424,1481,552
0687.png,149,57,Smoke,590,500,739,557
1041.png,29,218,Smoke,1163,351,1192,569
1310.png,124,174,Smoke,1255,377,1379,551
1157.png,179,109,Smoke,1741,457,1920,566
1384.png,90,67,Smoke,815,489,905,556
1210.png,55,80,Smoke,546,424,601,504
1323.png,130,227,Smoke,1021,323,1151,550
0486.png,50,116,Smoke,1431,428,1481,544
0574.png,80,48,Smoke,415,515,495,563
1176.png,80,48,Smoke,414,514,494,562
0632.png,57,57,Smoke,1773,313,1830,370
0634.png,124,174,Smoke,1251,378,1375,552
1098.png,74,74,Smoke,1771,361,1845,435
1379.png,141,67,Smoke,1758,375,1899,442
0415.png,57,57,Smoke,1773,313,1830,370
0241.png,95,176,Smoke,819,372,914,548
1594.png,80,48,Smoke,414,514,494,562
0798.png,174,109,Smoke,1746,449,1920,558
0906.png,76,250,Smoke,1613,391,1689,641
1142.png,101,107,Smoke,635,446,736,553
0748.png,99,59,Smoke,1691,575,1790,634
0265.png,76,92,Smoke,1768,309,1844,401
1650.png,32,170,Smoke,963,378,995,548
1119.png,23,113,Smoke,1214,469,1237,582
0640.png,23,113,Smoke,1213,465,1236,578
1436.png,155,48,Smoke,1716,577,1871,625
0946.png,118,107,Smoke,620,447,738,554
0938.png,76,118,Smoke,1769,316,1845,434
1068.png,29,218,Smoke,1163,344,1192,562
0517.png,95,155,Smoke,823,392,918,547
1289.png,29,218,Smoke,1164,335,1193,553
0042.png,57,57,Smoke,1773,313,1830,370
1756.png,128,246,Smoke,1025,315,1153,561
0825.png,32,158,Smoke,963,386,995,544
0079.png,107,195,Smoke,1022,357,1129,552
0324.png,29,218,Smoke,1163,356,1192,574
0508.png,107,221,Smoke,1025,317,1132,538
0746.png,55,80,Smoke,546,424,601,504
0470.png,23,113,Smoke,1214,464,1237,577
1155.png,101,107,Smoke,635,446,736,553
0326.png,32,158,Smoke,962,387,994,545
0558.png,55,80,Smoke,546,424,601,504
0276.png,29,218,Smoke,1163,356,1192,574
1015.png,29,218,Smoke,1163,353,1192,571
1549.png,76,227,Smoke,1621,384,1697,611
0167.png,76,92,Smoke,1768,309,1844,401
1397.png,130,227,Smoke,1022,322,1152,549
1630.png,130,227,Smoke,1027,309,1157,536
0068.png,76,92,Smoke,1769,309,1845,401
0305.png,55,46,Smoke,552,485,607,531
1462.png,80,48,Smoke,414,514,494,562
0474.png,95,155,Smoke,821,395,916,550
1376.png,29,218,Smoke,1164,337,1193,555
1292.png,90,67,Smoke,815,492,905,559
0210.png,69,59,Smoke,1691,577,1760,636
1786.png,99,55,Smoke,642,499,741,554
0530.png,23,113,Smoke,1214,464,1237,577
1612.png,113,57,Smoke,630,497,743,554
0512.png,32,158,Smoke,962,387,994,545
0219.png,50,116,Smoke,1432,426,1482,542
0505.png,80,48,Smoke,415,515,495,563
1179.png,32,158,Smoke,963,376,995,534
1322.png,80,48,Smoke,414,514,494,562
1317.png,179,109,Smoke,1741,458,1920,567
0826.png,29,218,Smoke,1163,355,1192,573
0412.png,65,197,Smoke,1617,421,1682,618
0653.png,80,48,Smoke,414,514,494,562
1245.png,99,59,Smoke,1689,575,1788,634
0264.png,29,218,Smoke,1163,356,1192,574
0669.png,65,218,Smoke,1620,397,1685,615
0052.png,74,99,Smoke,658,445,732,544
1704.png,155,48,Smoke,1722,579,1877,627
1771.png,55,80,Smoke,546,424,601,504
1277.png,124,174,Smoke,1255,377,1379,551
0303.png,147,86,Smoke,1773,447,1920,533
0707.png,57,57,Smoke,1773,313,1830,370
1485.png,130,227,Smoke,1024,320,1154,547
0777.png,55,80,Smoke,546,424,601,504
0156.png,107,195,Smoke,1022,350,1129,545
0569.png,76,118,Smoke,1770,307,1846,425
1538.png,155,48,Smoke,1721,581,1876,629
0685.png,80,48,Smoke,414,514,494,562
0159.png,48,34,Smoke,559,483,607,517
0005.png,76,92,Smoke,1733,309,1809,401
1481.png,32,170,Smoke,962,373,994,543
1122.png,111,246,Smoke,1030,308,1141,554
0221.png,55,84,Smoke,450,458,505,542
0359.png,142,113,Smoke,1778,443,1920,556
1777.png,141,67,Smoke,1761,371,1902,438
0608.png,57,57,Smoke,1773,313,1830,370
1291.png,55,80,Smoke,546,424,601,504
1535.png,111,76,Smoke,811,477,922,553
0707.png,111,221,Smoke,1020,322,1131,543
1338.png,130,227,Smoke,1022,324,1152,551
0669.png,32,158,Smoke,963,389,995,547
0662.png,111,221,Smoke,1020,322,1131,543
1745.png,23,151,Smoke,1213,416,1236,567
0689.png,32,158,Smoke,963,391,995,549
1242.png,76,250,Smoke,1613,389,1689,639
0005.png,32,158,Smoke,928,387,960,545
0687.png,80,48,Smoke,414,514,494,562
1734.png,155,48,Smoke,1722,579,1877,627
0958.png,99,59,Smoke,1688,577,1787,636
1624.png,141,67,Smoke,1760,375,1901,442
0889.png,174,109,Smoke,1746,452,1920,561
1740.png,76,258,Smoke,1624,380,1700,638
1549.png,57,57,Smoke,1761,304,1818,361
1222.png,50,128,Smoke,1431,420,1481,548
1619.png,113,57,Smoke,630,497,743,554
1118.png,124,174,Smoke,1254,377,1378,551
0657.png,76,118,Smoke,1771,305,1847,423
0371.png,95,139,Smoke,821,408,916,547
1188.png,57,57,Smoke,1773,313,1830,370
1576.png,57,57,Smoke,1761,304,1818,361
1336.png,32,170,Smoke,962,378,994,548
1102.png,99,59,Smoke,1689,575,1788,634
0611.png,111,221,Smoke,1020,320,1131,541
1623.png,32,170,Smoke,965,372,997,542
0127.png,32,158,Smoke,962,387,994,545
1477.png,23,151,Smoke,1212,423,1235,574
1322.png,57,57,Smoke,1773,313,1830,370
1497.png,29,218,Smoke,1164,337,1193,555
1444.png,103,55,Smoke,815,498,918,553
1726.png,80,48,Smoke,414,514,494,562
0306.png,95,139,Smoke,821,409,916,548
0283.png,76,92,Smoke,1768,310,1844,402
1403.png,101,107,Smoke,635,446,736,553
1245.png,84,67,Smoke,1760,375,1844,442
0926.png,80,48,Smoke,414,514,494,562
1589.png,57,57,Smoke,1761,304,1818,361
0283.png,95,176,Smoke,821,372,916,548
1658.png,32,170,Smoke,965,376,997,546
1328.png,32,170,Smoke,962,378,994,548
0331.png,50,116,Smoke,1431,426,1481,542
0561.png,99,59,Smoke,1692,576,1791,635
0561.png,29,218,Smoke,1163,357,1192,575
1388.png,50,128,Smoke,1431,415,1481,543
1704.png,132,155,Smoke,1246,397,1378,552
1451.png,130,227,Smoke,1023,322,1153,549
0463.png,65,197,Smoke,1617,422,1682,619
0950.png,80,48,Smoke,414,514,494,562
0286.png,95,176,Smoke,821,373,916,549
0052.png,95,176,Smoke,813,379,908,555
0749.png,76,118,Smoke,1771,303,1847,421
0394.png,124,174,Smoke,1250,378,1374,552
1406.png,76,227,Smoke,1616,382,1692,609
0576.png,32,158,Smoke,962,389,994,547
1767.png,80,48,Smoke,414,514,494,562
1282.png,50,128,Smoke,1431,418,1481,546
0488.png,69,59,Smoke,1688,578,1757,637
1292.png,84,67,Smoke,1760,375,1844,442
1120.png,99,57,Smoke,1771,391,1870,448
1069.png,97,151,Smoke,813,393,910,544
0433.png,142,109,Smoke,1778,450,1920,559
0697.png,29,218,Smoke,1163,357,1192,575
1567.png,141,67,Smoke,1757,377,1898,444
0992.png,101,168,Smoke,813,378,914,546
0073.png,34,116,Smoke,1433,432,1467,548
0437.png,23,113,Smoke,1214,464,1237,577
1217.png,29,218,Smoke,1164,333,1193,551
0979.png,57,57,Smoke,1773,313,1830,370
0845.png,99,59,Smoke,1690,577,1789,636
1158.png,84,67,Smoke,1762,377,1846,444
0602.png,57,57,Smoke,1773,313,1830,370
1297.png,23,113,Smoke,1212,466,1235,579
1440.png,132,155,Smoke,1247,396,1379,551
0360.png,107,221,Smoke,1021,319,1128,540
1561.png,155,48,Smoke,1722,583,1877,631
1473.png,80,48,Smoke,414,514,494,562
1731.png,23,151,Smoke,1210,419,1233,570
1113.png,124,174,Smoke,1254,377,1378,551
1761.png,80,57,Smoke,1759,298,1839,355
0240.png,57,57,Smoke,1773,313,1830,370
1263.png,29,218,Smoke,1164,335,1193,553
0523.png,124,174,Smoke,1250,378,1374,552
1790.png,29,218,Smoke,1161,337,1190,555
1407.png,124,174,Smoke,1256,377,1380,551
0095.png,50,116,Smoke,1433,433,1483,549
0915.png,101,160,Smoke,813,387,914,547
0444.png,124,174,Smoke,1250,378,1374,552
0919.png,174,109,Smoke,1746,452,1920,561
0363.png,29,218,Smoke,1163,355,1192,573
1281.png,80,48,Smoke,414,514,494,562
0883.png,124,174,Smoke,1252,379,1376,553
1383.png,130,227,Smoke,1022,324,1152,551
1485.png,23,151,Smoke,1212,423,1235,574
0284.png,55,84,Smoke,450,460,505,544
0279.png,95,176,Smoke,821,372,916,548
0702.png,55,80,Smoke,546,424,601,504
0712.png,80,48,Smoke,414,514,494,562
0777.png,80,48,Smoke,414,514,494,562
0436.png,76,118,Smoke,1771,311,1847,429
0841.png,55,80,Smoke,546,424,601,504
1700.png,99,55,Smoke,642,498,741,553
1456.png,103,55,Smoke,816,497,919,552
0529.png,50,116,Smoke,1431,428,1481,544
0706.png,160,57,Smoke,580,500,740,557
1151.png,80,48,Smoke,414,514,494,562
0123.png,149,97,Smoke,1771,455,1920,552
0671.png,174,109,Smoke,1746,449,1920,558
0993.png,80,48,Smoke,414,514,494,562
0724.png,57,57,Smoke,1773,313,1830,370
1575.png,23,151,Smoke,1211,423,1234,574
1236.png,84,67,Smoke,1761,376,1845,443
1588.png,55,80,Smoke,546,424,601,504
0199.png,65,197,Smoke,1617,420,1682,617
1528.png,180,109,Smoke,1740,457,1920,566
0983.png,29,218,Smoke,1163,353,1192,571
0317.png,57,57,Smoke,1773,313,1830,370
1219.png,179,109,Smoke,1741,458,1920,567
0405.png,95,139,Smoke,821,408,916,547
1624.png,180,109,Smoke,1740,457,1920,566
0273.png,124,174,Smoke,1250,380,1374,554
0264.png,69,86,Smoke,669,444,738,530
1580.png,50,128,Smoke,1431,412,1481,540
0430.png,95,139,Smoke,821,405,916,544
1488.png,132,155,Smoke,1247,395,1379,550
0901.png,124,174,Smoke,1252,379,1376,553
1544.png,57,57,Smoke,1761,304,1818,361
1712.png,29,218,Smoke,1161,336,1190,554
1786.png,128,246,Smoke,1025,319,1153,565
1590.png,80,48,Smoke,414,514,494,562
0152.png,29,218,Smoke,1163,350,1192,568
1173.png,29,218,Smoke,1164,333,1193,551
0289.png,55,46,Smoke,552,484,607,530
1085.png,23,113,Smoke,1214,469,1237,582
0376.png,107,221,Smoke,1021,318,1128,539
1255.png,99,59,Smoke,1689,575,1788,634
0990.png,179,109,Smoke,1741,455,1920,564
0605.png,65,218,Smoke,1620,397,1685,615
0304.png,65,197,Smoke,1617,423,1682,620
0540.png,65,218,Smoke,1618,399,1683,617
0479.png,50,116,Smoke,1431,428,1481,544
0279.png,32,158,Smoke,962,387,994,545
0944.png,111,233,Smoke,1027,317,1138,550
0045.png,107,195,Smoke,1012,357,1119,552
0318.png,50,116,Smoke,1431,427,1481,543
1783.png,155,48,Smoke,1722,578,1877,626
0992.png,179,109,Smoke,1741,456,1920,565
1769.png,155,48,Smoke,1722,579,1877,627
0481.png,97,120,Smoke,646,424,743,544
0970.png,111,233,Smoke,1027,315,1138,548
0194.png,74,99,Smoke,666,431,740,530
0650.png,174,109,Smoke,1746,449,1920,558
1038.png,86,160,Smoke,814,379,900,539
1513.png,29,218,Smoke,1164,341,1193,559
0539.png,80,48,Smoke,415,514,495,562
0901.png,50,128,Smoke,1431,424,1481,552
1658.png,132,155,Smoke,1246,397,1378,552
0242.png,32,158,Smoke,962,387,994,545
0076.png,148,97,Smoke,1772,456,1920,553
0852.png,99,59,Smoke,1689,577,1788,636
1559.png,111,76,Smoke,814,477,925,553
0029.png,74,99,Smoke,634,448,708,547
1226.png,179,109,Smoke,1741,458,1920,567
0267.png,50,116,Smoke,1431,428,1481,544
0537.png,23,113,Smoke,1214,464,1237,577
1300.png,179,109,Smoke,1741,458,1920,567
0591.png,57,57,Smoke,1773,313,1830,370
0795.png,76,250,Smoke,1615,394,1691,644
0458.png,86,107,Smoke,657,428,743,535
1309.png,80,48,Smoke,414,514,494,562
1181.png,111,246,Smoke,1032,307,1143,553
1040.png,23,113,Smoke,1214,467,1237,580
1396.png,32,170,Smoke,962,375,994,545
0942.png,57,57,Smoke,1773,313,1830,370
0629.png,65,218,Smoke,1620,397,1685,615
1780.png,76,258,Smoke,1625,384,1701,642
0927.png,174,109,Smoke,1746,452,1920,561
0442.png,69,59,Smoke,1690,579,1759,638
0636.png,50,128,Smoke,1434,424,1484,552
0625.png,171,109,Smoke,1749,449,1920,558
0013.png,95,176,Smoke,785,382,880,558
0136.png,29,218,Smoke,1164,346,1193,564
1226.png,23,113,Smoke,1213,467,1236,580
0248.png,65,197,Smoke,1617,421,1682,618
0817.png,55,80,Smoke,546,424,601,504
1536.png,23,151,Smoke,1212,424,1235,575
1490.png,80,48,Smoke,414,514,494,562
0124.png,48,34,Smoke,559,483,607,517
1077.png,55,80,Smoke,546,424,601,504
0145.png,57,57,Smoke,1773,313,1830,370
0909.png,57,57,Smoke,1773,313,1830,370
0649.png,111,221,Smoke,1021,322,1132,543
0368.png,57,57,Smoke,1773,313,1830,370
0378.png,86,107,Smoke,655,433,741,540
0078.png,57,57,Smoke,1773,313,1830,370
1357.png,29,218,Smoke,1164,337,1193,555
1463.png,130,227,Smoke,1024,322,1154,549
0614.png,55,80,Smoke,546,424,601,504
1640.png,29,218,Smoke,1161,339,1190,557
1344.png,50,128,Smoke,1431,419,1481,547
0145.png,23,113,Smoke,1214,464,1237,577
0263.png,50,116,Smoke,1431,428,1481,544
0673.png,76,118,Smoke,1772,304,1848,422
1223.png,57,57,Smoke,1773,313,1830,370
0094.png,65,197,Smoke,1618,423,1683,620
1304.png,99,59,Smoke,1689,574,1788,633
0172.png,48,34,Smoke,559,483,607,517
1486.png,32,170,Smoke,962,373,994,543
0331.png,76,92,Smoke,1768,310,1844,402
0091.png,148,97,Smoke,1772,456,1920,553
0211.png,74,99,Smoke,666,431,740,530
0045.png,95,176,Smoke,809,380,904,556
1644.png,23,151,Smoke,1210,423,1233,574
0179.png,145,116,Smoke,1226,427,1371,543
1235.png,50,128,Smoke,1431,419,1481,547
1297.png,90,67,Smoke,816,492,906,559
0877.png,29,218,Smoke,1163,355,1192,573
0086.png,50,116,Smoke,1433,433,1483,549
0409.png,29,218,Smoke,1163,357,1192,575
1443.png,141,67,Smoke,1758,375,1899,442
1496.png,170,57,Smoke,564,499,734,556
1678.png,50,128,Smoke,1431,412,1481,540
1186.png,101,107,Smoke,635,446,736,553
0851.png,32,158,Smoke,963,386,995,544
0934.png,55,80,Smoke,546,424,601,504
0389.png,124,174,Smoke,1249,378,1373,552
1036.png,80,48,Smoke,414,514,494,562
1484.png,76,227,Smoke,1620,384,1696,611
1170.png,124,174,Smoke,1254,377,1378,551
0343.png,50,116,Smoke,1431,426,1481,542
1327.png,76,250,Smoke,1616,382,1692,632
1395.png,155,48,Smoke,1718,577,1873,625
1079.png,101,107,Smoke,635,446,736,553
1799.png,122,78,Smoke,814,476,936,554
1648.png,32,170,Smoke,963,378,995,548
0712.png,76,118,Smoke,1772,304,1848,422
0470.png,80,48,Smoke,423,505,503,553
1470.png,141,67,Smoke,1758,374,1899,441
0599.png,55,80,Smoke,546,424,601,504
1085.png,50,128,Smoke,1431,422,1481,550
1513.png,181,109,Smoke,1739,457,1920,566
0257.png,29,218,Smoke,1163,356,1192,574
1559.png,155,48,Smoke,1721,582,1876,630
1732.png,155,48,Smoke,1722,579,1877,627
1447.png,57,57,Smoke,1758,305,1815,362
0561.png,107,221,Smoke,1026,320,1133,541
0926.png,29,218,Smoke,1163,355,1192,573
1697.png,50,128,Smoke,1431,412,1481,540
1702.png,99,55,Smoke,643,499,742,554
1212.png,97,151,Smoke,816,393,913,544
0033.png,65,197,Smoke,1592,423,1657,620
0673.png,124,174,Smoke,1251,378,1375,552
1684.png,141,67,Smoke,1761,373,1902,440
0538.png,95,155,Smoke,824,394,919,549
0813.png,99,59,Smoke,1689,577,1788,636
0359.png,23,113,Smoke,1214,464,1237,577
0356.png,23,113,Smoke,1214,464,1237,577
1071.png,99,59,Smoke,1688,575,1787,634
0875.png,111,233,Smoke,1020,318,1131,551
0658.png,80,48,Smoke,414,514,494,562
1647.png,130,227,Smoke,1027,310,1157,537
0836.png,57,57,Smoke,1773,313,1830,370
1757.png,50,128,Smoke,1431,413,1481,541
1706.png,155,48,Smoke,1722,579,1877,627
0781.png,170,67,Smoke,569,489,739,556
0063.png,29,170,Smoke,1168,375,1197,545
0877.png,76,118,Smoke,1770,317,1846,435
0273.png,32,158,Smoke,962,387,994,545
1022.png,86,160,Smoke,814,379,900,539
1209.png,179,109,Smoke,1741,458,1920,567
1537.png,155,48,Smoke,1721,581,1876,629
0578.png,124,174,Smoke,1251,378,1375,552
0084.png,57,57,Smoke,1773,313,1830,370
0137.png,76,92,Smoke,1768,310,1844,402
1614.png,113,57,Smoke,630,497,743,554
0833.png,111,233,Smoke,1019,321,1130,554
0108.png,65,197,Smoke,1618,423,1683,620
1041.png,124,174,Smoke,1253,377,1377,551
1357.png,124,174,Smoke,1256,377,1380,551
1679.png,132,155,Smoke,1247,397,1379,552
1799.png,99,55,Smoke,642,499,741,554
0307.png,69,59,Smoke,1690,577,1759,636
1645.png,130,227,Smoke,1027,310,1157,537
0531.png,32,158,Smoke,962,389,994,547
1477.png,141,67,Smoke,1758,374,1899,441
0067.png,55,143,Smoke,446,387,501,530
0051.png,65,197,Smoke,1612,422,1677,619
0116.png,65,197,Smoke,1618,421,1683,618
0323.png,76,95,Smoke,665,434,741,529
0281.png,29,218,Smoke,1163,356,1192,574
0250.png,32,158,Smoke,962,387,994,545
0440.png,69,59,Smoke,1690,578,1759,637
1319.png,29,218,Smoke,1164,335,1193,553
0892.png,80,48,Smoke,414,514,494,562
1725.png,50,128,Smoke,1431,412,1481,540
0062.png,107,195,Smoke,1022,355,1129,550
1410.png,180,109,Smoke,1740,457,1920,566
1539.png,50,128,Smoke,1431,412,1481,540
0498.png,23,113,Smoke,1214,464,1237,577
1002.png,101,107,Smoke,636,447,737,554
1488.png,50,128,Smoke,1431,412,1481,540
0503.png,32,158,Smoke,962,387,994,545
1756.png,122,78,Smoke,814,476,936,554
1199.png,55,80,Smoke,546,424,601,504
0918.png,124,174,Smoke,1253,379,1377,553
1030.png,76,250,Smoke,1615,390,1691,640
0457.png,55,80,Smoke,546,424,601,504
1396.png,130,227,Smoke,1022,323,1152,550
1253.png,84,67,Smoke,1760,375,1844,442
0076.png,65,197,Smoke,1618,421,1683,618
1356.png,101,107,Smoke,635,446,736,553
1280.png,124,174,Smoke,1255,377,1379,551
0884.png,111,233,Smoke,1023,318,1134,551
1761.png,128,246,Smoke,1025,316,1153,562
1343.png,179,109,Smoke,1741,459,1920,568
0511.png,95,155,Smoke,823,394,918,549
1113.png,179,109,Smoke,1741,457,1920,566
0099.png,29,218,Smoke,1164,351,1193,569
1032.png,32,158,Smoke,962,381,994,539
1181.png,55,80,Smoke,546,424,601,504
0694.png,109,155,Smoke,811,394,920,549
0356.png,55,84,Smoke,450,460,505,544
0752.png,57,57,Smoke,1773,313,1830,370
0329.png,107,221,Smoke,1021,321,1128,542
1479.png,55,80,Smoke,546,424,601,504
1582.png,50,128,Smoke,1431,412,1481,540
1750.png,50,128,Smoke,1431,412,1481,540
0161.png,107,195,Smoke,1022,350,1129,545
1762.png,180,109,Smoke,1740,457,1920,566
0494.png,95,155,Smoke,823,395,918,550
1550.png,32,170,Smoke,962,373,994,543
1639.png,29,218,Smoke,1161,339,1190,557
0606.png,169,109,Smoke,1751,450,1920,559
0840.png,170,67,Smoke,567,490,737,557
1008.png,101,107,Smoke,636,447,737,554
1137.png,99,57,Smoke,1771,391,1870,448
1374.png,80,48,Smoke,414,514,494,562
0716.png,99,59,Smoke,1691,577,1790,636
1587.png,55,80,Smoke,546,424,601,504
1096.png,23,113,Smoke,1214,469,1237,582
1141.png,124,174,Smoke,1254,377,1378,551
1764.png,80,57,Smoke,1759,298,1839,355
1525.png,111,76,Smoke,811,479,922,555
1481.png,170,57,Smoke,563,501,733,558
1338.png,179,109,Smoke,1741,459,1920,568
0699.png,99,59,Smoke,1692,576,1791,635
1665.png,113,57,Smoke,629,495,742,552
1102.png,76,250,Smoke,1615,389,1691,639
0591.png,124,174,Smoke,1251,377,1375,551
1608.png,76,227,Smoke,1623,383,1699,610
1649.png,181,109,Smoke,1739,457,1920,566
0784.png,50,128,Smoke,1431,424,1481,552
0756.png,99,59,Smoke,1692,576,1791,635
1114.png,80,48,Smoke,414,514,494,562
1482.png,130,227,Smoke,1024,319,1154,546
0842.png,76,250,Smoke,1615,392,1691,642
1273.png,50,128,Smoke,1431,417,1481,545
1150.png,80,48,Smoke,414,514,494,562
1472.png,29,218,Smoke,1164,331,1193,549
0516.png,23,113,Smoke,1214,464,1237,577
0759.png,124,174,Smoke,1251,379,1375,553
1019.png,23,113,Smoke,1214,467,1237,580
1719.png,80,48,Smoke,414,514,494,562
0737.png,57,57,Smoke,1773,313,1830,370
0682.png,55,80,Smoke,546,424,601,504
0786.png,80,48,Smoke,414,514,494,562
0870.png,107,179,Smoke,814,369,921,548
0208.png,141,147,Smoke,1231,408,1372,555
1399.png,130,227,Smoke,1022,324,1152,551
0476.png,23,113,Smoke,1214,464,1237,577
1384.png,50,128,Smoke,1431,415,1481,543
0771.png,57,57,Smoke,1773,313,1830,370
1063.png,99,59,Smoke,1687,575,1786,634
0226.png,143,86,Smoke,1777,458,1920,544
0374.png,95,139,Smoke,821,408,916,547
0179.png,29,218,Smoke,1163,348,1192,566
0547.png,23,113,Smoke,1214,465,1237,578
1639.png,141,67,Smoke,1759,374,1900,441
1672.png,80,48,Smoke,414,514,494,562
0125.png,55,143,Smoke,445,387,500,530
1248.png,99,59,Smoke,1688,574,1787,633
1124.png,55,80,Smoke,546,424,601,504
0174.png,107,195,Smoke,1021,350,1128,545
1412.png,50,128,Smoke,1431,415,1481,543
0819.png,76,250,Smoke,1615,394,1691,644
1616.png,141,67,Smoke,1760,377,1901,444
1749.png,132,155,Smoke,1245,397,1377,552
1264.png,101,107,Smoke,635,446,736,553
0942.png,76,118,Smoke,1769,316,1845,434
1737.png,80,57,Smoke,1758,299,1838,356
0879.png,80,48,Smoke,414,514,494,562
1011.png,50,128,Smoke,1431,423,1481,551
0117.png,29,218,Smoke,1164,351,1193,569
0801.png,124,174,Smoke,1251,379,1375,553
0083.png,145,116,Smoke,1226,427,1371,543
0463.png,23,113,Smoke,1214,464,1237,577
0651.png,55,80,Smoke,546,424,601,504
1416.png,32,170,Smoke,962,373,994,543
0558.png,95,155,Smoke,824,394,919,549
1200.png,55,80,Smoke,546,424,601,504
0191.png,55,97,Smoke,450,445,505,542
1305.png,124,174,Smoke,1255,377,1379,551
1251.png,101,107,Smoke,635,446,736,553
0661.png,23,113,Smoke,1213,466,1236,579
0233.png,69,59,Smoke,1691,577,1760,636
0657.png,55,80,Smoke,546,424,601,504
1474.png,103,55,Smoke,817,497,920,552
0654.png,109,155,Smoke,810,394,919,549
1239.png,111,246,Smoke,1032,309,1143,555
0440.png,86,107,Smoke,656,431,742,538
1380.png,80,48,Smoke,414,514,494,562
1501.png,50,128,Smoke,1431,412,1481,540
0257.png,55,46,Smoke,552,484,607,530
0064.png,34,116,Smoke,1433,432,1467,548
0412.png,57,57,Smoke,1773,313,1830,370
0017.png,32,158,Smoke,928,387,960,545
0919.png,124,174,Smoke,1253,379,1377,553
1361.png,29,218,Smoke,1164,337,1193,555
1754.png,155,48,Smoke,1722,579,1877,627
1112.png,97,151,Smoke,814,392,911,543
0716.png,76,118,Smoke,1772,304,1848,422
1303.png,57,57,Smoke,1773,313,1830,370
1450.png,55,80,Smoke,546,424,601,504
1134.png,80,48,Smoke,414,514,494,562
0855.png,76,118,Smoke,1771,317,1847,435
1104.png,23,113,Smoke,1214,470,1237,583
0169.png,76,92,Smoke,1768,309,1844,401
0411.png,124,174,Smoke,1251,378,1375,552
1605.png,76,227,Smoke,1623,384,1699,611
1257.png,99,59,Smoke,1689,575,1788,634
1317.png,55,80,Smoke,546,424,601,504
1194.png,76,250,Smoke,1613,390,1689,640
1294.png,76,250,Smoke,1616,384,1692,634
0267.png,69,59,Smoke,1691,577,1760,636
0540.png,95,155,Smoke,824,394,919,549
0212.png,65,197,Smoke,1617,423,1682,620
0558.png,107,221,Smoke,1025,317,1132,538
0284.png,76,92,Smoke,1768,310,1844,402
1322.png,32,170,Smoke,962,378,994,548
0317.png,55,84,Smoke,450,460,505,544
1120.png,23,113,Smoke,1214,470,1237,583
0554.png,160,109,Smoke,1760,451,1920,560
0107.png,55,143,Smoke,445,387,500,530
0847.png,107,179,Smoke,815,369,922,548
0752.png,23,113,Smoke,1214,467,1237,580
1459.png,103,55,Smoke,816,497,919,552
1647.png,80,48,Smoke,414,514,494,562
1020.png,57,57,Smoke,1773,313,1830,370
1451.png,80,48,Smoke,414,514,494,562
0178.png,32,158,Smoke,962,387,994,545
1776.png,29,218,Smoke,1161,339,1190,557
1729.png,181,109,Smoke,1739,456,1920,565
1208.png,124,174,Smoke,1255,377,1379,551
1094.png,50,128,Smoke,1431,422,1481,550
1431.png,23,151,Smoke,1212,424,1235,575
1657.png,80,57,Smoke,1760,301,1840,358
1648.png,55,80,Smoke,546,424,601,504
0185.png,55,46,Smoke,552,484,607,530
0015.png,29,170,Smoke,1135,381,1164,551
0835.png,124,174,Smoke,1251,379,1375,553
1137.png,111,246,Smoke,1030,307,1141,553
1358.png,29,218,Smoke,1164,337,1193,555
0345.png,95,139,Smoke,821,409,916,548
0799.png,57,57,Smoke,1773,313,1830,370
1128.png,124,174,Smoke,1254,377,1378,551
0650.png,109,155,Smoke,810,394,919,549
0365.png,50,116,Smoke,1431,426,1481,542
1280.png,29,218,Smoke,1164,335,1193,553
0758.png,23,113,Smoke,1213,467,1236,580
0793.png,174,109,Smoke,1746,450,1920,559
0094.png,57,57,Smoke,1773,313,1830,370
0417.png,69,59,Smoke,1690,578,1759,637
0619.png,23,113,Smoke,1214,465,1237,578
1726.png,141,67,Smoke,1759,373,1900,440
1781.png,181,109,Smoke,1739,458,1920,567
0788.png,55,80,Smoke,546,424,601,504
0095.png,57,57,Smoke,1773,313,1830,370
1280.png,76,250,Smoke,1615,386,1691,636
0336.png,76,92,Smoke,1768,310,1844,402
1402.png,29,218,Smoke,1164,335,1193,553
0663.png,109,155,Smoke,810,394,919,549
1218.png,50,128,Smoke,1430,421,1480,549
0370.png,69,59,Smoke,1691,580,1760,639
1231.png,179,109,Smoke,1741,458,1920,567
0341.png,65,197,Smoke,1617,422,1682,619
1744.png,55,80,Smoke,546,424,601,504
0976.png,118,107,Smoke,619,447,737,554
1334.png,80,48,Smoke,414,514,494,562
0308.png,50,116,Smoke,1431,428,1481,544
1117.png,55,80,Smoke,546,424,601,504
1523.png,80,48,Smoke,414,514,494,562
0015.png,65,197,Smoke,1583,422,1648,619
0734.png,29,218,Smoke,1163,355,1192,573
1751.png,50,128,Smoke,1431,412,1481,540
1612.png,155,48,Smoke,1722,580,1877,628
0588.png,99,59,Smoke,1692,575,1791,634
1638.png,122,78,Smoke,810,475,932,553
0786.png,109,179,Smoke,813,367,922,546
0202.png,141,147,Smoke,1231,408,1372,555
1101.png,32,158,Smoke,963,375,995,533
1198.png,55,80,Smoke,546,424,601,504
1799.png,151,80,Smoke,1760,372,1911,452
0176.png,48,34,Smoke,559,483,607,517
0717.png,80,48,Smoke,414,514,494,562
0424.png,29,218,Smoke,1163,357,1192,575
0703.png,65,250,Smoke,1622,394,1687,644
1681.png,55,80,Smoke,546,424,601,504
1338.png,55,80,Smoke,546,424,601,504
1530.png,32,170,Smoke,962,375,994,545
0806.png,107,179,Smoke,815,367,922,546
1758.png,32,170,Smoke,966,384,998,554
0862.png,99,59,Smoke,1689,577,1788,636
1240.png,97,82,Smoke,815,460,912,542
0533.png,23,113,Smoke,1214,464,1237,577
1110.png,179,109,Smoke,1741,457,1920,566
1074.png,179,109,Smoke,1741,457,1920,566
0736.png,55,80,Smoke,546,424,601,504
1387.png,90,67,Smoke,815,489,905,556
0548.png,76,118,Smoke,1771,308,1847,426
0842.png,57,57,Smoke,1773,313,1830,370
0669.png,55,80,Smoke,546,424,601,504
0726.png,174,109,Smoke,1746,449,1920,558
0131.png,57,48,Smoke,1705,577,1762,625
0411.png,32,158,Smoke,962,387,994,545
1756.png,141,67,Smoke,1760,371,1901,438
0362.png,55,46,Smoke,552,484,607,530
0445.png,65,197,Smoke,1617,422,1682,619
0085.png,32,158,Smoke,961,387,993,545
0699.png,57,57,Smoke,1773,313,1830,370
0555.png,23,113,Smoke,1214,465,1237,578
0345.png,50,116,Smoke,1431,426,1481,542
1333.png,99,59,Smoke,1689,574,1788,633
1435.png,55,80,Smoke,546,424,601,504
0641.png,76,118,Smoke,1771,305,1847,423
0540.png,76,118,Smoke,1771,309,1847,427
0618.png,109,155,Smoke,809,395,918,550
1757.png,23,151,Smoke,1215,417,1238,568
1309.png,101,107,Smoke,635,446,736,553
0649.png,124,174,Smoke,1251,378,1375,552
0322.png,65,197,Smoke,1617,423,1682,620
1052.png,57,57,Smoke,1773,313,1830,370
0784.png,124,174,Smoke,1251,379,1375,553
0998.png,23,113,Smoke,1214,467,1237,580
0541.png,107,221,Smoke,1025,320,1132,541
0405.png,50,116,Smoke,1431,428,1481,544
0067.png,34,116,Smoke,1433,432,1467,548
0948.png,179,109,Smoke,1741,456,1920,565
0838.png,76,118,Smoke,1771,317,1847,435
0076.png,29,218,Smoke,1165,357,1194,575
0426.png,32,158,Smoke,962,387,994,545
0486.png,95,155,Smoke,822,395,917,550
0786.png,57,57,Smoke,1773,313,1830,370
0364.png,142,113,Smoke,1778,443,1920,556
1745.png,80,57,Smoke,1758,299,1838,356
0181.png,145,116,Smoke,1226,427,1371,543
0511.png,76,118,Smoke,1772,309,1848,427
0848.png,80,48,Smoke,414,514,494,562
0868.png,55,80,Smoke,546,424,601,504
0876.png,76,250,Smoke,1613,392,1689,642
0008.png,57,57,Smoke,1773,313,1830,370
0947.png,29,218,Smoke,1163,353,1192,571
0373.png,55,84,Smoke,450,460,505,544
0420.png,95,139,Smoke,820,406,915,545
1304.png,55,80,Smoke,546,424,601,504
1211.png,101,107,Smoke,635,446,736,553
0597.png,50,128,Smoke,1434,423,1484,551
0259.png,141,147,Smoke,1232,408,1373,555
1017.png,32,158,Smoke,962,381,994,539
0765.png,99,59,Smoke,1692,576,1791,635
1705.png,80,57,Smoke,1759,299,1839,356
0486.png,107,221,Smoke,1023,317,1130,538
1750.png,155,48,Smoke,1722,579,1877,627
0678.png,124,174,Smoke,1251,378,1375,552
1343.png,50,128,Smoke,1431,417,1481,545
0380.png,29,218,Smoke,1163,357,1192,575
0927.png,55,80,Smoke,546,424,601,504
0577.png,50,128,Smoke,1435,422,1485,550
0248.png,107,221,Smoke,1022,321,1129,542
1520.png,141,67,Smoke,1757,376,1898,443
0934.png,101,160,Smoke,812,383,913,543
0761.png,76,250,Smoke,1612,394,1688,644
1092.png,50,128,Smoke,1431,422,1481,550
0939.png,143,95,Smoke,595,461,738,556
1104.png,50,128,Smoke,1431,422,1481,550
1168.png,124,174,Smoke,1254,377,1378,551
1711.png,29,218,Smoke,1161,336,1190,554
0221.png,65,197,Smoke,1617,422,1682,619
1623.png,80,48,Smoke,414,514,494,562
0026.png,55,143,Smoke,416,397,471,540
0205.png,74,99,Smoke,666,431,740,530
1138.png,76,250,Smoke,1614,390,1690,640
1756.png,55,80,Smoke,546,424,601,504
0878.png,111,233,Smoke,1022,318,1133,551
0732.png,29,218,Smoke,1163,355,1192,573
1736.png,50,128,Smoke,1431,412,1481,540
0387.png,69,59,Smoke,1691,580,1760,639
1770.png,132,155,Smoke,1245,399,1377,554
0821.png,29,218,Smoke,1163,355,1192,573
1094.png,32,158,Smoke,963,375,995,533
1209.png,57,57,Smoke,1773,313,1830,370
0953.png,29,218,Smoke,1163,353,1192,571
1510.png,29,218,Smoke,1163,335,1192,553
0071.png,76,92,Smoke,1769,309,1845,401
1062.png,80,48,Smoke,414,514,494,562
1423.png,132,155,Smoke,1248,396,1380,551
0662.png,55,80,Smoke,546,424,601,504
0150.png,57,57,Smoke,1773,313,1830,370
0528.png,23,113,Smoke,1214,464,1237,577
1019.png,50,128,Smoke,1431,423,1481,551
0438.png,23,113,Smoke,1214,464,1237,577
0717.png,23,113,Smoke,1213,467,1236,580
0157.png,95,176,Smoke,818,375,913,551
0523.png,80,48,Smoke,415,514,495,562
1240.png,57,57,Smoke,1773,313,1830,370
1241.png,76,250,Smoke,1613,389,1689,639
0279.png,107,221,Smoke,1022,323,1129,544
1382.png,141,67,Smoke,1759,374,1900,441
0281.png,32,158,Smoke,962,387,994,545
0916.png,57,57,Smoke,1773,313,1830,370
1430.png,29,218,Smoke,1164,333,1193,551
0497.png,124,174,Smoke,1251,378,1375,552
1192.png,29,218,Smoke,1164,331,1193,549
0987.png,29,218,Smoke,1163,353,1192,571
1235.png,179,109,Smoke,1741,458,1920,567
0053.png,23,113,Smoke,1214,464,1237,577
1786.png,180,109,Smoke,1740,458,1920,567
0125.png,76,92,Smoke,1769,310,1845,402
1475.png,155,48,Smoke,1717,578,1872,626
1675.png,32,170,Smoke,966,380,998,550
0526.png,80,48,Smoke,415,514,495,562
1526.png,76,227,Smoke,1621,384,1697,611
0768.png,29,218,Smoke,1163,355,1192,573
0362.png,50,116,Smoke,1431,426,1481,542
0698.png,65,250,Smoke,1620,397,1685,647
0444.png,65,197,Smoke,1617,422,1682,619
0184.png,23,113,Smoke,1214,464,1237,577
1336.png,130,227,Smoke,1022,324,1152,551
1769.png,80,57,Smoke,1759,298,1839,355
0307.png,65,197,Smoke,1617,422,1682,619
1622.png,130,227,Smoke,1027,308,1157,535
0221.png,23,113,Smoke,1214,464,1237,577
0285.png,65,197,Smoke,1617,422,1682,619
0996.png,29,218,Smoke,1163,352,1192,570
0166.png,23,113,Smoke,1214,464,1237,577
0132.png,65,197,Smoke,1617,422,1682,619
0548.png,65,218,Smoke,1618,399,1683,617
0787.png,111,233,Smoke,1019,321,1130,554
0533.png,107,221,Smoke,1024,320,1131,541
1310.png,80,48,Smoke,414,514,494,562
1192.png,57,57,Smoke,1773,313,1830,370
1594.png,32,170,Smoke,964,372,996,542
1125.png,80,48,Smoke,414,514,494,562
1140.png,99,59,Smoke,1688,574,1787,633
0701.png,55,80,Smoke,546,424,601,504
0511.png,29,218,Smoke,1163,356,1192,574
0613.png,99,59,Smoke,1692,576,1791,635
0121.png,107,195,Smoke,1022,352,1129,547
0248.png,32,158,Smoke,962,387,994,545
1129.png,179,109,Smoke,1741,457,1920,566
0354.png,107,221,Smoke,1021,319,1128,540
0750.png,55,80,Smoke,546,424,601,504
0558.png,29,218,Smoke,1163,357,1192,575
1627.png,80,48,Smoke,414,514,494,562
0724.png,99,59,Smoke,1692,576,1791,635
0783.png,170,67,Smoke,569,489,739,556
1307.png,124,174,Smoke,1255,377,1379,551
1288.png,124,174,Smoke,1255,377,1379,551
0022.png,145,116,Smoke,1194,430,1339,546
1388.png,57,57,Smoke,1754,305,1811,362
0853.png,107,179,Smoke,815,369,922,548
0452.png,50,116,Smoke,1431,428,1481,544
0625.png,65,218,Smoke,1620,397,1685,615
0730.png,32,158,Smoke,963,388,995,546
0965.png,50,128,Smoke,1431,424,1481,552
1308.png,23,113,Smoke,1212,466,1235,579
0108.png,48,34,Smoke,559,483,607,517
1401.png,29,218,Smoke,1164,335,1193,553
0719.png,57,57,Smoke,1773,313,1830,370
1543.png,170,57,Smoke,568,497,738,554
0054.png,48,34,Smoke,559,483,607,517
1411.png,32,170,Smoke,962,373,994,543
0745.png,76,118,Smoke,1771,303,1847,421
1371.png,76,227,Smoke,1615,382,1691,609
0404.png,29,218,Smoke,1163,357,1192,575
1488.png,130,227,Smoke,1024,319,1154,546
0091.png,95,176,Smoke,818,375,913,551
1732.png,76,258,Smoke,1624,381,1700,639
0951.png,76,118,Smoke,1769,316,1845,434
1210.png,84,67,Smoke,1761,377,1845,444
0917.png,76,250,Smoke,1612,390,1688,640
1247.png,23,113,Smoke,1212,466,1235,579
1706.png,141,67,Smoke,1761,372,1902,439
1115.png,97,151,Smoke,814,393,911,544
1460.png,29,218,Smoke,1164,333,1193,551
1171.png,55,80,Smoke,546,424,601,504
0846.png,124,174,Smoke,1251,379,1375,553
0217.png,23,113,Smoke,1214,464,1237,577
0676.png,76,118,Smoke,1773,304,1849,422
0443.png,50,116,Smoke,1431,428,1481,544
0450.png,65,197,Smoke,1617,422,1682,619
1556.png,180,109,Smoke,1740,457,1920,566
0230.png,55,46,Smoke,552,484,607,530
1604.png,130,227,Smoke,1026,310,1156,537
1317.png,130,227,Smoke,1020,323,1150,550
0021.png,29,170,Smoke,1136,380,1165,550
1102.png,32,158,Smoke,963,375,995,533
1517.png,181,109,Smoke,1739,456,1920,565
0582.png,23,113,Smoke,1214,465,1237,578
0670.png,32,158,Smoke,963,389,995,547
0696.png,149,57,Smoke,591,500,740,557
1424.png,180,109,Smoke,1740,457,1920,566
1642.png,130,227,Smoke,1027,309,1157,536
0526.png,29,218,Smoke,1163,356,1192,574
0790.png,111,233,Smoke,1019,321,1130,554
1761.png,80,48,Smoke,414,514,494,562
0487.png,69,59,Smoke,1688,578,1757,637
1492.png,32,170,Smoke,962,373,994,543
0910.png,23,113,Smoke,1214,466,1237,579
0107.png,107,195,Smoke,1022,354,1129,549
1778.png,122,78,Smoke,814,476,936,554
0375.png,141,113,Smoke,1779,442,1920,555
1421.png,29,218,Smoke,1164,333,1193,551
1232.png,32,158,Smoke,963,376,995,534
0524.png,107,221,Smoke,1024,320,1131,541
0231.png,32,158,Smoke,962,387,994,545
0337.png,55,84,Smoke,450,460,505,544
0396.png,29,218,Smoke,1163,357,1192,575
0879.png,143,71,Smoke,595,483,738,554
1690.png,80,57,Smoke,1760,300,1840,357
0413.png,124,174,Smoke,1251,378,1375,552
0802.png,174,109,Smoke,1746,450,1920,559
1748.png,122,78,Smoke,814,475,936,553
0291.png,124,174,Smoke,1250,378,1374,552
0004.png,74,99,Smoke,628,447,702,546
1450.png,80,48,Smoke,414,514,494,562
0921.png,23,113,Smoke,1214,466,1237,579
1731.png,23,151,Smoke,1211,416,1234,567
1267.png,23,113,Smoke,1212,466,1235,579
1316.png,99,59,Smoke,1689,575,1788,634
0014.png,57,48,Smoke,1670,579,1727,627
1585.png,32,170,Smoke,963,369,995,539
0379.png,65,197,Smoke,1617,422,1682,619
1662.png,155,48,Smoke,1722,579,1877,627
1369.png,101,107,Smoke,635,446,736,553
0561.png,57,57,Smoke,1773,313,1830,370
1633.png,29,218,Smoke,1161,339,1190,557
0351.png,95,139,Smoke,821,407,916,546
0898.png,124,174,Smoke,1252,379,1376,553
0904.png,57,57,Smoke,1773,313,1830,370
0994.png,101,168,Smoke,813,378,914,546
0277.png,23,113,Smoke,1214,464,1237,577
1391.png,55,80,Smoke,546,424,601,504
1671.png,113,57,Smoke,629,495,742,552
0552.png,97,120,Smoke,647,425,744,545
1420.png,76,227,Smoke,1617,383,1693,610
1143.png,111,246,Smoke,1030,307,1141,553
0239.png,95,176,Smoke,819,372,914,548
1205.png,111,246,Smoke,1032,307,1143,553
1471.png,80,48,Smoke,414,514,494,562
0788.png,76,118,Smoke,1772,302,1848,420
1179.png,76,250,Smoke,1613,390,1689,640
1088.png,179,109,Smoke,1741,456,1920,565
0581.png,32,158,Smoke,962,389,994,547
0218.png,57,57,Smoke,1773,313,1830,370
0792.png,57,57,Smoke,1773,313,1830,370
1415.png,76,227,Smoke,1617,383,1693,610
0005.png,48,34,Smoke,559,483,607,517
0963.png,29,218,Smoke,1163,353,1192,571
1779.png,155,48,Smoke,1722,579,1877,627
1497.png,170,57,Smoke,565,499,735,556
1533.png,181,109,Smoke,1739,457,1920,566
0751.png,23,113,Smoke,1214,467,1237,580
0331.png,32,158,Smoke,962,387,994,545
0594.png,99,59,Smoke,1692,576,1791,635
0018.png,48,34,Smoke,559,483,607,517
1098.png,97,151,Smoke,814,394,911,545
1112.png,99,59,Smoke,1689,575,1788,634
0108.png,23,113,Smoke,1214,464,1237,577
1027.png,179,109,Smoke,1741,458,1920,567
0600.png,109,155,Smoke,809,395,918,550
1436.png,76,227,Smoke,1619,382,1695,609
1001.png,29,218,Smoke,1163,353,1192,571
1718.png,99,55,Smoke,642,498,741,553
1758.png,50,128,Smoke,1431,413,1481,541
1299.png,80,48,Smoke,414,514,494,562
0988.png,118,107,Smoke,619,448,737,555
0768.png,124,174,Smoke,1251,379,1375,553
0768.png,50,128,Smoke,1431,424,1481,552
0804.png,50,128,Smoke,1431,425,1481,553
0935.png,32,158,Smoke,962,381,994,539
0217.png,65,197,Smoke,1617,422,1682,619
0392.png,95,139,Smoke,821,409,916,548
0517.png,65,197,Smoke,1617,420,1682,617
0393.png,69,59,Smoke,1691,579,1760,638
1021.png,80,48,Smoke,414,514,494,562
0366.png,32,158,Smoke,962,387,994,545
0174.png,57,57,Smoke,1773,313,1830,370
0053.png,76,92,Smoke,1765,311,1841,403
1118.png,50,128,Smoke,1431,421,1481,549
0198.png,74,99,Smoke,666,431,740,530
1600.png,32,170,Smoke,964,372,996,542
0903.png,124,174,Smoke,1252,379,1376,553
0634.png,99,59,Smoke,1692,575,1791,634
0979.png,76,118,Smoke,1769,316,1845,434
0440.png,23,113,Smoke,1214,464,1237,577
1199.png,32,158,Smoke,963,376,995,534
1741.png,23,151,Smoke,1212,418,1235,569
0345.png,107,221,Smoke,1021,319,1128,540
1683.png,32,170,Smoke,966,380,998,550
0748.png,23,113,Smoke,1214,467,1237,580
0028.png,95,176,Smoke,789,383,884,559
0478.png,50,116,Smoke,1431,428,1481,544
0187.png,29,218,Smoke,1162,349,1191,567
1737.png,23,151,Smoke,1212,417,1235,568
1738.png,32,170,Smoke,966,382,998,552
0347.png,32,158,Smoke,962,387,994,545
0794.png,174,109,Smoke,1746,449,1920,558
0476.png,97,120,Smoke,647,426,744,546
1602.png,55,80,Smoke,546,424,601,504
0899.png,111,233,Smoke,1024,318,1135,551
1562.png,113,57,Smoke,624,497,737,554
0615.png,55,80,Smoke,546,424,601,504
1714.png,132,155,Smoke,1246,397,1378,552
1668.png,23,151,Smoke,1210,421,1233,572
1436.png,80,48,Smoke,414,514,494,562
1071.png,111,246,Smoke,1027,309,1138,555
0436.png,65,197,Smoke,1617,422,1682,619
0578.png,65,218,Smoke,1619,397,1684,615
0445.png,69,59,Smoke,1690,577,1759,636
1757.png,80,57,Smoke,1759,298,1839,355
0388.png,32,158,Smoke,962,387,994,545
0611.png,124,174,Smoke,1251,377,1375,551
1271.png,97,82,Smoke,815,458,912,540
0403.png,95,139,Smoke,821,408,916,547
1527.png,76,227,Smoke,1622,384,1698,611
1723.png,155,48,Smoke,1722,579,1877,627
0647.png,65,218,Smoke,1620,397,1685,615
0256.png,55,46,Smoke,552,484,607,530
1178.png,111,246,Smoke,1031,306,1142,552
1492.png,23,151,Smoke,1212,423,1235,574
0965.png,55,80,Smoke,546,424,601,504
1699.png,80,48,Smoke,414,514,494,562
0903.png,174,109,Smoke,1746,452,1920,561
1239.png,101,107,Smoke,635,446,736,553
0020.png,57,48,Smoke,1670,579,1727,627
1198.png,80,48,Smoke,414,514,494,562
0645.png,97,120,Smoke,647,432,744,552
1473.png,155,48,Smoke,1717,579,1872,627
0560.png,32,158,Smoke,962,389,994,547
1082.png,124,174,Smoke,1253,377,1377,551
1696.png,80,48,Smoke,414,514,494,562
1655.png,130,227,Smoke,1027,310,1157,537
1737.png,50,128,Smoke,1431,412,1481,540
0586.png,99,59,Smoke,1692,575,1791,634
0633.png,76,118,Smoke,1771,305,1847,423
1359.png,80,48,Smoke,414,514,494,562
1604.png,141,67,Smoke,1759,377,1900,444
1061.png,99,59,Smoke,1687,575,1786,634
1224.png,179,109,Smoke,1741,458,1920,567
0790.png,76,118,Smoke,1772,301,1848,419
1600.png,50,128,Smoke,1431,412,1481,540
1729.png,80,57,Smoke,1758,299,1838,356
1607.png,122,78,Smoke,807,472,929,550
1617.png,23,151,Smoke,1210,422,1233,573
1411.png,101,107,Smoke,635,446,736,553
0709.png,57,57,Smoke,1773,313,1830,370
0159.png,74,99,Smoke,665,435,739,534
0260.png,57,57,Smoke,1773,313,1830,370
0218.png,74,99,Smoke,666,431,740,530
1437.png,90,67,Smoke,816,487,906,554
1071.png,80,48,Smoke,414,514,494,562
1474.png,76,227,Smoke,1620,385,1696,612
0934.png,80,48,Smoke,414,514,494,562
0384.png,50,116,Smoke,1431,427,1481,543
1658.png,50,128,Smoke,1431,413,1481,541
1159.png,76,250,Smoke,1613,390,1689,640
0479.png,23,113,Smoke,1214,464,1237,577
0741.png,23,113,Smoke,1213,467,1236,580
1455.png,76,227,Smoke,1620,384,1696,611
1713.png,32,170,Smoke,966,380,998,550
1757.png,181,109,Smoke,1739,456,1920,565
1287.png,101,107,Smoke,635,446,736,553
1753.png,122,78,Smoke,814,475,936,553
0805.png,124,174,Smoke,1251,379,1375,553
0751.png,160,57,Smoke,580,501,740,558
1790.png,80,48,Smoke,414,514,494,562
1548.png,23,151,Smoke,1212,424,1235,575
0162.png,32,158,Smoke,962,387,994,545
0163.png,76,92,Smoke,1768,309,1844,401
1754.png,55,80,Smoke,546,424,601,504
1452.png,23,151,Smoke,1212,423,1235,574
0649.png,50,128,Smoke,1434,425,1484,553
0241.png,32,158,Smoke,962,387,994,545
1325.png,29,218,Smoke,1164,335,1193,553
0960.png,101,160,Smoke,812,383,913,543
0647.png,57,57,Smoke,1773,313,1830,370
1722.png,32,170,Smoke,966,382,998,552
0396.png,65,197,Smoke,1617,421,1682,618
1694.png,132,155,Smoke,1247,396,1379,551
0518.png,55,80,Smoke,546,424,601,504
1003.png,57,57,Smoke,1773,313,1830,370
1746.png,155,48,Smoke,1722,579,1877,627
1671.png,55,80,Smoke,546,424,601,504
0179.png,55,143,Smoke,445,384,500,527
0059.png,145,116,Smoke,1226,426,1371,542
0517.png,124,174,Smoke,1250,378,1374,552
1595.png,132,155,Smoke,1246,397,1378,552
1078.png,99,59,Smoke,1688,575,1787,634
1176.png,84,67,Smoke,1761,378,1845,445
0318.png,95,139,Smoke,822,409,917,548
0563.png,124,174,Smoke,1250,378,1374,552
0808.png,55,80,Smoke,546,424,601,504
0571.png,23,113,Smoke,1214,465,1237,578
0298.png,149,86,Smoke,1771,447,1920,533
0653.png,174,109,Smoke,1746,449,1920,558
1765.png,132,155,Smoke,1245,399,1377,554
0962.png,101,160,Smoke,812,383,913,543
0687.png,109,155,Smoke,811,394,920,549
0447.png,50,116,Smoke,1431,428,1481,544
1410.png,23,151,Smoke,1212,424,1235,575
1183.png,101,107,Smoke,635,446,736,553
1395.png,76,227,Smoke,1616,382,1692,609
0538.png,23,113,Smoke,1214,465,1237,578
0975.png,55,80,Smoke,546,424,601,504
1087.png,74,74,Smoke,1770,361,1844,435
1413.png,76,227,Smoke,1617,383,1693,610
0785.png,80,48,Smoke,414,514,494,562
0970.png,99,59,Smoke,1688,577,1787,636
1666.png,32,170,Smoke,966,378,998,548
1515.png,50,128,Smoke,1431,412,1481,540
1027.png,76,118,Smoke,1769,317,1845,435
1369.png,128,59,Smoke,1692,578,1820,637
0235.png,76,92,Smoke,1768,309,1844,401
1703.png,29,218,Smoke,1161,336,1190,554
0285.png,76,92,Smoke,1768,310,1844,402
0610.png,76,118,Smoke,1771,308,1847,426
0122.png,145,116,Smoke,1226,427,1371,543
1019.png,101,107,Smoke,636,446,737,553
0828.png,29,218,Smoke,1163,355,1192,573
1499.png,170,57,Smoke,563,499,733,556
0913.png,50,128,Smoke,1431,424,1481,552
0669.png,99,59,Smoke,1692,575,1791,634
1420.png,50,128,Smoke,1431,414,1481,542
0631.png,50,128,Smoke,1434,424,1484,552
0688.png,23,113,Smoke,1213,466,1236,579
1542.png,23,151,Smoke,1212,423,1235,574
1492.png,50,128,Smoke,1431,412,1481,540
1087.png,179,109,Smoke,1741,457,1920,566
0311.png,29,218,Smoke,1163,356,1192,574
0561.png,23,113,Smoke,1214,465,1237,578
0371.png,23,113,Smoke,1214,464,1237,577
0970.png,32,158,Smoke,962,381,994,539
1504.png,155,48,Smoke,1719,581,1874,629
0536.png,124,174,Smoke,1250,378,1374,552
0885.png,174,109,Smoke,1746,452,1920,561
0384.png,55,84,Smoke,450,460,505,544
1149.png,23,113,Smoke,1212,472,1235,585
0156.png,50,116,Smoke,1433,430,1483,546
0387.png,32,158,Smoke,962,387,994,545
1272.png,84,67,Smoke,1760,375,1844,442
1705.png,50,128,Smoke,1431,412,1481,540
0998.png,57,57,Smoke,1773,313,1830,370
0771.png,55,80,Smoke,546,424,601,504
0278.png,23,113,Smoke,1214,464,1237,577
1223.png,32,158,Smoke,963,376,995,534
1092.png,55,80,Smoke,546,424,601,504
0855.png,124,174,Smoke,1251,379,1375,553
1161.png,55,80,Smoke,546,424,601,504
0962.png,179,109,Smoke,1741,457,1920,566
0777.png,174,109,Smoke,1746,449,1920,558
0536.png,80,48,Smoke,415,514,495,562
1218.png,55,80,Smoke,546,424,601,504
1096.png,50,128,Smoke,1431,422,1481,550
0846.png,107,179,Smoke,815,369,922,548
0319.png,55,46,Smoke,552,484,607,530
0840.png,55,80,Smoke,546,424,601,504
0288.png,55,84,Smoke,449,460,504,544
0097.png,107,195,Smoke,1023,356,1130,551
1435.png,141,67,Smoke,1759,374,1900,441
1133.png,50,128,Smoke,1431,420,1481,548
0421.png,107,221,Smoke,1021,318,1128,539
1288.png,130,227,Smoke,1017,328,1147,555
0579.png,32,158,Smoke,962,389,994,547
0827.png,50,128,Smoke,1431,425,1481,553
0772.png,99,59,Smoke,1692,575,1791,634
0860.png,76,250,Smoke,1615,392,1691,642
0548.png,97,120,Smoke,647,425,744,545
1043.png,99,59,Smoke,1686,577,1785,636
1033.png,179,109,Smoke,1741,458,1920,567
1334.png,50,128,Smoke,1431,418,1481,546
1411.png,130,227,Smoke,1023,324,1153,551
0279.png,65,197,Smoke,1617,422,1682,619
0962.png,55,80,Smoke,546,424,601,504
0152.png,95,176,Smoke,818,375,913,551
0710.png,111,221,Smoke,1020,323,1131,544
1505.png,55,80,Smoke,546,424,601,504
1434.png,50,128,Smoke,1431,414,1481,542
1268.png,124,174,Smoke,1255,377,1379,551
0482.png,32,158,Smoke,962,386,994,544
0393.png,124,174,Smoke,1250,378,1374,552
0390.png,76,92,Smoke,1768,310,1844,402
1219.png,50,128,Smoke,1430,421,1480,549
1754.png,23,151,Smoke,1215,416,1238,567
1557.png,50,128,Smoke,1431,411,1481,539
0072.png,23,113,Smoke,1214,464,1237,577
0511.png,97,120,Smoke,646,424,743,544
0653.png,76,118,Smoke,1771,305,1847,423
0413.png,29,218,Smoke,1162,357,1191,575
0871.png,99,59,Smoke,1688,578,1787,637
1771.png,23,151,Smoke,1215,416,1238,567
0347.png,23,113,Smoke,1214,464,1237,577
0991.png,179,109,Smoke,1741,455,1920,564
0865.png,29,218,Smoke,1163,355,1192,573
0559.png,32,158,Smoke,962,389,994,547
1459.png,141,67,Smoke,1757,374,1898,441
1038.png,50,128,Smoke,1431,422,1481,550
1062.png,97,151,Smoke,813,393,910,544
0574.png,76,118,Smoke,1770,307,1846,425
0973.png,29,218,Smoke,1163,353,1192,571
0593.png,76,118,Smoke,1770,308,1846,426
1021.png,179,109,Smoke,1741,458,1920,567
1294.png,99,59,Smoke,1689,574,1788,633
0025.png,57,57,Smoke,1773,313,1830,370
1717.png,181,109,Smoke,1739,456,1920,565
1372.png,90,67,Smoke,815,490,905,557
0076.png,32,158,Smoke,961,388,993,546
0253.png,50,116,Smoke,1431,428,1481,544
1441.png,57,57,Smoke,1758,305,1815,362
0942.png,23,113,Smoke,1214,468,1237,581
1470.png,55,80,Smoke,546,424,601,504
0789.png,76,118,Smoke,1772,302,1848,420
1645.png,55,80,Smoke,546,424,601,504
0849.png,111,233,Smoke,1020,320,1131,553
1419.png,29,218,Smoke,1164,333,1193,551
0598.png,99,59,Smoke,1692,576,1791,635
0114.png,147,97,Smoke,1773,457,1920,554
1529.png,50,128,Smoke,1431,413,1481,541
1366.png,29,218,Smoke,1164,337,1193,555
0931.png,50,128,Smoke,1431,424,1481,552
1673.png,122,78,Smoke,811,474,933,552
1151.png,101,107,Smoke,635,446,736,553
1304.png,84,67,Smoke,1760,375,1844,442
0735.png,76,118,Smoke,1771,303,1847,421
0552.png,57,57,Smoke,1773,313,1830,370
1308.png,124,174,Smoke,1255,377,1379,551
1131.png,99,59,Smoke,1688,574,1787,633
1666.png,80,57,Smoke,1760,301,1840,358
0766.png,76,118,Smoke,1771,302,1847,420
1030.png,76,118,Smoke,1769,317,1845,435
1281.png,90,67,Smoke,815,493,905,560
1667.png,155,48,Smoke,1722,579,1877,627
0725.png,76,118,Smoke,1772,304,1848,422
0501.png,97,120,Smoke,646,424,743,544
0410.png,57,57,Smoke,1773,313,1830,370
0196.png,55,97,Smoke,450,445,505,542
1740.png,55,80,Smoke,546,424,601,504
1244.png,97,82,Smoke,815,460,912,542
1435.png,76,227,Smoke,1619,384,1695,611
0738.png,55,80,Smoke,546,424,601,504
1683.png,155,48,Smoke,1722,579,1877,627
0157.png,57,48,Smoke,1704,577,1761,625
1045.png,74,74,Smoke,1769,361,1843,435
1112.png,111,246,Smoke,1031,308,1142,554
0152.png,148,97,Smoke,1772,450,1920,547
1529.png,76,227,Smoke,1621,384,1697,611
0863.png,76,250,Smoke,1615,392,1691,642
0292.png,32,158,Smoke,962,387,994,545
0761.png,109,179,Smoke,813,368,922,547
1673.png,155,48,Smoke,1722,579,1877,627
1073.png,99,59,Smoke,1688,575,1787,634
0218.png,141,147,Smoke,1231,408,1372,555
1055.png,23,113,Smoke,1214,468,1237,581
0552.png,124,174,Smoke,1250,378,1374,552
0444.png,23,113,Smoke,1214,464,1237,577
1397.png,181,109,Smoke,1739,457,1920,566
0640.png,109,155,Smoke,809,395,918,550
0807.png,55,80,Smoke,546,424,601,504
1702.png,50,128,Smoke,1431,412,1481,540
1658.png,155,48,Smoke,1722,579,1877,627
1712.png,128,246,Smoke,1022,315,1150,561
0357.png,65,197,Smoke,1617,424,1682,621
0185.png,146,97,Smoke,1774,449,1920,546
0600.png,124,174,Smoke,1251,377,1375,551
1653.png,76,227,Smoke,1623,382,1699,609
0399.png,57,57,Smoke,1773,313,1830,370
1330.png,32,170,Smoke,962,378,994,548
0201.png,74,99,Smoke,666,431,740,530
1462.png,130,227,Smoke,1024,322,1154,549
0762.png,55,80,Smoke,546,424,601,504
0817.png,76,118,Smoke,1772,302,1848,420
0344.png,29,218,Smoke,1163,358,1192,576
1432.png,130,227,Smoke,1023,321,1153,548
1251.png,50,128,Smoke,1431,417,1481,545
1724.png,55,80,Smoke,546,424,601,504
0210.png,95,176,Smoke,819,377,914,553
0400.png,55,80,Smoke,546,421,601,501
0548.png,107,221,Smoke,1026,319,1133,540
1411.png,141,67,Smoke,1759,374,1900,441
0677.png,57,57,Smoke,1773,313,1830,370
1721.png,76,227,Smoke,1623,382,1699,609
0281.png,69,86,Smoke,670,443,739,529
0995.png,101,168,Smoke,813,378,914,546
1221.png,101,107,Smoke,635,446,736,553
0420.png,50,116,Smoke,1431,428,1481,544
0717.png,32,158,Smoke,963,387,995,545
0367.png,55,84,Smoke,450,460,505,544
1520.png,155,48,Smoke,1721,581,1876,629
0606.png,76,118,Smoke,1770,308,1846,426
1450.png,130,227,Smoke,1023,323,1153,550
0989.png,76,118,Smoke,1769,316,1845,434
0728.png,76,118,Smoke,1771,304,1847,422
1533.png,132,155,Smoke,1247,398,1379,553
0056.png,34,116,Smoke,1433,432,1467,548
0454.png,55,84,Smoke,450,460,505,544
0400.png,55,84,Smoke,450,460,505,544
0044.png,95,176,Smoke,807,380,902,556
1108.png,50,128,Smoke,1431,422,1481,550
1541.png,141,67,Smoke,1757,376,1898,443
0984.png,23,113,Smoke,1214,467,1237,580
0653.png,109,155,Smoke,810,394,919,549
1309.png,90,67,Smoke,815,491,905,558
1727.png,80,48,Smoke,414,514,494,562
1251.png,23,113,Smoke,1213,466,1236,579
0607.png,169,109,Smoke,1751,450,1920,559
0636.png,55,80,Smoke,546,424,601,504
1544.png,76,227,Smoke,1621,383,1697,610
0731.png,99,59,Smoke,1692,576,1791,635
0922.png,32,158,Smoke,962,381,994,539
0514.png,55,80,Smoke,546,424,601,504
1397.png,101,107,Smoke,635,446,736,553
0317.png,76,95,Smoke,665,435,741,530
0469.png,69,59,Smoke,1689,578,1758,637
0291.png,50,116,Smoke,1431,428,1481,544
1547.png,76,227,Smoke,1621,382,1697,609
0651.png,76,118,Smoke,1771,305,1847,423
1644.png,80,48,Smoke,414,514,494,562
0707.png,80,48,Smoke,414,514,494,562
0175.png,95,176,Smoke,818,375,913,551
0683.png,65,250,Smoke,1620,397,1685,647
0501.png,55,80,Smoke,546,424,601,504
0561.png,23,113,Smoke,1214,465,1237,578
0134.png,76,92,Smoke,1768,309,1844,401
1195.png,50,128,Smoke,1431,420,1481,548
0977.png,76,250,Smoke,1615,390,1691,640
0221.png,69,59,Smoke,1691,577,1760,636
0098.png,23,113,Smoke,1214,464,1237,577
0064.png,95,176,Smoke,818,378,913,554
1519.png,181,109,Smoke,1739,457,1920,566
0887.png,32,158,Smoke,963,384,995,542
0085.png,65,197,Smoke,1618,422,1683,619
0315.png,50,116,Smoke,1431,427,1481,543
1700.png,76,227,Smoke,1622,382,1698,609
0446.png,69,59,Smoke,1689,578,1758,637
1446.png,29,218,Smoke,1164,335,1193,553
0995.png,76,250,Smoke,1615,390,1691,640
0970.png,179,109,Smoke,1741,457,1920,566
0906.png,80,48,Smoke,414,514,494,562
0686.png,149,57,Smoke,591,500,740,557
0275.png,23,113,Smoke,1214,464,1237,577
1562.png,155,48,Smoke,1722,583,1877,631
0175.png,145,116,Smoke,1226,427,1371,543
0447.png,86,107,Smoke,657,432,743,539
1349.png,128,59,Smoke,1692,578,1820,637
0477.png,80,48,Smoke,423,504,503,552
1320.png,55,80,Smoke,546,424,601,504
0815.png,111,233,Smoke,1020,321,1131,554
0875.png,76,250,Smoke,1614,392,1690,642
0609.png,97,120,Smoke,647,430,744,550
1051.png,32,158,Smoke,962,382,994,540
0280.png,149,86,Smoke,1771,450,1920,536
0434.png,107,221,Smoke,1021,317,1128,538
1466.png,76,227,Smoke,1620,383,1696,610
0955.png,111,233,Smoke,1027,317,1138,550
0001.png,65,197,Smoke,1582,422,1647,619
0730.png,124,174,Smoke,1251,378,1375,552
0073.png,76,92,Smoke,1769,309,1845,401
0072.png,48,34,Smoke,559,483,607,517
0064.png,65,197,Smoke,1617,423,1682,620
0548.png,55,80,Smoke,546,424,601,504
0808.png,23,113,Smoke,1214,469,1237,582
0503.png,23,113,Smoke,1214,464,1237,577
0039.png,74,99,Smoke,645,447,719,546
0789.png,50,128,Smoke,1431,425,1481,553
1596.png,80,57,Smoke,1763,302,1843,359
0351.png,65,197,Smoke,1617,422,1682,619
0161.png,76,92,Smoke,1768,310,1844,402
0102.png,48,34,Smoke,559,483,607,517
0635.png,55,80,Smoke,546,424,601,504
0438.png,69,59,Smoke,1690,578,1759,637
1218.png,99,59,Smoke,1687,574,1786,633
0578.png,109,155,Smoke,809,395,918,550
0593.png,97,120,Smoke,647,430,744,550
1547.png,183,109,Smoke,1737,457,1920,566
1173.png,57,57,Smoke,1773,313,1830,370
1553.png,130,227,Smoke,1025,312,1155,539
0727.png,76,250,Smoke,1611,394,1687,644
0301.png,55,46,Smoke,552,484,607,530
0169.png,107,195,Smoke,1021,350,1128,545
0797.png,174,109,Smoke,1746,449,1920,558
0025.png,76,92,Smoke,1734,312,1810,404
1445.png,50,128,Smoke,1431,412,1481,540
0451.png,107,221,Smoke,1023,318,1130,539
1446.png,130,227,Smoke,1023,323,1153,550
0701.png,124,174,Smoke,1251,378,1375,552
0762.png,160,57,Smoke,580,501,740,558
0788.png,111,233,Smoke,1019,321,1130,554
1752.png,132,155,Smoke,1246,399,1378,554
1121.png,23,113,Smoke,1214,470,1237,583
0653.png,50,128,Smoke,1434,425,1484,553
1149.png,97,151,Smoke,815,393,912,544
1419.png,90,67,Smoke,816,489,906,556
1095.png,179,109,Smoke,1741,458,1920,567
1075.png,124,174,Smoke,1253,377,1377,551
0368.png,124,174,Smoke,1251,378,1375,552
0058.png,151,97,Smoke,1769,459,1920,556
0262.png,50,116,Smoke,1431,428,1481,544
1339.png,57,57,Smoke,1773,313,1830,370
1747.png,32,170,Smoke,966,382,998,552
0694.png,124,174,Smoke,1251,378,1375,552
1797.png,122,78,Smoke,814,476,936,554
1327.png,130,227,Smoke,1020,323,1150,550
0568.png,32,158,Smoke,962,389,994,547
1211.png,23,113,Smoke,1213,469,1236,582
1518.png,132,155,Smoke,1247,398,1379,553
1050.png,97,151,Smoke,813,392,910,543
1544.png,141,67,Smoke,1757,376,1898,443
0379.png,57,57,Smoke,1773,313,1830,370
1019.png,80,48,Smoke,414,514,494,562
0213.png,144,86,Smoke,1776,459,1920,545
0276.png,32,158,Smoke,962,387,994,545
0041.png,65,197,Smoke,1602,422,1667,619
1121.png,55,80,Smoke,546,424,601,504
1566.png,76,227,Smoke,1621,383,1697,610
0488.png,80,48,Smoke,423,504,503,552
0787.png,76,118,Smoke,1772,302,1848,420
1379.png,29,218,Smoke,1164,337,1193,555
1027.png,32,158,Smoke,962,381,994,539
1786.png,132,155,Smoke,1245,399,1377,554
0185.png,76,92,Smoke,1768,309,1844,401
1690.png,80,48,Smoke,414,514,494,562
1021.png,101,107,Smoke,636,446,737,553
1495.png,155,48,Smoke,1719,581,1874,629
0546.png,95,155,Smoke,825,394,920,549
0230.png,69,59,Smoke,1691,577,1760,636
0376.png,29,218,Smoke,1163,357,1192,575
0634.png,111,221,Smoke,1020,323,1131,544
0292.png,55,46,Smoke,552,484,607,530
1698.png,55,80,Smoke,546,424,601,504
1102.png,57,57,Smoke,1773,313,1830,370
0320.png,55,46,Smoke,552,484,607,530
1291.png,124,174,Smoke,1255,377,1379,551
0872.png,55,80,Smoke,546,424,601,504
1514.png,132,155,Smoke,1247,398,1379,553
1034.png,29,218,Smoke,1163,353,1192,571
1361.png,55,80,Smoke,546,424,601,504
1366.png,128,59,Smoke,1691,577,1819,636
1433.png,132,155,Smoke,1247,396,1379,551
1553.png,80,48,Smoke,414,514,494,562
0138.png,107,195,Smoke,1022,350,1129,545
0920.png,29,218,Smoke,1163,355,1192,573
0330.png,50,116,Smoke,1431,427,1481,543
1258.png,124,174,Smoke,1255,377,1379,551
0354.png,142,113,Smoke,1778,444,1920,557
1303.png,90,67,Smoke,815,492,905,559
0320.png,69,59,Smoke,1690,578,1759,637
0349.png,65,197,Smoke,1617,422,1682,619
0734.png,50,128,Smoke,1432,424,1482,552
1675.png,23,151,Smoke,1210,422,1233,573
0254.png,140,86,Smoke,1780,456,1920,542
0712.png,55,80,Smoke,546,424,601,504
0746.png,76,250,Smoke,1609,393,1685,643
1612.png,29,218,Smoke,1162,337,1191,555
1151.png,57,57,Smoke,1773,313,1830,370
0718.png,111,221,Smoke,1020,323,1131,544
0925.png,23,113,Smoke,1214,466,1237,579
0668.png,29,218,Smoke,1163,358,1192,576
0224.png,55,84,Smoke,450,459,505,543
0112.png,32,158,Smoke,962,387,994,545
0178.png,145,116,Smoke,1226,427,1371,543
1772.png,99,55,Smoke,642,499,741,554
0839.png,76,118,Smoke,1771,317,1847,435
1512.png,103,55,Smoke,819,503,922,558
1657.png,23,151,Smoke,1210,422,1233,573
1032.png,179,109,Smoke,1741,458,1920,567
1177.png,124,174,Smoke,1254,377,1378,551
1204.png,29,218,Smoke,1164,333,1193,551
0709.png,109,179,Smoke,813,368,922,547
0104.png,55,143,Smoke,446,386,501,529
0742.png,76,118,Smoke,1771,303,1847,421
0355.png,50,116,Smoke,1431,426,1481,542
1070.png,179,109,Smoke,1741,457,1920,566
0189.png,65,197,Smoke,1617,422,1682,619
1163.png,124,174,Smoke,1254,377,1378,551
0423.png,57,57,Smoke,1773,313,1830,370
0711.png,111,221,Smoke,1020,322,1131,543
0995.png,55,80,Smoke,546,424,601,504
1759.png,132,155,Smoke,1246,398,1378,553
1206.png,101,107,Smoke,635,446,736,553
0321.png,124,174,Smoke,1250,378,1374,552
0472.png,57,57,Smoke,1773,313,1830,370
0036.png,151,97,Smoke,1754,462,1905,559
1424.png,55,80,Smoke,546,424,601,504
0168.png,55,143,Smoke,445,385,500,528
1450.png,155,48,Smoke,1717,579,1872,627
1131.png,80,48,Smoke,414,514,494,562
1701.png,76,227,Smoke,1623,382,1699,609
1188.png,76,250,Smoke,1613,390,1689,640
0521.png,124,174,Smoke,1250,378,1374,552
1365.png,181,109,Smoke,1739,459,1920,568
1320.png,80,48,Smoke,414,514,494,562
0603.png,65,218,Smoke,1620,397,1685,615
1178.png,80,48,Smoke,414,514,494,562
0999.png,57,57,Smoke,1773,313,1830,370
0626.png,109,155,Smoke,809,395,918,550
1299.png,76,250,Smoke,1617,385,1693,635
1489.png,32,170,Smoke,962,373,994,543
0875.png,143,71,Smoke,594,483,737,554
1553.png,32,170,Smoke,962,373,994,543
0695.png,29,218,Smoke,1163,359,1192,577
0835.png,111,233,Smoke,1019,321,1130,554
1118.png,23,113,Smoke,1214,470,1237,583
0859.png,29,218,Smoke,1163,355,1192,573
0191.png,23,113,Smoke,1214,464,1237,577
0316.png,124,174,Smoke,1250,378,1374,552
1488.png,80,48,Smoke,414,514,494,562
1598.png,80,48,Smoke,414,514,494,562
0989.png,76,250,Smoke,1615,388,1691,638
0377.png,86,107,Smoke,655,433,741,540
1799.png,76,258,Smoke,1625,384,1701,642
0584.png,76,118,Smoke,1770,307,1846,425
0231.png,69,59,Smoke,1691,577,1760,636
1694.png,23,151,Smoke,1210,419,1233,570
1448.png,29,218,Smoke,1164,335,1193,553
0432.png,50,116,Smoke,1431,428,1481,544
0480.png,76,118,Smoke,1771,308,1847,426
0714.png,80,48,Smoke,414,514,494,562
0598.png,23,113,Smoke,1214,465,1237,578
0698.png,76,118,Smoke,1773,304,1849,422
0648.png,99,59,Smoke,1692,575,1791,634
1145.png,32,158,Smoke,963,376,995,534
1253.png,57,57,Smoke,1773,313,1830,370
1543.png,132,155,Smoke,1247,398,1379,553
0866.png,23,113,Smoke,1214,470,1237,583
0545.png,124,174,Smoke,1250,378,1374,552
0522.png,95,155,Smoke,824,394,919,549
0328.png,57,57,Smoke,1773,313,1830,370
1276.png,57,57,Smoke,1773,313,1830,370
0901.png,55,80,Smoke,546,424,601,504
0094.png,95,176,Smoke,818,375,913,551
0137.png,55,143,Smoke,445,386,500,529
1677.png,141,67,Smoke,1760,376,1901,443
0478.png,142,109,Smoke,1778,446,1920,555
0830.png,111,233,Smoke,1019,321,1130,554
0660.png,109,155,Smoke,810,394,919,549
1167.png,57,57,Smoke,1773,313,1830,370
1065.png,111,246,Smoke,1029,310,1140,556
0009.png,76,92,Smoke,1734,309,1810,401
0408.png,65,197,Smoke,1617,422,1682,619
1252.png,101,107,Smoke,635,446,736,553
1243.png,29,218,Smoke,1164,337,1193,555
0331.png,55,84,Smoke,450,460,505,544
0454.png,69,59,Smoke,1689,578,1758,637
0034.png,107,195,Smoke,1000,357,1107,552
1306.png,57,57,Smoke,1773,313,1830,370
1354.png,128,59,Smoke,1692,577,1820,636
0062.png,55,143,Smoke,446,387,501,530
0941.png,143,95,Smoke,595,461,738,556
1691.png,155,48,Smoke,1722,579,1877,627
0552.png,95,155,Smoke,824,394,919,549
1120.png,76,250,Smoke,1615,390,1691,640
1206.png,97,151,Smoke,816,392,913,543
0048.png,107,195,Smoke,1016,356,1123,551
0467.png,57,57,Smoke,1773,313,1830,370
1722.png,99,55,Smoke,642,498,741,553
0867.png,55,80,Smoke,546,424,601,504
1436.png,130,227,Smoke,1023,321,1153,548
0755.png,99,59,Smoke,1692,575,1791,634
0140.png,95,176,Smoke,818,376,913,552
0493.png,124,174,Smoke,1251,378,1375,552
1006.png,76,118,Smoke,1769,317,1845,435
0614.png,76,118,Smoke,1771,308,1847,426
0881.png,99,59,Smoke,1688,578,1787,637
1297.png,101,107,Smoke,635,446,736,553
1519.png,141,67,Smoke,1757,376,1898,443
0123.png,55,143,Smoke,445,386,500,529
1325.png,179,109,Smoke,1741,458,1920,567
1705.png,128,246,Smoke,1022,312,1150,558
1575.png,76,227,Smoke,1621,384,1697,611
1260.png,50,128,Smoke,1431,417,1481,545
0236.png,29,218,Smoke,1161,367,1190,585
0717.png,124,174,Smoke,1251,378,1375,552
1702.png,76,227,Smoke,1623,382,1699,609
0997.png,80,48,Smoke,414,514,494,562
1729.png,141,67,Smoke,1759,372,1900,439
0392.png,69,59,Smoke,1691,579,1760,638
1732.png,99,55,Smoke,642,498,741,553
0544.png,76,118,Smoke,1771,309,1847,427
0429.png,124,174,Smoke,1250,378,1374,552
1081.png,111,246,Smoke,1029,309,1140,555
1744.png,80,57,Smoke,1759,299,1839,356
1275.png,99,59,Smoke,1689,574,1788,633
1175.png,111,246,Smoke,1031,307,1142,553
0460.png,50,116,Smoke,1431,428,1481,544
1105.png,29,218,Smoke,1164,331,1193,549
1421.png,181,109,Smoke,1739,457,1920,566
1281.png,179,109,Smoke,1741,458,1920,567
1554.png,76,227,Smoke,1621,385,1697,612
0678.png,80,48,Smoke,414,514,494,562
0292.png,148,86,Smoke,1772,447,1920,533
1277.png,101,107,Smoke,635,446,736,553
1010.png,23,113,Smoke,1214,466,1237,579
1702.png,141,67,Smoke,1761,372,1902,439
0925.png,50,128,Smoke,1431,424,1481,552
0840.png,76,118,Smoke,1771,316,1847,434
1122.png,124,174,Smoke,1254,377,1378,551
0608.png,109,155,Smoke,810,395,919,550
1773.png,122,78,Smoke,814,476,936,554
1598.png,130,227,Smoke,1026,309,1156,536
0761.png,99,59,Smoke,1692,576,1791,635
0106.png,76,92,Smoke,1768,309,1844,401
0132.png,32,158,Smoke,962,387,994,545
1729.png,122,78,Smoke,813,473,935,551
0336.png,50,116,Smoke,1431,426,1481,542
0993.png,32,158,Smoke,962,381,994,539
1691.png,32,170,Smoke,966,380,998,550
0941.png,76,250,Smoke,1614,388,1690,638
0558.png,23,113,Smoke,1214,465,1237,578
1449.png,50,128,Smoke,1431,412,1481,540
0871.png,23,113,Smoke,1214,470,1237,583
1226.png,57,57,Smoke,1773,313,1830,370
0835.png,32,158,Smoke,963,386,995,544
0062.png,57,57,Smoke,1773,313,1830,370
1397.png,32,170,Smoke,962,375,994,545
0425.png,143,113,Smoke,1777,445,1920,558
0422.png,107,221,Smoke,1021,318,1128,539
0450.png,29,218,Smoke,1163,357,1192,575
0924.png,101,160,Smoke,813,385,914,545
1470.png,180,109,Smoke,1740,457,1920,566
1716.png,132,155,Smoke,1246,397,1378,552
0979.png,50,128,Smoke,1431,425,1481,553
1588.png,141,67,Smoke,1759,377,1900,444
1389.png,57,57,Smoke,1754,305,1811,362
1548.png,57,57,Smoke,1761,304,1818,361
0761.png,55,80,Smoke,546,424,601,504
1618.png,141,67,Smoke,1760,377,1901,444
0748.png,29,218,Smoke,1163,355,1192,573
0961.png,76,118,Smoke,1769,316,1845,434
0901.png,29,218,Smoke,1163,353,1192,571
1443.png,76,227,Smoke,1620,384,1696,611
0666.png,50,128,Smoke,1433,426,1483,554
1271.png,50,128,Smoke,1431,417,1481,545
1320.png,32,170,Smoke,962,378,994,548
0058.png,107,195,Smoke,1022,355,1129,550
1478.png,76,227,Smoke,1620,383,1696,610
1310.png,99,59,Smoke,1689,574,1788,633
1643.png,132,155,Smoke,1246,397,1378,552
0944.png,124,174,Smoke,1253,379,1377,553
0959.png,57,57,Smoke,1773,313,1830,370
1646.png,55,80,Smoke,546,424,601,504
1571.png,23,151,Smoke,1212,422,1235,573
1176.png,50,128,Smoke,1431,420,1481,548
1396.png,155,48,Smoke,1718,577,1873,625
1581.png,57,57,Smoke,1761,304,1818,361
0348.png,95,139,Smoke,821,409,916,548
0618.png,29,218,Smoke,1163,357,1192,575
0220.png,141,147,Smoke,1231,408,1372,555
0308.png,55,84,Smoke,450,460,505,544
1667.png,141,67,Smoke,1759,373,1900,440
1294.png,90,67,Smoke,815,492,905,559
1106.png,80,48,Smoke,414,514,494,562
1703.png,132,155,Smoke,1246,397,1378,552
0198.png,141,147,Smoke,1231,408,1372,555
1234.png,84,67,Smoke,1761,376,1845,443
1278.png,29,218,Smoke,1164,335,1193,553
1797.png,181,109,Smoke,1739,458,1920,567
0633.png,99,59,Smoke,1692,575,1791,634
0599.png,169,109,Smoke,1751,450,1920,559
1089.png,101,107,Smoke,635,446,736,553
1411.png,80,48,Smoke,414,514,494,562
1722.png,76,227,Smoke,1623,382,1699,609
0446.png,23,113,Smoke,1214,464,1237,577
0705.png,57,57,Smoke,1773,313,1830,370
1555.png,80,48,Smoke,414,514,494,562
0012.png,76,92,Smoke,1733,310,1809,402
0099.png,57,57,Smoke,1773,313,1830,370
0025.png,48,34,Smoke,559,483,607,517
0708.png,65,250,Smoke,1622,395,1687,645
0658.png,32,158,Smoke,963,389,995,547
0932.png,32,158,Smoke,962,381,994,539
1173.png,50,128,Smoke,1431,420,1481,548
0753.png,111,221,Smoke,1019,321,1130,542
0235.png,141,147,Smoke,1231,408,1372,555
1200.png,23,113,Smoke,1213,469,1236,582
1072.png,76,250,Smoke,1615,389,1691,639
0448.png,23,113,Smoke,1214,464,1237,577
0812.png,174,109,Smoke,1746,450,1920,559
0654.png,124,174,Smoke,1250,378,1374,552
0882.png,50,128,Smoke,1431,425,1481,553
0637.png,111,221,Smoke,1020,322,1131,543
0698.png,99,59,Smoke,1692,576,1791,635
0578.png,97,120,Smoke,647,425,744,545
0371.png,55,46,Smoke,552,484,607,530
1154.png,124,174,Smoke,1254,377,1378,551
0782.png,174,109,Smoke,1746,449,1920,558
1558.png,76,227,Smoke,1621,385,1697,612
0211.png,69,59,Smoke,1691,577,1760,636
1062.png,50,128,Smoke,1431,422,1481,550
1395.png,55,80,Smoke,546,424,601,504
0044.png,48,34,Smoke,559,483,607,517
0595.png,109,155,Smoke,809,395,918,550
0990.png,57,57,Smoke,1773,313,1830,370
1032.png,80,48,Smoke,414,514,494,562
0036.png,23,113,Smoke,1214,464,1237,577
1089.png,111,246,Smoke,1029,309,1140,555
1067.png,99,59,Smoke,1687,575,1786,634
0785.png,29,218,Smoke,1163,355,1192,573
0837.png,111,233,Smoke,1019,321,1130,554
1720.png,29,218,Smoke,1161,334,1190,552
1356.png,80,48,Smoke,414,514,494,562
0507.png,23,113,Smoke,1214,464,1237,577
0333.png,29,218,Smoke,1163,358,1192,576
0067.png,57,48,Smoke,1703,578,1760,626
1284.png,90,67,Smoke,815,494,905,561
0416.png,124,174,Smoke,1251,378,1375,552
0212.png,69,59,Smoke,1691,577,1760,636
0779.png,55,80,Smoke,546,424,601,504
1784.png,180,109,Smoke,1740,458,1920,567
1441.png,101,107,Smoke,635,446,736,553
1094.png,179,109,Smoke,1741,457,1920,566
1238.png,76,250,Smoke,1614,389,1690,639
0339.png,57,57,Smoke,1773,313,1830,370
0674.png,99,59,Smoke,1692,576,1791,635
0416.png,107,221,Smoke,1021,317,1128,538
1700.png,132,155,Smoke,1246,397,1378,552
1621.png,181,109,Smoke,1739,458,1920,567
1489.png,155,48,Smoke,1719,581,1874,629
0349.png,95,139,Smoke,821,408,916,547
1276.png,101,107,Smoke,635,446,736,553
1132.png,76,250,Smoke,1614,390,1690,640
1108.png,111,246,Smoke,1031,307,1142,553
0730.png,80,48,Smoke,414,514,494,562
1033.png,99,59,Smoke,1687,578,1786,637
0490.png,65,197,Smoke,1617,420,1682,617
1015.png,101,107,Smoke,636,446,737,553
1469.png,141,67,Smoke,1758,374,1899,441
0822.png,111,233,Smoke,1019,321,1130,554
1611.png,141,67,Smoke,1759,377,1900,444
0900.png,32,158,Smoke,963,380,995,538
1272.png,124,174,Smoke,1255,377,1379,551
1524.png,132,155,Smoke,1247,398,1379,553
1110.png,32,158,Smoke,963,376,995,534
0414.png,76,105,Smoke,1769,311,1845,416
0294.png,55,46,Smoke,552,484,607,530
1405.png,80,48,Smoke,414,514,494,562
0178.png,65,197,Smoke,1617,421,1682,618
1348.png,101,107,Smoke,635,446,736,553
0800.png,76,250,Smoke,1615,394,1691,644
0134.png,65,197,Smoke,1617,421,1682,618
1550.png,111,76,Smoke,813,477,924,553
0826.png,23,113,Smoke,1214,469,1237,582
1414.png,23,151,Smoke,1212,423,1235,574
0221.png,107,221,Smoke,1021,325,1128,546
0707.png,29,218,Smoke,1163,357,1192,575
1716.png,29,218,Smoke,1161,336,1190,554
1292.png,76,250,Smoke,1616,385,1692,635
1364.png,29,218,Smoke,1164,337,1193,555
0988.png,55,80,Smoke,546,424,601,504
1100.png,179,109,Smoke,1741,458,1920,567
1648.png,141,67,Smoke,1759,374,1900,441
1738.png,128,246,Smoke,1025,319,1153,565
0684.png,50,128,Smoke,1434,423,1484,551
0337.png,57,57,Smoke,1773,313,1830,370
0028.png,74,99,Smoke,632,446,706,545
1135.png,124,174,Smoke,1254,377,1378,551
0909.png,124,174,Smoke,1252,379,1376,553
1082.png,29,218,Smoke,1164,331,1193,549
0782.png,109,179,Smoke,813,367,922,546
1567.png,113,57,Smoke,625,497,738,554
1031.png,111,233,Smoke,1027,311,1138,544
0999.png,111,233,Smoke,1027,313,1138,546
1154.png,101,107,Smoke,635,446,736,553
0311.png,76,92,Smoke,1768,310,1844,402
1086.png,80,48,Smoke,414,514,494,562
1222.png,99,59,Smoke,1687,574,1786,633
0298.png,55,84,Smoke,451,459,506,543
0995.png,32,158,Smoke,962,381,994,539
1459.png,76,227,Smoke,1620,384,1696,611
0447.png,95,139,Smoke,820,402,915,541
1069.png,80,48,Smoke,414,514,494,562
1286.png,80,48,Smoke,414,514,494,562
0557.png,80,48,Smoke,415,514,495,562
0834.png,32,158,Smoke,963,386,995,544
0931.png,32,158,Smoke,962,381,994,539
0920.png,23,113,Smoke,1214,466,1237,579
0751.png,55,80,Smoke,546,424,601,504
0891.png,76,118,Smoke,1770,317,1846,435
1295.png,179,109,Smoke,1741,458,1920,567
1221.png,50,128,Smoke,1431,420,1481,548
0620.png,55,80,Smoke,546,424,601,504
0236.png,69,86,Smoke,670,444,739,530
1513.png,155,48,Smoke,1719,581,1874,629
1436.png,101,107,Smoke,635,446,736,553
1243.png,84,67,Smoke,1760,375,1844,442
0529.png,161,109,Smoke,1759,448,1920,557
0931.png,57,57,Smoke,1773,313,1830,370
0211.png,32,158,Smoke,962,387,994,545
0968.png,23,113,Smoke,1214,468,1237,581
1713.png,80,57,Smoke,1759,301,1839,358
1758.png,180,109,Smoke,1740,456,1920,565
0016.png,151,97,Smoke,1740,462,1891,559
0790.png,80,48,Smoke,414,514,494,562
0702.png,65,250,Smoke,1622,395,1687,645
0816.png,29,218,Smoke,1163,355,1192,573
1420.png,155,48,Smoke,1718,577,1873,625
1252.png,32,158,Smoke,963,376,995,534
0613.png,76,118,Smoke,1771,308,1847,426
0727.png,174,109,Smoke,1746,449,1920,558
1026.png,29,218,Smoke,1163,353,1192,571
0803.png,32,158,Smoke,963,386,995,544
1340.png,23,151,Smoke,1212,425,1235,576
0723.png,29,218,Smoke,1163,357,1192,575
0904.png,80,48,Smoke,414,514,494,562
1365.png,124,174,Smoke,1256,377,1380,551
1422.png,80,48,Smoke,414,514,494,562
1230.png,23,113,Smoke,1213,467,1236,580
0603.png,29,218,Smoke,1163,355,1192,573
1517.png,80,48,Smoke,414,514,494,562
0748.png,55,80,Smoke,546,424,601,504
1498.png,155,48,Smoke,1719,581,1874,629
1400.png,90,67,Smoke,816,489,906,556
0421.png,65,197,Smoke,1617,422,1682,619
0020.png,32,158,Smoke,928,389,960,547
0651.png,174,109,Smoke,1746,449,1920,558
1257.png,32,158,Smoke,963,376,995,534
1026.png,57,57,Smoke,1773,313,1830,370
0741.png,50,128,Smoke,1432,424,1482,552
0630.png,50,128,Smoke,1434,424,1484,552
0044.png,107,195,Smoke,1011,356,1118,551
0180.png,55,143,Smoke,445,384,500,527
1659.png,128,246,Smoke,1017,311,1145,557
1663.png,80,48,Smoke,414,514,494,562
0607.png,32,158,Smoke,962,389,994,547
0280.png,69,86,Smoke,670,443,739,529
0019.png,48,34,Smoke,559,483,607,517
0318.png,107,221,Smoke,1021,321,1128,542
0569.png,55,80,Smoke,546,424,601,504
0827.png,99,59,Smoke,1690,577,1789,636
0710.png,80,48,Smoke,414,514,494,562
0437.png,76,118,Smoke,1771,311,1847,429
1555.png,132,155,Smoke,1247,397,1379,552
0483.png,76,118,Smoke,1771,309,1847,427
1597.png,132,155,Smoke,1246,397,1378,552
1368.png,23,151,Smoke,1212,423,1235,574
0640.png,57,57,Smoke,1773,313,1830,370
0262.png,57,57,Smoke,1773,313,1830,370
1174.png,55,80,Smoke,546,424,601,504
0806.png,124,174,Smoke,1251,379,1375,553
0549.png,124,174,Smoke,1250,378,1374,552
0849.png,170,90,Smoke,567,466,737,556
1656.png,23,151,Smoke,1210,423,1233,574
1344.png,179,109,Smoke,1741,459,1920,568
1297.png,124,174,Smoke,1255,377,1379,551
0545.png,32,158,Smoke,962,391,994,549
0383.png,86,107,Smoke,655,432,741,539
1013.png,99,59,Smoke,1688,577,1787,636
0899.png,76,250,Smoke,1613,389,1689,639
0279.png,76,92,Smoke,1768,310,1844,402
1296.png,50,128,Smoke,1431,417,1481,545
1228.png,32,158,Smoke,963,376,995,534
0840.png,99,59,Smoke,1690,577,1789,636
1561.png,57,57,Smoke,1761,304,1818,361
0835.png,174,109,Smoke,1746,450,1920,559
0602.png,97,120,Smoke,647,430,744,550
0203.png,69,59,Smoke,1691,577,1760,636
0139.png,76,92,Smoke,1768,310,1844,402
1448.png,141,67,Smoke,1759,374,1900,441
0173.png,32,158,Smoke,962,387,994,545
0026.png,151,97,Smoke,1742,463,1893,560
0455.png,32,158,Smoke,962,387,994,545
1143.png,124,174,Smoke,1254,377,1378,551
1288.png,57,57,Smoke,1773,313,1830,370
0661.png,50,128,Smoke,1434,425,1484,553
0987.png,32,158,Smoke,962,381,994,539
0956.png,76,250,Smoke,1613,389,1689,639
0958.png,23,113,Smoke,1214,469,1237,582
1076.png,76,250,Smoke,1615,389,1691,639
0635.png,174,109,Smoke,1746,449,1920,558
0955.png,101,160,Smoke,812,381,913,541
1576.png,76,227,Smoke,1621,384,1697,611
0361.png,124,174,Smoke,1251,378,1375,552
1433.png,57,57,Smoke,1755,305,1812,362
0834.png,174,109,Smoke,1746,450,1920,559
0376.png,141,113,Smoke,1779,442,1920,555
0415.png,95,139,Smoke,822,407,917,546
0694.png,76,118,Smoke,1773,304,1849,422
0473.png,57,57,Smoke,1773,313,1830,370
1318.png,99,59,Smoke,1689,575,1788,634
1690.png,132,155,Smoke,1247,397,1379,552
0329.png,29,218,Smoke,1163,355,1192,573
0010.png,29,170,Smoke,1136,380,1165,550
0441.png,124,174,Smoke,1250,378,1374,552
1646.png,132,155,Smoke,1246,397,1378,552
0590.png,111,221,Smoke,1021,322,1132,543
0423.png,65,197,Smoke,1617,422,1682,619
1363.png,90,67,Smoke,816,490,906,557
1656.png,141,67,Smoke,1759,373,1900,440
0697.png,76,118,Smoke,1773,304,1849,422
1480.png,29,218,Smoke,1164,333,1193,551
0862.png,76,118,Smoke,1770,317,1846,435
1229.png,101,107,Smoke,635,446,736,553
1290.png,57,57,Smoke,1773,313,1830,370
0868.png,76,250,Smoke,1615,392,1691,642
0677.png,99,59,Smoke,1692,576,1791,635
0266.png,57,57,Smoke,1773,313,1830,370
1137.png,124,174,Smoke,1254,377,1378,551
1624.png,80,48,Smoke,414,514,494,562
0885.png,111,233,Smoke,1023,318,1134,551
1031.png,76,250,Smoke,1615,391,1691,641
1497.png,23,151,Smoke,1212,423,1235,574
0208.png,145,86,Smoke,1775,459,1920,545
0629.png,99,59,Smoke,1692,576,1791,635
1112.png,50,128,Smoke,1431,421,1481,549
1401.png,124,174,Smoke,1256,377,1380,551
1150.png,97,151,Smoke,815,394,912,545
1266.png,32,158,Smoke,963,376,995,534
1313.png,124,174,Smoke,1255,377,1379,551
0584.png,29,218,Smoke,1163,355,1192,573
0928.png,111,233,Smoke,1027,317,1138,550
0565.png,23,113,Smoke,1214,465,1237,578
1631.png,113,57,Smoke,629,495,742,552
1039.png,99,59,Smoke,1688,577,1787,636
1098.png,23,113,Smoke,1214,470,1237,583
0842.png,174,109,Smoke,1746,450,1920,559
1397.png,90,67,Smoke,816,489,906,556
1084.png,74,74,Smoke,1770,361,1844,435
0429.png,29,218,Smoke,1163,357,1192,575
0095.png,29,218,Smoke,1164,351,1193,569
1380.png,155,48,Smoke,1718,577,1873,625
1588.png,29,218,Smoke,1163,338,1192,556
0638.png,65,218,Smoke,1620,397,1685,615
1091.png,97,151,Smoke,814,393,911,544
0758.png,76,118,Smoke,1772,303,1848,421
0933.png,111,233,Smoke,1027,317,1138,550
1687.png,76,227,Smoke,1622,382,1698,609
1744.png,132,155,Smoke,1246,397,1378,552
0579.png,80,48,Smoke,415,515,495,563
1424.png,155,48,Smoke,1718,577,1873,625
0787.png,29,218,Smoke,1163,355,1192,573
1051.png,124,174,Smoke,1253,377,1377,551
0422.png,55,80,Smoke,546,421,601,501
0691.png,174,109,Smoke,1746,449,1920,558
0572.png,99,59,Smoke,1692,576,1791,635
1767.png,80,57,Smoke,1759,298,1839,355
0467.png,55,80,Smoke,546,424,601,504
0026.png,145,116,Smoke,1196,430,1341,546
1023.png,179,109,Smoke,1741,458,1920,567
1321.png,57,57,Smoke,1773,313,1830,370
0606.png,29,218,Smoke,1163,355,1192,573
1348.png,128,59,Smoke,1693,577,1821,636
0216.png,107,221,Smoke,1020,323,1127,544
1169.png,50,128,Smoke,1430,420,1480,548
1479.png,181,109,Smoke,1739,457,1920,566
0090.png,145,116,Smoke,1226,427,1371,543
1656.png,80,57,Smoke,1760,301,1840,358
1227.png,97,151,Smoke,816,393,913,544
1795.png,55,80,Smoke,546,424,601,504
0473.png,95,155,Smoke,821,397,916,552
1558.png,23,151,Smoke,1212,424,1235,575
0304.png,69,59,Smoke,1689,577,1758,636
1603.png,113,57,Smoke,629,497,742,554
1606.png,80,57,Smoke,1763,302,1843,359
1025.png,99,59,Smoke,1686,577,1785,636
0327.png,124,174,Smoke,1250,378,1374,552
1792.png,122,78,Smoke,814,476,936,554
0015.png,145,116,Smoke,1194,430,1339,546
0217.png,50,116,Smoke,1432,426,1482,542
0684.png,149,57,Smoke,591,501,740,558
1171.png,32,158,Smoke,963,376,995,534
1249.png,50,128,Smoke,1431,419,1481,547
1151.png,32,158,Smoke,963,376,995,534
1249.png,80,48,Smoke,414,514,494,562
1296.png,101,107,Smoke,635,446,736,553
1521.png,76,227,Smoke,1621,384,1697,611
0708.png,76,118,Smoke,1771,304,1847,422
0794.png,111,233,Smoke,1019,322,1130,555
0308.png,95,139,Smoke,821,410,916,549
0613.png,124,174,Smoke,1251,377,1375,551
0916.png,29,218,Smoke,1163,355,1192,573
1086.png,29,218,Smoke,1164,331,1193,549
0544.png,55,80,Smoke,546,424,601,504
0770.png,76,118,Smoke,1771,302,1847,420
0803.png,29,218,Smoke,1163,355,1192,573
0033.png,57,57,Smoke,1773,313,1830,370
0182.png,76,92,Smoke,1768,309,1844,401
1114.png,76,250,Smoke,1615,390,1691,640
1487.png,80,48,Smoke,414,514,494,562
0037.png,57,57,Smoke,1773,313,1830,370
0678.png,149,57,Smoke,590,499,739,556
0531.png,124,174,Smoke,1250,378,1374,552
0658.png,65,218,Smoke,1620,397,1685,615
0467.png,29,218,Smoke,1163,355,1192,573
0819.png,57,57,Smoke,1773,313,1830,370
0196.png,145,86,Smoke,1775,460,1920,546
1221.png,111,246,Smoke,1032,307,1143,553
0272.png,23,113,Smoke,1214,464,1237,577
0791.png,50,128,Smoke,1431,424,1481,552
0305.png,69,59,Smoke,1689,577,1758,636
0626.png,97,120,Smoke,647,429,744,549
1296.png,130,227,Smoke,1017,328,1147,555
1457.png,50,128,Smoke,1431,412,1481,540
0101.png,107,195,Smoke,1022,355,1129,550
1454.png,132,155,Smoke,1247,396,1379,551
1026.png,101,107,Smoke,636,446,737,553
0273.png,23,113,Smoke,1214,464,1237,577
0607.png,50,128,Smoke,1434,423,1484,551
0251.png,55,46,Smoke,552,484,607,530
1551.png,50,128,Smoke,1431,411,1481,539
1394.png,29,218,Smoke,1164,335,1193,553
1787.png,29,218,Smoke,1161,339,1190,557
0354.png,55,46,Smoke,552,483,607,529
0725.png,80,48,Smoke,414,514,494,562
1641.png,23,151,Smoke,1210,422,1233,573
1767.png,141,67,Smoke,1761,371,1902,438
1713.png,181,109,Smoke,1739,456,1920,565
0961.png,29,218,Smoke,1163,353,1192,571
0076.png,34,116,Smoke,1433,433,1467,549
1693.png,122,78,Smoke,812,473,934,551
1557.png,141,67,Smoke,1758,376,1899,443
0303.png,23,113,Smoke,1214,464,1237,577
1307.png,90,67,Smoke,815,491,905,558
0565.png,55,80,Smoke,546,424,601,504
0163.png,57,48,Smoke,1704,577,1761,625
1084.png,101,107,Smoke,635,446,736,553
0746.png,111,221,Smoke,1019,320,1130,541
0819.png,107,179,Smoke,816,369,923,548
0221.png,57,57,Smoke,1773,313,1830,370
0485.png,141,109,Smoke,1779,446,1920,555
1523.png,29,218,Smoke,1164,344,1193,562
1071.png,55,80,Smoke,546,424,601,504
0808.png,76,118,Smoke,1772,302,1848,420
1546.png,76,227,Smoke,1621,383,1697,610
1197.png,76,250,Smoke,1613,390,1689,640
0779.png,174,109,Smoke,1746,449,1920,558
0415.png,50,116,Smoke,1431,429,1481,545
1700.png,55,80,Smoke,546,424,601,504
1757.png,122,78,Smoke,814,476,936,554
0661.png,23,113,Smoke,1213,466,1236,579
0754.png,111,221,Smoke,1019,321,1130,542
1740.png,29,218,Smoke,1161,343,1190,561
1609.png,80,57,Smoke,1763,302,1843,359
1011.png,55,80,Smoke,546,424,601,504
0081.png,57,57,Smoke,1773,313,1830,370
1711.png,80,57,Smoke,1759,299,1839,356
0317.png,23,113,Smoke,1214,464,1237,577
1383.png,50,128,Smoke,1431,415,1481,543
0019.png,32,158,Smoke,928,389,960,547
0248.png,57,57,Smoke,1773,313,1830,370
0835.png,55,80,Smoke,546,424,601,504
0064.png,48,34,Smoke,559,483,607,517
1126.png,111,246,Smoke,1030,308,1141,554
0314.png,50,116,Smoke,1431,427,1481,543
0667.png,29,218,Smoke,1163,358,1192,576
0277.png,57,57,Smoke,1773,313,1830,370
0234.png,57,57,Smoke,1773,313,1830,370
0248.png,50,116,Smoke,1431,428,1481,544
0935.png,124,174,Smoke,1253,379,1377,553
1526.png,170,57,Smoke,568,498,738,555
0978.png,76,250,Smoke,1615,390,1691,640
0656.png,32,158,Smoke,963,389,995,547
1215.png,32,158,Smoke,963,376,995,534
0851.png,76,250,Smoke,1615,392,1691,642
1516.png,23,151,Smoke,1212,422,1235,573
1073.png,50,128,Smoke,1431,422,1481,550
0945.png,143,95,Smoke,595,460,738,555
1067.png,57,57,Smoke,1773,313,1830,370
0522.png,124,174,Smoke,1250,378,1374,552
0435.png,107,221,Smoke,1021,318,1128,539
1415.png,90,67,Smoke,816,489,906,556
0997.png,101,107,Smoke,636,448,737,555
0754.png,55,80,Smoke,546,424,601,504
0210.png,107,221,Smoke,1021,323,1128,544
0498.png,29,218,Smoke,1163,356,1192,574
1572.png,80,48,Smoke,414,514,494,562
1692.png,128,246,Smoke,1022,313,1150,559
0175.png,48,34,Smoke,559,483,607,517
1524.png,111,76,Smoke,811,479,922,555
0420.png,124,174,Smoke,1251,378,1375,552
0061.png,95,176,Smoke,818,379,913,555
1777.png,181,109,Smoke,1739,458,1920,567
1338.png,76,250,Smoke,1616,380,1692,630
0789.png,29,218,Smoke,1163,355,1192,573
1667.png,122,78,Smoke,811,474,933,552
1317.png,84,67,Smoke,1760,375,1844,442
0148.png,65,197,Smoke,1617,421,1682,618
0009.png,95,176,Smoke,785,380,880,556
0090.png,55,143,Smoke,446,387,501,530
1016.png,99,59,Smoke,1687,577,1786,636
0411.png,144,113,Smoke,1776,444,1920,557
1614.png,130,227,Smoke,1026,311,1156,538
0144.png,95,176,Smoke,818,376,913,552
1046.png,55,80,Smoke,546,424,601,504
1662.png,23,151,Smoke,1210,422,1233,573
0061.png,107,195,Smoke,1023,355,1130,550
0677.png,111,221,Smoke,1020,322,1131,543
0680.png,149,57,Smoke,591,500,740,557
0373.png,32,158,Smoke,962,387,994,545
0719.png,80,48,Smoke,414,514,494,562
1015.png,124,174,Smoke,1253,379,1377,553
0137.png,29,218,Smoke,1164,347,1193,565
0752.png,99,59,Smoke,1692,575,1791,634
0380.png,65,197,Smoke,1617,423,1682,620
1211.png,84,67,Smoke,1760,377,1844,444
1408.png,23,151,Smoke,1212,424,1235,575
1721.png,132,155,Smoke,1246,397,1378,552
0603.png,97,120,Smoke,647,431,744,551
0386.png,95,139,Smoke,821,409,916,548
1468.png,155,48,Smoke,1717,579,1872,627
0323.png,69,59,Smoke,1690,578,1759,637
0476.png,95,155,Smoke,822,395,917,550
1313.png,90,67,Smoke,815,490,905,557
0159.png,55,143,Smoke,445,385,500,528
0909.png,80,48,Smoke,414,514,494,562
0769.png,55,80,Smoke,546,424,601,504
0689.png,57,57,Smoke,1773,313,1830,370
1456.png,55,80,Smoke,546,424,601,504
0394.png,65,197,Smoke,1617,421,1682,618
1798.png,50,128,Smoke,1431,412,1481,540
1279.png,99,59,Smoke,1689,573,1788,632
0575.png,124,174,Smoke,1250,377,1374,551
0698.png,29,218,Smoke,1163,357,1192,575
0465.png,140,109,Smoke,1780,448,1920,557
0558.png,65,218,Smoke,1618,397,1683,615
1794.png,32,170,Smoke,966,388,998,558
0827.png,80,48,Smoke,414,514,494,562
1348.png,124,174,Smoke,1256,377,1380,551
0141.png,76,92,Smoke,1768,310,1844,402
0229.png,57,57,Smoke,1773,313,1830,370
0708.png,160,57,Smoke,580,500,740,557
1708.png,29,218,Smoke,1161,336,1190,554
0140.png,32,158,Smoke,962,387,994,545
0417.png,76,105,Smoke,1769,311,1845,416
0218.png,55,84,Smoke,450,457,505,541
1391.png,50,128,Smoke,1431,415,1481,543
1501.png,57,57,Smoke,1760,304,1817,361
0778.png,76,250,Smoke,1614,394,1690,644
1716.png,80,57,Smoke,1759,300,1839,357
1014.png,99,59,Smoke,1687,577,1786,636
1587.png,50,128,Smoke,1431,412,1481,540
0295.png,55,46,Smoke,552,484,607,530
0621.png,171,109,Smoke,1749,449,1920,558
0422.png,55,84,Smoke,450,460,505,544
0647.png,50,128,Smoke,1434,425,1484,553
0362.png,55,84,Smoke,450,460,505,544
0703.png,160,57,Smoke,580,500,740,557
1267.png,50,128,Smoke,1431,417,1481,545
0648.png,76,118,Smoke,1771,306,1847,424
1195.png,80,48,Smoke,414,514,494,562
0545.png,50,128,Smoke,1435,421,1485,549
1507.png,80,48,Smoke,414,514,494,562
1151.png,111,246,Smoke,1029,307,1140,553
0583.png,57,57,Smoke,1773,313,1830,370
0002.png,48,34,Smoke,559,483,607,517
0543.png,107,221,Smoke,1025,320,1132,541
0645.png,50,128,Smoke,1434,425,1484,553
0612.png,57,57,Smoke,1773,313,1830,370
1494.png,80,48,Smoke,414,514,494,562
1203.png,84,67,Smoke,1761,377,1845,444
0873.png,57,57,Smoke,1773,313,1830,370
0823.png,170,67,Smoke,567,490,737,557
1735.png,55,80,Smoke,546,424,601,504
0559.png,23,113,Smoke,1214,465,1237,578
1077.png,32,158,Smoke,963,375,995,533
0811.png,55,80,Smoke,546,424,601,504
0653.png,29,218,Smoke,1163,358,1192,576
1129.png,99,59,Smoke,1688,574,1787,633
1018.png,76,250,Smoke,1615,390,1691,640
1542.png,76,227,Smoke,1621,383,1697,610
0719.png,174,109,Smoke,1746,449,1920,558
0898.png,174,109,Smoke,1746,452,1920,561
0464.png,124,174,Smoke,1250,378,1374,552
1792.png,180,109,Smoke,1740,458,1920,567
1534.png,180,109,Smoke,1740,456,1920,565
1642.png,141,67,Smoke,1759,374,1900,441
0207.png,50,116,Smoke,1432,426,1482,542
0077.png,65,197,Smoke,1618,422,1683,619
0752.png,160,57,Smoke,580,500,740,557
0077.png,55,143,Smoke,446,387,501,530
0345.png,76,92,Smoke,1768,310,1844,402
0098.png,107,195,Smoke,1023,356,1130,551
1001.png,32,158,Smoke,962,381,994,539
1244.png,76,250,Smoke,1613,389,1689,639
1130.png,101,107,Smoke,635,446,736,553
1200.png,32,158,Smoke,963,376,995,534
1458.png,132,155,Smoke,1247,398,1379,553
1740.png,132,155,Smoke,1246,399,1378,554
1644.png,80,57,Smoke,1761,302,1841,359
0226.png,32,158,Smoke,962,387,994,545
1010.png,55,80,Smoke,546,424,601,504
1010.png,57,57,Smoke,1773,313,1830,370
0514.png,80,48,Smoke,415,515,495,563
0502.png,107,221,Smoke,1025,319,1132,540
1235.png,99,59,Smoke,1687,574,1786,633
0093.png,55,143,Smoke,446,386,501,529
1542.png,111,76,Smoke,811,477,922,553
0727.png,57,57,Smoke,1773,313,1830,370
1204.png,111,246,Smoke,1032,307,1143,553
1247.png,97,82,Smoke,815,460,912,542
1381.png,141,67,Smoke,1759,374,1900,441
1035.png,111,233,Smoke,1026,311,1137,544
0884.png,57,57,Smoke,1773,313,1830,370
1020.png,86,160,Smoke,814,377,900,537
1694.png,55,80,Smoke,546,424,601,504
0257.png,141,86,Smoke,1779,455,1920,541
1654.png,32,170,Smoke,963,378,995,548
0303.png,50,116,Smoke,1431,428,1481,544
0193.png,65,197,Smoke,1616,420,1681,617
0815.png,76,250,Smoke,1615,394,1691,644
0494.png,32,158,Smoke,962,387,994,545
0604.png,32,158,Smoke,962,389,994,547
0750.png,29,218,Smoke,1163,355,1192,573
1141.png,23,113,Smoke,1213,472,1236,585
1687.png,50,128,Smoke,1431,412,1481,540
1254.png,76,250,Smoke,1614,387,1690,637
1497.png,80,48,Smoke,414,514,494,562
1149.png,29,218,Smoke,1164,331,1193,549
0999.png,76,250,Smoke,1615,390,1691,640
1300.png,57,57,Smoke,1773,313,1830,370
1162.png,23,113,Smoke,1213,471,1236,584
1523.png,76,227,Smoke,1621,384,1697,611
1137.png,50,128,Smoke,1431,421,1481,549
1385.png,90,67,Smoke,815,489,905,556
1123.png,50,128,Smoke,1431,421,1481,549
0152.png,74,99,Smoke,666,437,740,536
0871.png,80,48,Smoke,414,514,494,562
1395.png,29,218,Smoke,1164,335,1193,553
1035.png,55,80,Smoke,546,424,601,504
1366.png,57,57,Smoke,1773,310,1830,367
0010.png,32,158,Smoke,929,387,961,545
0204.png,141,147,Smoke,1231,408,1372,555
0674.png,124,174,Smoke,1251,378,1375,552
1344.png,23,151,Smoke,1213,425,1236,576
1169.png,57,57,Smoke,1773,313,1830,370
1742.png,55,80,Smoke,546,424,601,504
0440.png,50,116,Smoke,1431,428,1481,544
1083.png,97,151,Smoke,814,393,911,544
0209.png,65,197,Smoke,1617,422,1682,619
0979.png,101,160,Smoke,812,381,913,541
1446.png,180,109,Smoke,1740,457,1920,566
1184.png,101,107,Smoke,635,446,736,553
0230.png,143,86,Smoke,1777,458,1920,544
0620.png,76,118,Smoke,1770,308,1846,426
1274.png,99,59,Smoke,1689,574,1788,633
0967.png,179,109,Smoke,1741,457,1920,566
1050.png,101,107,Smoke,635,446,736,553
1615.png,113,57,Smoke,630,497,743,554
1546.png,180,109,Smoke,1740,457,1920,566
0918.png,57,57,Smoke,1773,313,1830,370
1281.png,124,174,Smoke,1255,377,1379,551
0216.png,141,147,Smoke,1231,408,1372,555
1153.png,76,250,Smoke,1613,390,1689,640
0544.png,29,218,Smoke,1163,357,1192,575
1214.png,23,113,Smoke,1213,468,1236,581
0568.png,109,155,Smoke,809,395,918,550
1079.png,55,80,Smoke,546,424,601,504
0653.png,124,174,Smoke,1251,378,1375,552
0745.png,32,158,Smoke,963,388,995,546
0455.png,50,116,Smoke,1431,428,1481,544
0039.png,48,34,Smoke,559,483,607,517
1575.png,55,80,Smoke,546,424,601,504
1778.png,141,67,Smoke,1761,371,1902,438
0957.png,76,118,Smoke,1769,316,1845,434
1358.png,90,67,Smoke,817,490,907,557
1509.png,132,155,Smoke,1247,398,1379,553
0421.png,55,84,Smoke,450,460,505,544
0869.png,76,250,Smoke,1614,392,1690,642
1106.png,179,109,Smoke,1741,457,1920,566
0740.png,80,48,Smoke,414,514,494,562
0281.png,65,197,Smoke,1617,422,1682,619
1105.png,99,57,Smoke,1771,391,1870,448
1719.png,155,48,Smoke,1722,579,1877,627
0981.png,55,80,Smoke,546,424,601,504
0529.png,124,174,Smoke,1250,378,1374,552
1322.png,76,250,Smoke,1616,383,1692,633
0448.png,86,107,Smoke,657,432,743,539
0454.png,23,113,Smoke,1214,464,1237,577
0281.png,55,46,Smoke,552,484,607,530
0501.png,69,59,Smoke,1688,578,1757,637
0340.png,50,116,Smoke,1431,426,1481,542
1139.png,99,59,Smoke,1688,574,1787,633
0017.png,57,57,Smoke,1773,313,1830,370
0825.png,76,250,Smoke,1615,394,1691,644
0030.png,34,116,Smoke,1409,436,1443,552
1601.png,80,57,Smoke,1763,302,1843,359
0700.png,57,57,Smoke,1773,313,1830,370
1447.png,55,80,Smoke,546,424,601,504
0997.png,50,128,Smoke,1431,425,1481,553
0879.png,99,59,Smoke,1687,578,1786,637
1650.png,122,78,Smoke,810,475,932,553
0920.png,76,250,Smoke,1613,391,1689,641
1547.png,80,48,Smoke,414,514,494,562
1646.png,76,227,Smoke,1622,382,1698,609
0144.png,55,143,Smoke,445,385,500,528
1663.png,155,48,Smoke,1722,579,1877,627
0486.png,142,109,Smoke,1778,446,1920,555
0847.png,76,118,Smoke,1771,317,1847,435
1265.png,32,158,Smoke,963,376,995,534
0215.png,69,59,Smoke,1691,577,1760,636
0931.png,55,80,Smoke,546,424,601,504
0542.png,160,109,Smoke,1760,449,1920,558
0378.png,107,221,Smoke,1020,318,1127,539
0095.png,151,97,Smoke,1769,455,1920,552
1107.png,23,113,Smoke,1214,469,1237,582
1696.png,23,151,Smoke,1210,419,1233,570
0225.png,143,86,Smoke,1777,458,1920,544
0378.png,55,84,Smoke,450,460,505,544
1149.png,179,109,Smoke,1741,457,1920,566
1421.png,132,155,Smoke,1248,396,1380,551
0573.png,50,128,Smoke,1435,423,1485,551
1794.png,80,48,Smoke,414,514,494,562
0414.png,57,57,Smoke,1773,313,1830,370
0335.png,57,57,Smoke,1773,313,1830,370
1414.png,155,48,Smoke,1718,577,1873,625
0833.png,29,218,Smoke,1163,355,1192,573
1040.png,50,128,Smoke,1431,422,1481,550
0526.png,107,221,Smoke,1024,320,1131,541
0625.png,109,155,Smoke,809,395,918,550
0562.png,163,109,Smoke,1757,450,1920,559
1251.png,23,113,Smoke,1212,466,1235,579
0543.png,95,155,Smoke,824,394,919,549
1226.png,55,80,Smoke,546,424,601,504
1434.png,29,218,Smoke,1164,333,1193,551
1201.png,99,59,Smoke,1687,574,1786,633
0744.png,55,80,Smoke,546,424,601,504
0654.png,80,48,Smoke,414,514,494,562
1618.png,80,57,Smoke,1763,302,1843,359
1441.png,23,151,Smoke,1212,423,1235,574
1269.png,130,227,Smoke,1016,330,1146,557
1468.png,50,128,Smoke,1431,412,1481,540
1351.png,32,170,Smoke,962,378,994,548
0108.png,55,143,Smoke,446,386,501,529
1163.png,76,250,Smoke,1613,390,1689,640
1067.png,50,128,Smoke,1431,422,1481,550
0103.png,76,92,Smoke,1768,309,1844,401
0158.png,145,116,Smoke,1226,427,1371,543
1124.png,124,174,Smoke,1254,377,1378,551
1292.png,23,113,Smoke,1212,466,1235,579
0365.png,76,92,Smoke,1768,310,1844,402
0122.png,32,158,Smoke,962,387,994,545
1350.png,57,57,Smoke,1773,313,1830,370
0392.png,76,92,Smoke,1768,310,1844,402
0312.png,65,197,Smoke,1617,421,1682,618
0492.png,50,116,Smoke,1431,428,1481,544
1622.png,80,48,Smoke,414,514,494,562
1085.png,55,80,Smoke,546,424,601,504
0820.png,76,118,Smoke,1772,302,1848,420
1429.png,130,227,Smoke,1023,320,1153,547
1114.png,32,158,Smoke,963,377,995,535
1403.png,50,128,Smoke,1432,416,1482,544
1487.png,29,218,Smoke,1164,335,1193,553
1779.png,181,109,Smoke,1739,458,1920,567
1203.png,179,109,Smoke,1741,458,1920,567
0171.png,76,92,Smoke,1768,309,1844,401
0097.png,32,158,Smoke,962,387,994,545
0623.png,50,128,Smoke,1434,423,1484,551
0030.png,151,97,Smoke,1748,462,1899,559
1236.png,55,80,Smoke,546,424,601,504
1419.png,181,109,Smoke,1739,457,1920,566
1306.png,84,67,Smoke,1760,375,1844,442
1048.png,32,158,Smoke,962,381,994,539
0633.png,50,128,Smoke,1434,423,1484,551
1315.png,80,48,Smoke,414,514,494,562
0631.png,23,113,Smoke,1214,465,1237,578
0253.png,29,218,Smoke,1163,356,1192,574
1510.png,170,57,Smoke,568,499,738,556
0957.png,29,218,Smoke,1163,353,1192,571
0966.png,118,107,Smoke,620,445,738,552
0813.png,124,174,Smoke,1251,379,1375,553
1005.png,32,158,Smoke,962,381,994,539
0114.png,95,176,Smoke,818,375,913,551
0191.png,141,147,Smoke,1231,408,1372,555
1366.png,101,107,Smoke,635,446,736,553
0276.png,55,46,Smoke,552,484,607,530
0692.png,111,221,Smoke,1020,323,1131,544
0776.png,99,59,Smoke,1692,576,1791,635
1304.png,130,227,Smoke,1019,324,1149,551
0815.png,107,179,Smoke,816,369,923,548
0196.png,107,221,Smoke,1021,323,1128,544
1442.png,132,155,Smoke,1247,396,1379,551
1713.png,80,48,Smoke,414,514,494,562
1712.png,55,80,Smoke,546,424,601,504
1006.png,111,233,Smoke,1027,313,1138,546
1019.png,55,80,Smoke,546,424,601,504
1013.png,179,109,Smoke,1741,458,1920,567
1139.png,50,128,Smoke,1431,420,1481,548
1419.png,32,170,Smoke,962,373,994,543
0405.png,144,113,Smoke,1776,443,1920,556
0061.png,34,116,Smoke,1433,433,1467,549
0608.png,99,59,Smoke,1692,576,1791,635
0727.png,80,48,Smoke,414,514,494,562
1573.png,113,57,Smoke,624,496,737,553
0225.png,55,46,Smoke,552,484,607,530
0459.png,57,57,Smoke,1773,313,1830,370
1084.png,76,250,Smoke,1615,389,1691,639
1552.png,50,128,Smoke,1431,411,1481,539
0991.png,57,57,Smoke,1773,313,1830,370
0769.png,109,179,Smoke,813,368,922,547
1167.png,55,80,Smoke,546,424,601,504
0088.png,107,195,Smoke,1022,357,1129,552
0155.png,57,48,Smoke,1705,577,1762,625
0541.png,57,57,Smoke,1773,313,1830,370
0786.png,50,128,Smoke,1431,424,1481,552
1783.png,132,155,Smoke,1245,399,1377,554
0897.png,99,59,Smoke,1688,577,1787,636
1467.png,23,151,Smoke,1212,423,1235,574
0739.png,50,128,Smoke,1432,425,1482,553
1286.png,55,80,Smoke,546,424,601,504
1235.png,111,246,Smoke,1032,309,1143,555
1580.png,132,155,Smoke,1246,396,1378,551
0205.png,55,97,Smoke,450,445,505,542
0839.png,124,174,Smoke,1251,379,1375,553
0449.png,141,109,Smoke,1779,449,1920,558
1429.png,181,109,Smoke,1739,457,1920,566
1069.png,23,113,Smoke,1214,468,1237,581
0608.png,55,80,Smoke,546,424,601,504
0452.png,95,139,Smoke,821,401,916,540
1319.png,90,67,Smoke,815,490,905,557
1407.png,57,57,Smoke,1754,305,1811,362
1388.png,124,174,Smoke,1256,377,1380,551
0635.png,109,155,Smoke,809,395,918,550
1056.png,80,48,Smoke,414,514,494,562
1789.png,128,246,Smoke,1025,320,1153,566
0972.png,111,233,Smoke,1027,317,1138,550
0371.png,69,59,Smoke,1691,580,1760,639
0358.png,65,197,Smoke,1617,423,1682,620
0672.png,109,155,Smoke,811,392,920,547
1472.png,180,109,Smoke,1740,457,1920,566
1070.png,32,158,Smoke,963,375,995,533
0847.png,124,174,Smoke,1251,379,1375,553
1397.png,141,67,Smoke,1759,374,1900,441
0213.png,32,158,Smoke,962,387,994,545
0385.png,50,116,Smoke,1431,427,1481,543
1278.png,32,158,Smoke,963,376,995,534
1441.png,155,48,Smoke,1717,579,1872,627
1418.png,57,57,Smoke,1755,305,1812,362
0849.png,55,80,Smoke,546,424,601,504
1626.png,132,155,Smoke,1246,399,1378,554
1600.png,155,48,Smoke,1722,581,1877,629
0482.png,50,116,Smoke,1431,428,1481,544
0894.png,76,250,Smoke,1613,391,1689,641
1745.png,80,48,Smoke,414,514,494,562
1509.png,76,227,Smoke,1621,384,1697,611
0440.png,95,139,Smoke,820,403,915,542
0290.png,69,86,Smoke,670,439,739,525
1059.png,179,109,Smoke,1741,457,1920,566
1119.png,76,250,Smoke,1615,390,1691,640
0675.png,50,128,Smoke,1434,423,1484,551
0421.png,86,107,Smoke,656,431,742,538
0725.png,57,57,Smoke,1773,313,1830,370
0651.png,50,128,Smoke,1434,425,1484,553
1767.png,128,246,Smoke,1025,316,1153,562
0106.png,55,143,Smoke,445,387,500,530
0013.png,57,57,Smoke,1773,313,1830,370
0438.png,86,107,Smoke,656,431,742,538
1608.png,55,80,Smoke,546,424,601,504
0557.png,95,155,Smoke,824,394,919,549
1131.png,101,107,Smoke,635,446,736,553
0683.png,57,57,Smoke,1773,313,1830,370
1635.png,55,80,Smoke,546,424,601,504
1753.png,181,109,Smoke,1739,456,1920,565
1112.png,29,218,Smoke,1164,333,1193,551
0454.png,140,109,Smoke,1780,449,1920,558
1766.png,80,57,Smoke,1759,298,1839,355
1267.png,55,80,Smoke,546,424,601,504
1182.png,23,113,Smoke,1213,469,1236,582
0462.png,140,109,Smoke,1780,447,1920,556
1033.png,29,218,Smoke,1163,353,1192,571
0205.png,57,57,Smoke,1773,313,1830,370
1372.png,50,128,Smoke,1431,415,1481,543
0368.png,142,113,Smoke,1778,443,1920,556
0718.png,76,250,Smoke,1611,396,1687,646
0627.png,23,113,Smoke,1214,465,1237,578
1171.png,84,67,Smoke,1761,378,1845,445
0161.png,55,143,Smoke,445,385,500,528
1549.png,111,76,Smoke,813,477,924,553
1182.png,124,174,Smoke,1253,377,1377,551
0263.png,143,86,Smoke,1777,456,1920,542
0550.png,124,174,Smoke,1250,378,1374,552
1551.png,181,109,Smoke,1739,457,1920,566
1341.png,23,151,Smoke,1212,424,1235,575
0621.png,76,118,Smoke,1771,307,1847,425
1721.png,55,80,Smoke,546,424,601,504
1706.png,29,218,Smoke,1161,336,1190,554
1529.png,57,57,Smoke,1761,304,1818,361
1786.png,76,258,Smoke,1625,385,1701,643
0024.png,57,57,Smoke,1773,313,1830,370
0419.png,76,105,Smoke,1770,311,1846,416
0682.png,50,128,Smoke,1434,423,1484,551
0807.png,23,113,Smoke,1214,468,1237,581
0166.png,32,158,Smoke,962,387,994,545
1602.png,32,170,Smoke,964,372,996,542
0949.png,55,80,Smoke,546,424,601,504
1392.png,141,67,Smoke,1759,374,1900,441
0109.png,76,92,Smoke,1768,308,1844,400
0380.png,23,113,Smoke,1214,464,1237,577
0780.png,99,59,Smoke,1692,576,1791,635
0808.png,107,179,Smoke,815,367,922,546
0133.png,55,143,Smoke,445,386,500,529
1577.png,50,128,Smoke,1431,412,1481,540
1171.png,76,250,Smoke,1613,390,1689,640
0648.png,109,155,Smoke,810,394,919,549
0209.png,107,221,Smoke,1021,323,1128,544
1161.png,99,59,Smoke,1688,574,1787,633
1567.png,32,170,Smoke,962,371,994,541
1156.png,97,151,Smoke,815,394,912,545
0488.png,29,218,Smoke,1163,356,1192,574
0561.png,124,174,Smoke,1250,378,1374,552
0054.png,76,92,Smoke,1765,310,1841,402
0527.png,76,118,Smoke,1772,308,1848,426
0186.png,65,197,Smoke,1617,421,1682,618
0769.png,160,57,Smoke,580,501,740,558
1215.png,23,113,Smoke,1213,468,1236,581
0143.png,23,113,Smoke,1214,464,1237,577
1149.png,111,246,Smoke,1029,308,1140,554
0066.png,95,176,Smoke,818,378,913,554
0308.png,65,197,Smoke,1617,421,1682,618
0189.png,55,97,Smoke,450,445,505,542
0828.png,170,67,Smoke,567,490,737,557
0489.png,50,116,Smoke,1431,428,1481,544
1358.png,130,227,Smoke,1022,325,1152,552
0403.png,86,107,Smoke,656,431,742,538
0635.png,23,113,Smoke,1213,465,1236,578
0150.png,74,99,Smoke,666,437,740,536
0278.png,57,57,Smoke,1773,313,1830,370
1018.png,55,80,Smoke,546,424,601,504
0957.png,111,233,Smoke,1027,317,1138,550
1645.png,80,48,Smoke,414,514,494,562
1736.png,32,170,Smoke,966,382,998,552
1648.png,76,227,Smoke,1623,382,1699,609
0455.png,57,57,Smoke,1773,313,1830,370
1217.png,99,59,Smoke,1687,574,1786,633
0697.png,174,109,Smoke,1746,449,1920,558
0056.png,74,99,Smoke,660,444,734,543
0078.png,55,143,Smoke,446,387,501,530
0621.png,32,158,Smoke,963,389,995,547
1542.png,170,57,Smoke,568,497,738,554
0015.png,32,158,Smoke,928,387,960,545
0446.png,57,57,Smoke,1773,313,1830,370
1627.png,32,170,Smoke,965,372,997,542
1043.png,32,158,Smoke,962,381,994,539
0831.png,107,179,Smoke,815,369,922,548
0984.png,124,174,Smoke,1253,379,1377,553
1661.png,181,109,Smoke,1739,456,1920,565
0288.png,124,174,Smoke,1250,379,1374,553
1212.png,179,109,Smoke,1741,458,1920,567
1375.png,90,67,Smoke,815,490,905,557
1155.png,179,109,Smoke,1741,458,1920,567
0510.png,76,118,Smoke,1771,309,1847,427
1724.png,76,227,Smoke,1623,382,1699,609
0671.png,111,221,Smoke,1020,322,1131,543
1727.png,32,170,Smoke,966,382,998,552
0272.png,32,158,Smoke,962,387,994,545
0451.png,55,80,Smoke,546,424,601,504
1034.png,57,57,Smoke,1773,313,1830,370
0698.png,57,57,Smoke,1773,313,1830,370
1255.png,50,128,Smoke,1431,417,1481,545
0223.png,74,99,Smoke,665,432,739,531
1027.png,111,233,Smoke,1026,311,1137,544
1231.png,97,151,Smoke,816,393,913,544
0167.png,29,218,Smoke,1163,348,1192,566
0195.png,23,113,Smoke,1214,464,1237,577
1733.png,181,109,Smoke,1739,456,1920,565
0879.png,32,158,Smoke,963,386,995,544
1015.png,50,128,Smoke,1431,423,1481,551
1159.png,179,109,Smoke,1741,457,1920,566
0033.png,32,158,Smoke,937,388,969,546
1737.png,128,246,Smoke,1025,318,1153,564
1702.png,29,218,Smoke,1161,337,1190,555
0465.png,95,139,Smoke,821,399,916,538
0183.png,50,116,Smoke,1433,426,1483,542
1720.png,23,151,Smoke,1211,419,1234,570
0041.png,151,97,Smoke,1763,462,1914,559
1123.png,29,218,Smoke,1164,331,1193,549
0219.png,76,92,Smoke,1769,309,1845,401
0010.png,74,99,Smoke,628,448,702,547
1297.png,57,57,Smoke,1773,313,1830,370
0355.png,32,158,Smoke,961,387,993,545
0497.png,107,221,Smoke,1024,318,1131,539
1516.png,170,57,Smoke,568,498,738,555
1751.png,23,151,Smoke,1215,416,1238,567
1187.png,124,174,Smoke,1254,377,1378,551
1629.png,141,67,Smoke,1759,373,1900,440
0426.png,143,113,Smoke,1777,444,1920,557
1683.png,29,218,Smoke,1161,332,1190,550
0120.png,57,57,Smoke,1773,313,1830,370
1784.png,76,258,Smoke,1625,385,1701,643
0112.png,57,48,Smoke,1705,577,1762,625
1715.png,132,155,Smoke,1246,397,1378,552
1314.png,23,113,Smoke,1212,466,1235,579
1638.png,29,218,Smoke,1161,339,1190,557
1360.png,23,151,Smoke,1212,422,1235,573
1359.png,76,227,Smoke,1615,382,1691,609
1751.png,32,170,Smoke,966,382,998,552
1147.png,32,158,Smoke,963,376,995,534
1491.png,57,57,Smoke,1759,304,1816,361
0446.png,141,109,Smoke,1779,449,1920,558
1531.png,111,76,Smoke,812,479,923,555
0517.png,161,109,Smoke,1759,446,1920,555
0016.png,23,113,Smoke,1214,464,1237,577
0546.png,55,80,Smoke,546,424,601,504
0099.png,32,158,Smoke,962,387,994,545
0311.png,146,113,Smoke,1774,445,1920,558
0697.png,50,128,Smoke,1433,422,1483,550
1279.png,32,158,Smoke,963,376,995,534
1658.png,55,80,Smoke,546,424,601,504
1359.png,130,227,Smoke,1022,325,1152,552
0774.png,57,57,Smoke,1773,313,1830,370
1741.png,122,78,Smoke,814,474,936,552
0878.png,80,48,Smoke,414,514,494,562
1100.png,101,107,Smoke,635,446,736,553
1029.png,55,80,Smoke,546,424,601,504
0395.png,55,84,Smoke,450,460,505,544
0460.png,57,57,Smoke,1773,313,1830,370
1316.png,23,113,Smoke,1212,465,1235,578
0892.png,174,109,Smoke,1746,452,1920,561
1273.png,76,250,Smoke,1615,387,1691,637
0367.png,55,46,Smoke,552,484,607,530
0693.png,111,221,Smoke,1021,321,1132,542
0729.png,55,80,Smoke,546,424,601,504
0324.png,76,95,Smoke,665,434,741,529
0852.png,76,118,Smoke,1771,317,1847,435
0050.png,23,113,Smoke,1214,464,1237,577
0509.png,57,57,Smoke,1773,313,1830,370
1308.png,179,109,Smoke,1741,458,1920,567
1641.png,29,218,Smoke,1161,338,1190,556
1392.png,101,107,Smoke,635,446,736,553
0217.png,141,147,Smoke,1231,408,1372,555
0592.png,32,158,Smoke,962,389,994,547
0630.png,65,218,Smoke,1620,397,1685,615
1282.png,80,48,Smoke,414,514,494,562
0879.png,111,233,Smoke,1022,318,1133,551
0837.png,174,109,Smoke,1746,450,1920,559
1395.png,124,174,Smoke,1256,377,1380,551
0348.png,107,221,Smoke,1021,320,1128,541
0625.png,23,113,Smoke,1214,465,1237,578
0947.png,76,118,Smoke,1769,316,1845,434
0568.png,163,109,Smoke,1757,449,1920,558
1293.png,90,67,Smoke,815,492,905,559
0292.png,50,116,Smoke,1431,428,1481,544
0854.png,111,233,Smoke,1020,318,1131,551
0267.png,76,92,Smoke,1768,309,1844,401
1191.png,111,246,Smoke,1032,307,1143,553
0843.png,80,48,Smoke,414,514,494,562
1626.png,80,48,Smoke,414,514,494,562
0664.png,57,57,Smoke,1773,313,1830,370
0724.png,80,48,Smoke,414,514,494,562
1541.png,55,80,Smoke,546,424,601,504
1662.png,132,155,Smoke,1246,397,1378,552
0928.png,174,109,Smoke,1746,452,1920,561
0640.png,99,59,Smoke,1692,575,1791,634
0567.png,97,120,Smoke,647,425,744,545
0154.png,145,116,Smoke,1226,426,1371,542
1574.png,55,80,Smoke,546,424,601,504
1054.png,50,128,Smoke,1431,422,1481,550
0581.png,109,155,Smoke,809,395,918,550
0822.png,23,113,Smoke,1214,469,1237,582
1680.png,32,170,Smoke,966,380,998,550
0455.png,95,139,Smoke,821,401,916,540
0957.png,57,57,Smoke,1773,313,1830,370
0102.png,95,176,Smoke,818,376,913,552
0951.png,101,160,Smoke,813,383,914,543
0272.png,76,92,Smoke,1768,310,1844,402
0749.png,55,80,Smoke,546,424,601,504
1450.png,32,170,Smoke,962,373,994,543
1306.png,90,67,Smoke,815,491,905,558
1074.png,101,107,Smoke,635,446,736,553
0279.png,55,46,Smoke,552,484,607,530
0534.png,107,221,Smoke,1024,319,1131,540
0821.png,99,59,Smoke,1689,577,1788,636
1395.png,57,57,Smoke,1754,305,1811,362
1704.png,122,78,Smoke,812,472,934,550
0035.png,76,92,Smoke,1746,311,1822,403
0397.png,57,57,Smoke,1773,313,1830,370
0208.png,95,176,Smoke,819,375,914,551
1576.png,182,109,Smoke,1738,457,1920,566
0430.png,32,158,Smoke,962,387,994,545
0982.png,179,109,Smoke,1741,455,1920,564
0767.png,29,218,Smoke,1163,353,1192,571
1130.png,32,158,Smoke,963,376,995,534
1390.png,23,151,Smoke,1212,422,1235,573
1007.png,76,118,Smoke,1769,317,1845,435
1695.png,76,227,Smoke,1623,382,1699,609
0460.png,86,107,Smoke,657,428,743,535
0222.png,29,218,Smoke,1162,369,1191,587
0412.png,55,80,Smoke,546,420,601,500
0945.png,124,174,Smoke,1253,379,1377,553
0019.png,50,147,Smoke,419,397,469,544
0609.png,23,113,Smoke,1214,465,1237,578
0963.png,50,128,Smoke,1431,424,1481,552
0978.png,32,158,Smoke,962,380,994,538
0971.png,55,80,Smoke,546,424,601,504
0410.png,32,158,Smoke,962,387,994,545
0211.png,95,176,Smoke,819,376,914,552
0328.png,107,221,Smoke,1022,320,1129,541
1587.png,76,227,Smoke,1622,384,1698,611
0961.png,23,113,Smoke,1214,469,1237,582
0369.png,69,59,Smoke,1691,580,1760,639
0596.png,57,57,Smoke,1773,313,1830,370
1168.png,55,80,Smoke,546,424,601,504
0498.png,80,48,Smoke,415,515,495,563
1249.png,111,246,Smoke,1032,309,1143,555
0314.png,55,84,Smoke,451,460,506,544
1663.png,181,109,Smoke,1739,456,1920,565
1134.png,101,107,Smoke,635,446,736,553
0379.png,76,92,Smoke,1767,310,1843,402
1496.png,182,109,Smoke,1738,457,1920,566
0881.png,57,57,Smoke,1773,313,1830,370
1432.png,132,155,Smoke,1247,396,1379,551
1038.png,23,113,Smoke,1214,467,1237,580
1380.png,180,109,Smoke,1740,458,1920,567
0365.png,76,95,Smoke,666,431,742,526
1234.png,101,107,Smoke,635,446,736,553
1797.png,76,258,Smoke,1625,385,1701,643
1206.png,80,48,Smoke,414,514,494,562
0682.png,65,250,Smoke,1620,396,1685,646
0830.png,23,113,Smoke,1214,469,1237,582
0534.png,76,118,Smoke,1771,310,1847,428
0399.png,107,221,Smoke,1021,318,1128,539
0068.png,74,99,Smoke,662,445,736,544
0645.png,57,57,Smoke,1773,313,1830,370
0250.png,23,113,Smoke,1214,464,1237,577
1360.png,101,107,Smoke,635,446,736,553
1447.png,76,227,Smoke,1620,383,1696,610
1736.png,128,246,Smoke,1025,317,1153,563
0487.png,50,116,Smoke,1431,428,1481,544
0446.png,95,139,Smoke,820,402,915,541
1602.png,132,155,Smoke,1246,397,1378,552
0304.png,23,113,Smoke,1214,464,1237,577
1526.png,141,67,Smoke,1758,377,1899,444
1264.png,29,218,Smoke,1164,337,1193,555
0348.png,55,46,Smoke,552,483,607,529
1428.png,50,128,Smoke,1431,414,1481,542
1084.png,179,109,Smoke,1741,456,1920,565
0800.png,55,80,Smoke,546,424,601,504
0924.png,76,250,Smoke,1611,389,1687,639
0225.png,29,218,Smoke,1162,366,1191,584
1505.png,80,48,Smoke,414,514,494,562
0764.png,50,128,Smoke,1431,424,1481,552
1305.png,23,113,Smoke,1212,466,1235,579
0823.png,76,118,Smoke,1772,302,1848,420
0423.png,144,113,Smoke,1776,444,1920,557
0538.png,80,48,Smoke,415,514,495,562
0068.png,107,195,Smoke,1023,355,1130,550
0374.png,29,218,Smoke,1163,357,1192,575
1094.png,23,113,Smoke,1214,470,1237,583
1515.png,141,67,Smoke,1757,376,1898,443
0225.png,32,158,Smoke,962,387,994,545
0886.png,124,174,Smoke,1252,379,1376,553
0741.png,80,48,Smoke,414,514,494,562
1706.png,99,55,Smoke,643,499,742,554
1490.png,170,57,Smoke,563,500,733,557
1514.png,32,170,Smoke,962,375,994,545
0744.png,80,48,Smoke,414,514,494,562
1271.png,101,107,Smoke,635,446,736,553
0900.png,76,250,Smoke,1613,389,1689,639
1260.png,130,227,Smoke,1015,329,1145,556
0720.png,50,128,Smoke,1433,424,1483,552
0088.png,57,48,Smoke,1704,576,1761,624
1741.png,155,48,Smoke,1722,579,1877,627
1340.png,80,48,Smoke,414,514,494,562
0177.png,29,218,Smoke,1163,348,1192,566
1537.png,132,155,Smoke,1247,398,1379,553
0145.png,107,195,Smoke,1022,350,1129,545
0865.png,99,59,Smoke,1689,577,1788,636
0836.png,80,48,Smoke,414,514,494,562
0131.png,55,143,Smoke,445,387,500,530
0701.png,32,158,Smoke,963,388,995,546
1370.png,101,107,Smoke,635,446,736,553
0556.png,160,109,Smoke,1760,451,1920,560
1399.png,181,109,Smoke,1739,457,1920,566
0048.png,150,97,Smoke,1770,462,1920,559
1788.png,128,246,Smoke,1025,321,1153,567
1678.png,113,57,Smoke,629,496,742,553
0023.png,23,113,Smoke,1214,464,1237,577
1570.png,113,57,Smoke,625,497,738,554
1072.png,97,151,Smoke,814,394,911,545
0523.png,23,113,Smoke,1214,464,1237,577
1241.png,101,107,Smoke,635,446,736,553
1411.png,29,218,Smoke,1164,335,1193,553
0818.png,111,233,Smoke,1019,321,1130,554
1345.png,32,170,Smoke,962,378,994,548
0936.png,101,160,Smoke,814,383,915,543
0252.png,29,218,Smoke,1163,356,1192,574
0227.png,95,176,Smoke,819,376,914,552
0221.png,55,46,Smoke,552,484,607,530
1024.png,86,160,Smoke,814,379,900,539
1412.png,29,218,Smoke,1164,333,1193,551
0928.png,124,174,Smoke,1252,379,1376,553
1584.png,80,48,Smoke,414,514,494,562
0198.png,50,116,Smoke,1432,426,1482,542
0526.png,55,80,Smoke,546,424,601,504
1737.png,29,218,Smoke,1161,341,1190,559
0335.png,95,139,Smoke,821,409,916,548
1254.png,80,48,Smoke,414,514,494,562
0462.png,86,107,Smoke,658,428,744,535
0167.png,48,34,Smoke,559,483,607,517
0820.png,174,109,Smoke,1746,450,1920,559
1058.png,57,57,Smoke,1773,313,1830,370
0837.png,29,218,Smoke,1163,355,1192,573
1664.png,23,151,Smoke,1210,423,1233,574
0016.png,74,99,Smoke,628,448,702,547
1588.png,111,76,Smoke,816,477,927,553
1778.png,155,48,Smoke,1722,579,1877,627
1649.png,80,48,Smoke,414,514,494,562
0488.png,95,155,Smoke,822,395,917,550
1657.png,76,227,Smoke,1623,382,1699,609
0718.png,57,57,Smoke,1773,313,1830,370
1732.png,80,48,Smoke,414,514,494,562
0038.png,65,197,Smoke,1598,423,1663,620
1066.png,57,57,Smoke,1773,313,1830,370
0289.png,57,57,Smoke,1773,313,1830,370
0251.png,32,158,Smoke,962,387,994,545
1092.png,124,174,Smoke,1253,377,1377,551
0722.png,111,221,Smoke,1020,321,1131,542
0875.png,50,128,Smoke,1431,426,1481,554
0546.png,50,128,Smoke,1435,421,1485,549
0729.png,57,57,Smoke,1773,313,1830,370
1108.png,76,250,Smoke,1615,390,1691,640
1032.png,29,218,Smoke,1163,353,1192,571
1750.png,23,151,Smoke,1213,417,1236,568
0510.png,69,59,Smoke,1688,578,1757,637
0880.png,174,109,Smoke,1746,451,1920,560
0653.png,111,221,Smoke,1020,322,1131,543
0756.png,109,179,Smoke,813,368,922,547
1775.png,23,151,Smoke,1215,416,1238,567
1725.png,181,109,Smoke,1739,455,1920,564
0209.png,23,113,Smoke,1214,464,1237,577
1284.png,23,113,Smoke,1212,466,1235,579
1180.png,29,218,Smoke,1164,333,1193,551
1051.png,29,218,Smoke,1163,351,1192,569
0016.png,107,195,Smoke,991,355,1098,550
0476.png,29,218,Smoke,1163,356,1192,574
1422.png,90,67,Smoke,816,488,906,555
1379.png,55,80,Smoke,546,424,601,504
0819.png,32,158,Smoke,963,386,995,544
1457.png,76,227,Smoke,1620,384,1696,611
1685.png,55,80,Smoke,546,424,601,504
0745.png,111,221,Smoke,1019,321,1130,542
0028.png,57,57,Smoke,1773,313,1830,370
0093.png,74,99,Smoke,665,443,739,542
0880.png,23,113,Smoke,1214,469,1237,582
0533.png,80,48,Smoke,415,514,495,562
1247.png,124,174,Smoke,1255,377,1379,551
0285.png,55,84,Smoke,449,460,504,544
0409.png,65,197,Smoke,1617,422,1682,619
1702.png,180,109,Smoke,1740,456,1920,565
1452.png,101,107,Smoke,635,446,736,553
1202.png,97,151,Smoke,816,394,913,545
1125.png,179,109,Smoke,1741,457,1920,566
0905.png,76,250,Smoke,1613,391,1689,641
0746.png,29,218,Smoke,1163,355,1192,573
1505.png,32,170,Smoke,962,373,994,543
0290.png,57,57,Smoke,1773,313,1830,370
0451.png,57,57,Smoke,1773,313,1830,370
0050.png,57,48,Smoke,1698,578,1755,626
0701.png,23,113,Smoke,1213,467,1236,580
0862.png,174,109,Smoke,1746,451,1920,560
1774.png,80,57,Smoke,1761,298,1841,355
0682.png,109,155,Smoke,811,394,920,549
0720.png,76,250,Smoke,1611,396,1687,646
1460.png,76,227,Smoke,1620,384,1696,611
1167.png,76,250,Smoke,1613,390,1689,640
0433.png,65,197,Smoke,1617,422,1682,619
0662.png,109,155,Smoke,810,394,919,549
0712.png,111,221,Smoke,1020,323,1131,544
0832.png,76,118,Smoke,1771,302,1847,420
1099.png,99,59,Smoke,1688,574,1787,633
1124.png,32,158,Smoke,963,376,995,534
1789.png,122,78,Smoke,814,476,936,554
1269.png,50,128,Smoke,1431,417,1481,545
0151.png,65,197,Smoke,1617,422,1682,619
1748.png,128,246,Smoke,1025,317,1153,563
0953.png,50,128,Smoke,1431,424,1481,552
0361.png,69,59,Smoke,1691,580,1760,639
0728.png,80,48,Smoke,414,514,494,562
0723.png,32,158,Smoke,963,388,995,546
0527.png,107,221,Smoke,1024,320,1131,541
1485.png,50,128,Smoke,1431,412,1481,540
1161.png,29,218,Smoke,1164,333,1193,551
0145.png,95,176,Smoke,818,375,913,551
0437.png,69,59,Smoke,1690,577,1759,636
0670.png,50,128,Smoke,1434,425,1484,553
1215.png,111,246,Smoke,1032,307,1143,553
0219.png,95,176,Smoke,819,376,914,552
0675.png,109,155,Smoke,810,394,919,549
0234.png,29,218,Smoke,1162,368,1191,586
1371.png,181,109,Smoke,1739,459,1920,568
0693.png,109,155,Smoke,811,394,920,549
1505.png,57,57,Smoke,1760,304,1817,361
1086.png,32,158,Smoke,963,375,995,533
1148.png,57,57,Smoke,1773,313,1830,370
1306.png,23,113,Smoke,1212,466,1235,579
0461.png,124,174,Smoke,1250,378,1374,552
0481.png,76,118,Smoke,1771,309,1847,427
1491.png,23,151,Smoke,1212,422,1235,573
0328.png,69,59,Smoke,1690,579,1759,638
0772.png,50,128,Smoke,1431,424,1481,552
0311.png,57,57,Smoke,1773,313,1830,370
0437.png,29,218,Smoke,1163,357,1192,575
1461.png,55,80,Smoke,546,424,601,504
0668.png,99,59,Smoke,1692,575,1791,634
0274.png,55,84,Smoke,450,460,505,544
0376.png,57,57,Smoke,1773,313,1830,370
1742.png,141,67,Smoke,1759,371,1900,438
1654.png,80,48,Smoke,414,514,494,562
0105.png,95,176,Smoke,818,375,913,551
0541.png,97,120,Smoke,647,425,744,545
1787.png,50,128,Smoke,1431,412,1481,540
0881.png,124,174,Smoke,1252,379,1376,553
0279.png,29,218,Smoke,1163,356,1192,574
0874.png,29,218,Smoke,1163,355,1192,573
1527.png,155,48,Smoke,1721,581,1876,629
0200.png,29,218,Smoke,1162,366,1191,584
1242.png,55,80,Smoke,546,424,601,504
1498.png,29,218,Smoke,1164,337,1193,555
1570.png,141,67,Smoke,1758,378,1899,445
0551.png,65,218,Smoke,1618,397,1683,615
1023.png,29,218,Smoke,1163,353,1192,571
0492.png,65,197,Smoke,1617,420,1682,617
1219.png,23,113,Smoke,1213,468,1236,581
0978.png,23,113,Smoke,1214,468,1237,581
1241.png,23,113,Smoke,1213,466,1236,579
0075.png,29,218,Smoke,1165,355,1194,573
0407.png,69,59,Smoke,1690,578,1759,637
0656.png,23,113,Smoke,1213,466,1236,579
1292.png,29,218,Smoke,1164,335,1193,553
1076.png,124,174,Smoke,1253,377,1377,551
0411.png,55,84,Smoke,450,460,505,544
0775.png,29,218,Smoke,1163,355,1192,573
1370.png,32,170,Smoke,962,373,994,543
0320.png,57,57,Smoke,1773,313,1830,370
1554.png,170,57,Smoke,568,497,738,554
1670.png,23,151,Smoke,1210,419,1233,570
1193.png,80,48,Smoke,414,514,494,562
1153.png,29,218,Smoke,1164,331,1193,549
0595.png,57,57,Smoke,1773,313,1830,370
1380.png,101,107,Smoke,635,446,736,553
0195.png,50,116,Smoke,1432,426,1482,542
0973.png,57,57,Smoke,1773,313,1830,370
1659.png,23,151,Smoke,1210,424,1233,575
1759.png,122,78,Smoke,814,476,936,554
0560.png,55,80,Smoke,546,424,601,504
0867.png,111,233,Smoke,1022,318,1133,551
1714.png,155,48,Smoke,1722,579,1877,627
0050.png,34,116,Smoke,1430,432,1464,548
0450.png,124,174,Smoke,1250,378,1374,552
1334.png,55,80,Smoke,546,424,601,504
1689.png,141,67,Smoke,1761,373,1902,440
0422.png,69,59,Smoke,1690,578,1759,637
0892.png,23,113,Smoke,1214,467,1237,580
1742.png,80,48,Smoke,414,514,494,562
0474.png,97,120,Smoke,647,425,744,545
0683.png,111,221,Smoke,1020,322,1131,543
1463.png,29,218,Smoke,1164,333,1193,551
1686.png,32,170,Smoke,966,380,998,550
1192.png,76,250,Smoke,1613,390,1689,640
1580.png,55,80,Smoke,546,424,601,504
1188.png,101,107,Smoke,635,446,736,553
0056.png,76,92,Smoke,1768,309,1844,401
1192.png,97,151,Smoke,816,394,913,545
0937.png,111,233,Smoke,1027,317,1138,550
0709.png,23,113,Smoke,1213,466,1236,579
1205.png,76,250,Smoke,1613,390,1689,640
0741.png,57,57,Smoke,1773,313,1830,370
1058.png,99,59,Smoke,1686,575,1785,634
0541.png,55,80,Smoke,546,424,601,504
1493.png,130,227,Smoke,1024,318,1154,545
1748.png,180,109,Smoke,1740,456,1920,565
1021.png,23,113,Smoke,1214,468,1237,581
1071.png,97,151,Smoke,814,393,911,544
0987.png,179,109,Smoke,1741,455,1920,564
1269.png,84,67,Smoke,1760,375,1844,442
0682.png,57,57,Smoke,1773,313,1830,370
0589.png,76,118,Smoke,1770,308,1846,426
1582.png,132,155,Smoke,1246,396,1378,551
0859.png,170,90,Smoke,567,466,737,556
1447.png,80,48,Smoke,414,514,494,562
0870.png,174,109,Smoke,1746,452,1920,561
1474.png,55,80,Smoke,546,424,601,504
0755.png,76,250,Smoke,1611,394,1687,644
1678.png,23,151,Smoke,1210,421,1233,572
1671.png,29,218,Smoke,1161,338,1190,556
1212.png,111,246,Smoke,1032,307,1143,553
0558.png,32,158,Smoke,962,389,994,547
0829.png,99,59,Smoke,1689,577,1788,636
0748.png,80,48,Smoke,414,514,494,562
0348.png,29,218,Smoke,1163,356,1192,574
0084.png,76,92,Smoke,1768,309,1844,401
1702.png,32,170,Smoke,966,380,998,550
1047.png,97,151,Smoke,813,393,910,544
1689.png,128,246,Smoke,1021,312,1149,558
1140.png,101,107,Smoke,635,446,736,553
0561.png,76,118,Smoke,1770,307,1846,425
0057.png,29,170,Smoke,1164,393,1193,563
1374.png,76,227,Smoke,1615,382,1691,609
0444.png,95,139,Smoke,820,403,915,542
1768.png,122,78,Smoke,814,476,936,554
0052.png,151,97,Smoke,1769,462,1920,559
0704.png,80,48,Smoke,414,514,494,562
0748.png,160,57,Smoke,580,501,740,558
1687.png,29,218,Smoke,1161,332,1190,550
0343.png,32,158,Smoke,962,387,994,545
0939.png,111,233,Smoke,1027,317,1138,550
0235.png,107,221,Smoke,1021,323,1128,544
1302.png,130,227,Smoke,1019,324,1149,551
0084.png,32,158,Smoke,961,388,993,546
1228.png,23,113,Smoke,1213,467,1236,580
0860.png,29,218,Smoke,1163,355,1192,573
1648.png,50,128,Smoke,1431,412,1481,540
1665.png,32,170,Smoke,965,378,997,548
1531.png,55,80,Smoke,546,424,601,504
1200.png,101,107,Smoke,635,446,736,553
1210.png,29,218,Smoke,1164,333,1193,551
0986.png,111,233,Smoke,1026,316,1137,549
0534.png,32,158,Smoke,962,389,994,547
0879.png,76,250,Smoke,1615,391,1691,641
0459.png,50,116,Smoke,1431,428,1481,544
1105.png,179,109,Smoke,1741,457,1920,566
0062.png,23,113,Smoke,1214,464,1237,577
1741.png,55,80,Smoke,546,424,601,504
1561.png,141,67,Smoke,1758,377,1899,444
0611.png,65,218,Smoke,1620,397,1685,615
1282.png,23,113,Smoke,1212,466,1235,579
0797.png,29,218,Smoke,1163,355,1192,573
1229.png,99,59,Smoke,1687,574,1786,633
0003.png,34,116,Smoke,1403,433,1437,549
0418.png,55,84,Smoke,450,460,505,544
0202.png,145,86,Smoke,1775,455,1920,541
1392.png,90,67,Smoke,815,489,905,556
1489.png,23,151,Smoke,1212,421,1235,572
0520.png,160,109,Smoke,1760,451,1920,560
0367.png,76,95,Smoke,666,430,742,525
1755.png,80,48,Smoke,414,514,494,562
0554.png,107,221,Smoke,1026,319,1133,540
1764.png,99,55,Smoke,642,498,741,553
0732.png,23,113,Smoke,1213,467,1236,580
0421.png,124,174,Smoke,1251,378,1375,552
0832.png,124,174,Smoke,1251,379,1375,553
0659.png,149,71,Smoke,588,487,737,558
0892.png,111,233,Smoke,1022,319,1133,552
1602.png,155,48,Smoke,1722,581,1877,629
0778.png,55,80,Smoke,546,424,601,504
1345.png,179,109,Smoke,1741,459,1920,568
1322.png,179,109,Smoke,1741,458,1920,567
1151.png,55,80,Smoke,546,424,601,504
0434.png,142,109,Smoke,1778,450,1920,559
0628.png,124,174,Smoke,1251,377,1375,551
1454.png,23,151,Smoke,1212,424,1235,575
1522.png,170,57,Smoke,568,498,738,555
1031.png,99,59,Smoke,1687,577,1786,636
0055.png,48,34,Smoke,559,483,607,517
1193.png,32,158,Smoke,963,376,995,534
1024.png,23,113,Smoke,1214,468,1237,581
0888.png,23,113,Smoke,1214,468,1237,581
1350.png,141,67,Smoke,1759,375,1900,442
0631.png,109,155,Smoke,809,395,918,550
1002.png,86,160,Smoke,813,387,899,547
0242.png,65,197,Smoke,1617,422,1682,619
0124.png,55,143,Smoke,445,387,500,530
0022.png,76,92,Smoke,1733,311,1809,403
1725.png,141,67,Smoke,1759,371,1900,438
1064.png,179,109,Smoke,1741,457,1920,566
1624.png,122,78,Smoke,809,475,931,553
0626.png,23,113,Smoke,1214,465,1237,578
0885.png,76,250,Smoke,1613,392,1689,642
0391.png,55,80,Smoke,546,421,601,501
0976.png,80,48,Smoke,414,514,494,562
0184.png,29,218,Smoke,1163,346,1192,564
0393.png,143,113,Smoke,1777,442,1920,555
0919.png,80,48,Smoke,414,514,494,562
0907.png,50,128,Smoke,1431,424,1481,552
0550.png,160,109,Smoke,1760,449,1920,558
0648.png,50,128,Smoke,1434,425,1484,553
0200.png,69,59,Smoke,1691,577,1760,636
0482.png,55,80,Smoke,546,424,601,504
0335.png,29,218,Smoke,1163,358,1192,576
1217.png,84,67,Smoke,1760,376,1844,443
1105.png,99,59,Smoke,1689,575,1788,634
1318.png,55,80,Smoke,546,424,601,504
0165.png,148,97,Smoke,1772,449,1920,546
0045.png,34,116,Smoke,1424,432,1458,548
0514.png,23,113,Smoke,1214,464,1237,577
0944.png,55,80,Smoke,546,424,601,504
1613.png,130,227,Smoke,1026,312,1156,539
0328.png,29,218,Smoke,1163,356,1192,574
1495.png,103,55,Smoke,818,499,921,554
1039.png,29,218,Smoke,1163,351,1192,569
0690.png,29,218,Smoke,1163,357,1192,575
1654.png,155,48,Smoke,1722,579,1877,627
1287.png,130,227,Smoke,1017,329,1147,556
0922.png,57,57,Smoke,1773,313,1830,370
1314.png,57,57,Smoke,1773,313,1830,370
0116.png,55,143,Smoke,446,386,501,529
1287.png,124,174,Smoke,1255,377,1379,551
0576.png,50,128,Smoke,1435,423,1485,551
0601.png,76,118,Smoke,1770,308,1846,426
1513.png,170,57,Smoke,568,499,738,556
0852.png,32,158,Smoke,963,386,995,544
1159.png,111,246,Smoke,1030,307,1141,553
1654.png,50,128,Smoke,1431,412,1481,540
1439.png,141,67,Smoke,1759,374,1900,441
0966.png,29,218,Smoke,1163,353,1192,571
1344.png,55,80,Smoke,546,424,601,504
1492.png,183,109,Smoke,1737,457,1920,566
0077.png,29,218,Smoke,1165,355,1194,573
0663.png,50,128,Smoke,1435,425,1485,553
1586.png,180,109,Smoke,1740,458,1920,567
1499.png,55,80,Smoke,546,424,601,504
0658.png,76,118,Smoke,1771,305,1847,423
1191.png,29,218,Smoke,1164,333,1193,551
1207.png,29,218,Smoke,1164,331,1193,549
1578.png,55,80,Smoke,546,424,601,504
0937.png,32,158,Smoke,962,381,994,539
1109.png,57,57,Smoke,1773,313,1830,370
1447.png,155,48,Smoke,1717,579,1872,627
0536.png,65,218,Smoke,1619,399,1684,617
0688.png,29,218,Smoke,1163,358,1192,576
1063.png,50,128,Smoke,1431,422,1481,550
1751.png,155,48,Smoke,1722,579,1877,627
0060.png,57,57,Smoke,1773,313,1830,370
0188.png,23,113,Smoke,1214,464,1237,577
1591.png,57,57,Smoke,1761,304,1818,361
0219.png,107,221,Smoke,1021,325,1128,546
1435.png,130,227,Smoke,1023,322,1153,549
1259.png,130,227,Smoke,1015,328,1145,555
1486.png,170,57,Smoke,563,500,733,557
0471.png,50,116,Smoke,1431,428,1481,544
0261.png,55,84,Smoke,450,460,505,544
1151.png,84,67,Smoke,1762,378,1846,445
1786.png,155,48,Smoke,1722,577,1877,625
1621.png,80,57,Smoke,1763,302,1843,359
0689.png,29,218,Smoke,1163,357,1192,575
1365.png,29,218,Smoke,1164,337,1193,555
0720.png,80,48,Smoke,414,514,494,562
1470.png,170,57,Smoke,563,503,733,560
1665.png,128,246,Smoke,1018,311,1146,557
1136.png,29,218,Smoke,1164,331,1193,549
0286.png,69,59,Smoke,1691,577,1760,636
0414.png,124,174,Smoke,1251,378,1375,552
0961.png,57,57,Smoke,1773,313,1830,370
0838.png,124,174,Smoke,1251,379,1375,553
0494.png,80,48,Smoke,416,515,496,563
0679.png,174,109,Smoke,1746,449,1920,558
0354.png,95,139,Smoke,821,408,916,547
0145.png,74,99,Smoke,666,437,740,536
1216.png,179,109,Smoke,1741,458,1920,567
0671.png,76,118,Smoke,1772,304,1848,422
0125.png,149,97,Smoke,1771,455,1920,552
0956.png,76,118,Smoke,1769,316,1845,434
1797.png,55,80,Smoke,546,424,601,504
0549.png,55,80,Smoke,546,424,601,504
0156.png,95,176,Smoke,818,375,913,551
0958.png,124,174,Smoke,1253,379,1377,553
0401.png,55,80,Smoke,546,421,601,501
1386.png,32,170,Smoke,962,375,994,545
1767.png,50,128,Smoke,1431,413,1481,541
0705.png,23,113,Smoke,1213,464,1236,577
1446.png,103,55,Smoke,815,498,918,553
1371.png,92,57,Smoke,1754,305,1846,362
0824.png,76,250,Smoke,1615,394,1691,644
1716.png,55,80,Smoke,546,424,601,504
0716.png,160,57,Smoke,580,501,740,558
0844.png,80,48,Smoke,414,514,494,562
0206.png,55,46,Smoke,552,484,607,530
1355.png,50,128,Smoke,1431,416,1481,544
1213.png,29,218,Smoke,1164,333,1193,551
0751.png,76,250,Smoke,1610,394,1686,644
1681.png,80,57,Smoke,1759,301,1839,358
0001.png,23,113,Smoke,1214,464,1237,577
1727.png,122,78,Smoke,813,473,935,551
0065.png,76,92,Smoke,1769,309,1845,401
1429.png,50,128,Smoke,1431,414,1481,542
1036.png,76,250,Smoke,1615,391,1691,641
0345.png,32,158,Smoke,962,387,994,545
1202.png,80,48,Smoke,414,514,494,562
1490.png,50,128,Smoke,1431,412,1481,540
0108.png,74,99,Smoke,665,441,739,540
1407.png,29,218,Smoke,1164,335,1193,553
1253.png,124,174,Smoke,1255,377,1379,551
1429.png,155,48,Smoke,1718,578,1873,626
1289.png,32,170,Smoke,962,376,994,546
0705.png,80,48,Smoke,414,514,494,562
1147.png,84,67,Smoke,1762,378,1846,445
1391.png,55,80,Smoke,546,424,601,504
1223.png,101,107,Smoke,635,446,736,553
0977.png,101,160,Smoke,812,379,913,539
0428.png,143,113,Smoke,1777,446,1920,559
0639.png,76,118,Smoke,1771,305,1847,423
1179.png,29,218,Smoke,1164,331,1193,549
1738.png,80,57,Smoke,1758,299,1838,356
0694.png,99,59,Smoke,1692,576,1791,635
1381.png,57,57,Smoke,1754,305,1811,362
0800.png,109,179,Smoke,814,367,923,546
1264.png,130,227,Smoke,1017,328,1147,555
0856.png,174,109,Smoke,1746,452,1920,561
0216.png,29,218,Smoke,1162,368,1191,586
0427.png,143,113,Smoke,1777,446,1920,559
0181.png,55,143,Smoke,445,384,500,527
0997.png,124,174,Smoke,1253,379,1377,553
0806.png,76,118,Smoke,1773,301,1849,419
0928.png,50,128,Smoke,1431,424,1481,552
0364.png,57,57,Smoke,1773,313,1830,370
0271.png,55,46,Smoke,552,484,607,530
1195.png,101,107,Smoke,635,446,736,553
0151.png,55,143,Smoke,445,385,500,528
1475.png,23,151,Smoke,1212,423,1235,574
1547.png,29,218,Smoke,1163,345,1192,563
0816.png,76,118,Smoke,1772,302,1848,420
0286.png,32,158,Smoke,962,387,994,545
0725.png,76,250,Smoke,1611,394,1687,644
0745.png,76,250,Smoke,1610,394,1686,644
0457.png,50,116,Smoke,1431,428,1481,544
0765.png,55,80,Smoke,546,424,601,504
0118.png,50,116,Smoke,1433,434,1483,550
0005.png,34,116,Smoke,1403,433,1437,549
0441.png,55,80,Smoke,545,422,600,502
0700.png,55,80,Smoke,546,424,601,504
0993.png,101,168,Smoke,813,378,914,546
1735.png,50,128,Smoke,1431,412,1481,540
0711.png,76,118,Smoke,1772,304,1848,422
0042.png,145,116,Smoke,1213,427,1358,543
1219.png,57,57,Smoke,1773,313,1830,370
0377.png,55,84,Smoke,450,460,505,544
0596.png,109,155,Smoke,809,395,918,550
1424.png,132,155,Smoke,1248,397,1380,552
1608.png,50,128,Smoke,1431,412,1481,540
0417.png,124,174,Smoke,1251,378,1375,552
1176.png,76,250,Smoke,1613,389,1689,639
1645.png,80,57,Smoke,1761,301,1841,358
1382.png,29,218,Smoke,1164,337,1193,555
0073.png,32,158,Smoke,961,388,993,546
0631.png,99,59,Smoke,1692,575,1791,634
0114.png,55,143,Smoke,446,387,501,530
0627.png,29,218,Smoke,1163,357,1192,575
1726.png,155,48,Smoke,1722,579,1877,627
0618.png,23,113,Smoke,1214,465,1237,578
1216.png,76,250,Smoke,1614,390,1690,640
1651.png,122,78,Smoke,810,475,932,553
0863.png,107,179,Smoke,814,370,921,549
0614.png,50,128,Smoke,1434,423,1484,551
1590.png,23,151,Smoke,1211,424,1234,575
1307.png,32,170,Smoke,962,378,994,548
0374.png,55,84,Smoke,450,460,505,544
0811.png,50,128,Smoke,1431,426,1481,554
0625.png,57,57,Smoke,1773,313,1830,370
0675.png,65,218,Smoke,1620,396,1685,614
1479.png,32,170,Smoke,962,373,994,543
0312.png,57,57,Smoke,1773,313,1830,370
0667.png,80,48,Smoke,414,513,494,561
0493.png,107,221,Smoke,1024,318,1131,539
0186.png,146,97,Smoke,1774,449,1920,546
1252.png,111,246,Smoke,1032,308,1143,554
1402.png,180,109,Smoke,1740,457,1920,566
0877.png,174,109,Smoke,1746,451,1920,560
0306.png,55,46,Smoke,552,485,607,531
0508.png,57,57,Smoke,1773,313,1830,370
1609.png,130,227,Smoke,1026,310,1156,537
0510.png,23,113,Smoke,1214,464,1237,577
1103.png,101,107,Smoke,635,446,736,553
0181.png,50,116,Smoke,1433,426,1483,542
0316.png,57,57,Smoke,1773,313,1830,370
0458.png,55,80,Smoke,546,425,601,505
0773.png,109,179,Smoke,813,367,922,546
1171.png,179,109,Smoke,1741,457,1920,566
1791.png,50,128,Smoke,1431,412,1481,540
0888.png,99,59,Smoke,1688,577,1787,636
0992.png,57,57,Smoke,1773,313,1830,370
0540.png,50,128,Smoke,1435,421,1485,549
1706.png,132,155,Smoke,1246,397,1378,552
1654.png,122,78,Smoke,810,475,932,553
0054.png,65,197,Smoke,1614,423,1679,620
1530.png,80,48,Smoke,414,514,494,562
0437.png,32,158,Smoke,962,387,994,545
1119.png,124,174,Smoke,1254,377,1378,551
0985.png,32,158,Smoke,962,381,994,539
0473.png,142,109,Smoke,1778,446,1920,555
1093.png,57,57,Smoke,1773,313,1830,370
0013.png,151,97,Smoke,1741,462,1892,559
0616.png,97,120,Smoke,647,430,744,550
0680.png,50,128,Smoke,1434,423,1484,551
0991.png,55,80,Smoke,546,424,601,504
1734.png,80,48,Smoke,414,514,494,562
1018.png,50,128,Smoke,1431,422,1481,550
0580.png,57,57,Smoke,1773,313,1830,370
0135.png,57,57,Smoke,1773,313,1830,370
0379.png,23,113,Smoke,1214,464,1237,577
1673.png,113,57,Smoke,629,495,742,552
0579.png,55,80,Smoke,546,424,601,504
0801.png,76,250,Smoke,1615,394,1691,644
0699.png,109,155,Smoke,811,392,920,547
1743.png,132,155,Smoke,1246,397,1378,552
0176.png,148,97,Smoke,1772,449,1920,546
0745.png,57,57,Smoke,1773,313,1830,370
0251.png,141,86,Smoke,1779,457,1920,543
1386.png,76,227,Smoke,1616,381,1692,608
1036.png,99,59,Smoke,1686,576,1785,635
1694.png,80,48,Smoke,414,514,494,562
1743.png,181,109,Smoke,1739,456,1920,565
1511.png,55,80,Smoke,546,424,601,504
0470.png,32,158,Smoke,962,387,994,545
0192.png,141,147,Smoke,1231,408,1372,555
0620.png,99,59,Smoke,1692,576,1791,635
1331.png,55,80,Smoke,546,424,601,504
0750.png,109,179,Smoke,813,366,922,545
1634.png,50,128,Smoke,1431,412,1481,540
0503.png,69,59,Smoke,1688,578,1757,637
0370.png,57,57,Smoke,1773,313,1830,370
0852.png,50,128,Smoke,1431,426,1481,554
0416.png,76,105,Smoke,1769,311,1845,416
1431.png,55,80,Smoke,546,424,601,504
0645.png,65,218,Smoke,1620,397,1685,615
0025.png,57,48,Smoke,1671,580,1728,628
0106.png,57,48,Smoke,1704,579,1761,627
1786.png,23,151,Smoke,1215,415,1238,566
1604.png,132,155,Smoke,1246,397,1378,552
1665.png,76,227,Smoke,1623,382,1699,609
1387.png,155,48,Smoke,1718,578,1873,626
0228.png,57,57,Smoke,1773,313,1830,370
1636.png,113,57,Smoke,629,495,742,552
1033.png,80,48,Smoke,414,514,494,562
1599.png,55,80,Smoke,546,424,601,504
0362.png,143,113,Smoke,1777,442,1920,555
0318.png,55,84,Smoke,449,460,504,544
0515.png,107,221,Smoke,1024,320,1131,541
0881.png,55,80,Smoke,546,424,601,504
0588.png,23,113,Smoke,1214,465,1237,578
1604.png,23,151,Smoke,1211,421,1234,572
0028.png,32,158,Smoke,932,389,964,547
0797.png,109,179,Smoke,814,367,923,546
0441.png,142,109,Smoke,1778,450,1920,559
1575.png,141,67,Smoke,1757,377,1898,444
1371.png,92,57,Smoke,1754,305,1846,362
1597.png,50,128,Smoke,1431,413,1481,541
0862.png,76,250,Smoke,1615,392,1691,642
0700.png,109,179,Smoke,813,368,922,547
1029.png,57,57,Smoke,1773,313,1830,370
0925.png,76,118,Smoke,1769,316,1845,434
0814.png,80,48,Smoke,414,514,494,562
1735.png,32,170,Smoke,966,382,998,552
0395.png,23,113,Smoke,1214,464,1237,577
1700.png,23,151,Smoke,1210,419,1233,570
1641.png,55,80,Smoke,546,424,601,504
0305.png,124,174,Smoke,1250,378,1374,552
1405.png,32,170,Smoke,962,375,994,545
0500.png,29,218,Smoke,1163,358,1192,576
1042.png,179,109,Smoke,1741,458,1920,567
1185.png,29,218,Smoke,1164,333,1193,551
0045.png,55,143,Smoke,436,392,491,535
0450.png,57,57,Smoke,1773,313,1830,370
0129.png,74,99,Smoke,666,437,740,536
1764.png,23,151,Smoke,1215,417,1238,568
0580.png,169,109,Smoke,1751,450,1920,559
1597.png,111,76,Smoke,817,477,928,553
0035.png,95,176,Smoke,798,380,893,556
0454.png,107,221,Smoke,1023,319,1130,540
1227.png,179,109,Smoke,1741,459,1920,568
0488.png,50,116,Smoke,1431,428,1481,544
0871.png,111,233,Smoke,1020,318,1131,551
1035.png,29,218,Smoke,1163,353,1192,571
1094.png,57,57,Smoke,1773,313,1830,370
0073.png,57,57,Smoke,1773,313,1830,370
1683.png,80,57,Smoke,1759,300,1839,357
1793.png,155,48,Smoke,1722,578,1877,626
1073.png,101,107,Smoke,635,446,736,553
0320.png,32,158,Smoke,962,387,994,545
0229.png,76,92,Smoke,1768,309,1844,401
1724.png,50,128,Smoke,1431,412,1481,540
1540.png,130,227,Smoke,1026,314,1156,541
0699.png,149,57,Smoke,591,500,740,557
1165.png,111,246,Smoke,1030,307,1141,553
1056.png,32,158,Smoke,962,380,994,538
0861.png,50,128,Smoke,1431,425,1481,553
0124.png,76,92,Smoke,1769,310,1845,402
1434.png,141,67,Smoke,1759,374,1900,441
0944.png,32,158,Smoke,962,381,994,539
1499.png,76,227,Smoke,1621,384,1697,611
1650.png,23,151,Smoke,1210,422,1233,573
0202.png,76,92,Smoke,1769,309,1845,401
0072.png,32,158,Smoke,961,388,993,546
1689.png,23,151,Smoke,1210,420,1233,571
0822.png,174,109,Smoke,1746,450,1920,559
0248.png,55,84,Smoke,450,460,505,544
0108.png,50,116,Smoke,1433,433,1483,549
0697.png,111,221,Smoke,1020,322,1131,543
0784.png,111,233,Smoke,1019,321,1130,554
1213.png,124,174,Smoke,1255,377,1379,551
0607.png,55,80,Smoke,546,424,601,504
0880.png,29,218,Smoke,1163,355,1192,573
0844.png,57,57,Smoke,1773,313,1830,370
0336.png,55,46,Smoke,552,484,607,530
1067.png,179,109,Smoke,1741,457,1920,566
1253.png,99,59,Smoke,1689,575,1788,634
1526.png,180,109,Smoke,1740,457,1920,566
0170.png,50,116,Smoke,1433,428,1483,544
0502.png,29,218,Smoke,1163,356,1192,574
1034.png,99,59,Smoke,1687,576,1786,635
0121.png,76,92,Smoke,1768,310,1844,402
1760.png,141,67,Smoke,1760,371,1901,438
0989.png,124,174,Smoke,1253,379,1377,553
1719.png,80,57,Smoke,1759,299,1839,356
1584.png,50,128,Smoke,1431,412,1481,540
1767.png,55,80,Smoke,546,424,601,504
1496.png,130,227,Smoke,1024,319,1154,546
1480.png,180,109,Smoke,1740,457,1920,566
0246.png,32,158,Smoke,962,387,994,545
1735.png,29,218,Smoke,1161,339,1190,557
1628.png,122,78,Smoke,809,475,931,553
0275.png,95,176,Smoke,820,371,915,547
0252.png,32,158,Smoke,962,387,994,545
1684.png,55,80,Smoke,546,424,601,504
1340.png,57,57,Smoke,1773,313,1830,370
0156.png,74,99,Smoke,666,436,740,535
0120.png,55,143,Smoke,446,387,501,530
0610.png,57,57,Smoke,1773,313,1830,370
1453.png,50,128,Smoke,1431,412,1481,540
1465.png,170,57,Smoke,563,504,733,561
1647.png,113,57,Smoke,629,495,742,552
0712.png,160,57,Smoke,581,500,741,557
0441.png,32,158,Smoke,962,387,994,545
0517.png,107,221,Smoke,1024,320,1131,541
0370.png,95,139,Smoke,821,409,916,548
0993.png,50,128,Smoke,1431,423,1481,551
1030.png,50,128,Smoke,1431,422,1481,550
0990.png,55,80,Smoke,546,424,601,504
1643.png,181,109,Smoke,1739,457,1920,566
1399.png,141,67,Smoke,1759,374,1900,441
1119.png,57,57,Smoke,1773,313,1830,370
1448.png,57,57,Smoke,1758,305,1815,362
1752.png,155,48,Smoke,1722,579,1877,627
0286.png,29,218,Smoke,1163,356,1192,574
1603.png,80,48,Smoke,414,514,494,562
0119.png,48,34,Smoke,559,483,607,517
0969.png,29,218,Smoke,1163,353,1192,571
1466.png,132,155,Smoke,1247,397,1379,552
0418.png,57,57,Smoke,1773,313,1830,370
1586.png,113,57,Smoke,628,498,741,555
1197.png,55,80,Smoke,546,424,601,504
1145.png,101,107,Smoke,635,446,736,553
0463.png,69,59,Smoke,1689,578,1758,637
0161.png,23,113,Smoke,1214,464,1237,577
0404.png,124,174,Smoke,1250,378,1374,552
0125.png,50,116,Smoke,1433,433,1483,549
0494.png,76,118,Smoke,1771,309,1847,427
0261.png,55,46,Smoke,552,484,607,530
1521.png,80,48,Smoke,414,514,494,562
0324.png,55,46,Smoke,552,484,607,530
0639.png,55,80,Smoke,546,424,601,504
0116.png,76,92,Smoke,1769,310,1845,402
0195.png,32,158,Smoke,962,387,994,545
1496.png,80,48,Smoke,414,514,494,562
0649.png,29,218,Smoke,1163,359,1192,577
1429.png,29,218,Smoke,1164,333,1193,551
0394.png,29,218,Smoke,1163,357,1192,575
1240.png,29,218,Smoke,1164,329,1193,547
0606.png,111,221,Smoke,1019,321,1130,542
0636.png,124,174,Smoke,1251,378,1375,552
1641.png,155,48,Smoke,1722,579,1877,627
0263.png,76,92,Smoke,1768,309,1844,401
1113.png,80,48,Smoke,414,514,494,562
0781.png,23,113,Smoke,1214,467,1237,580
0857.png,111,233,Smoke,1021,318,1132,551
1050.png,179,109,Smoke,1741,457,1920,566
0374.png,142,113,Smoke,1778,443,1920,556
0182.png,55,143,Smoke,445,384,500,527
1485.png,103,55,Smoke,818,498,921,553
0482.png,69,59,Smoke,1688,578,1757,637
0483.png,80,48,Smoke,423,504,503,552
1627.png,50,128,Smoke,1431,412,1481,540
0888.png,111,233,Smoke,1022,316,1133,549
0092.png,48,34,Smoke,559,483,607,517
0093.png,57,57,Smoke,1773,313,1830,370
1701.png,29,218,Smoke,1161,336,1190,554
0557.png,29,218,Smoke,1163,357,1192,575
0022.png,23,113,Smoke,1214,464,1237,577
1485.png,29,218,Smoke,1164,333,1193,551
1057.png,111,246,Smoke,1028,309,1139,555
0532.png,57,57,Smoke,1773,313,1830,370
0068.png,145,116,Smoke,1227,427,1372,543
0662.png,80,48,Smoke,414,514,494,562
0975.png,101,160,Smoke,812,381,913,541
0669.png,149,71,Smoke,589,487,738,558
1479.png,29,218,Smoke,1164,333,1193,551
0147.png,147,97,Smoke,1773,452,1920,549
0339.png,144,113,Smoke,1776,443,1920,556
1413.png,29,218,Smoke,1164,333,1193,551
0671.png,149,71,Smoke,589,487,738,558
0083.png,32,158,Smoke,961,386,993,544
0221.png,74,99,Smoke,665,432,739,531
1238.png,99,59,Smoke,1687,574,1786,633
0229.png,143,86,Smoke,1777,458,1920,544
0811.png,57,57,Smoke,1773,313,1830,370
0859.png,107,179,Smoke,814,369,921,548
1111.png,179,109,Smoke,1741,457,1920,566
1444.png,23,151,Smoke,1212,422,1235,573
0895.png,143,71,Smoke,596,483,739,554
0223.png,23,113,Smoke,1214,464,1237,577
0376.png,23,113,Smoke,1214,464,1237,577
0624.png,76,118,Smoke,1771,307,1847,425
0191.png,29,218,Smoke,1162,364,1191,582
1628.png,155,48,Smoke,1722,579,1877,627
0702.png,111,221,Smoke,1020,323,1131,544
0330.png,144,113,Smoke,1776,444,1920,557
0020.png,74,99,Smoke,629,448,703,547
0055.png,34,116,Smoke,1432,431,1466,547
0552.png,160,109,Smoke,1760,453,1920,562
0259.png,55,84,Smoke,450,460,505,544
1371.png,23,151,Smoke,1212,422,1235,573
0455.png,65,197,Smoke,1617,422,1682,619
1721.png,50,128,Smoke,1431,412,1481,540
0799.png,80,48,Smoke,414,514,494,562
1481.png,29,218,Smoke,1164,333,1193,551
1177.png,50,128,Smoke,1431,420,1481,548
0317.png,76,92,Smoke,1768,310,1844,402
1182.png,180,109,Smoke,1740,459,1920,568
0786.png,124,174,Smoke,1251,379,1375,553
0153.png,145,116,Smoke,1226,427,1371,543
0107.png,23,113,Smoke,1214,464,1237,577
0602.png,124,174,Smoke,1251,377,1375,551
0629.png,97,120,Smoke,647,429,744,549
1784.png,155,48,Smoke,1722,577,1877,625
0321.png,32,158,Smoke,962,387,994,545
1408.png,155,48,Smoke,1718,577,1873,625
0515.png,97,120,Smoke,646,423,743,543
1317.png,80,48,Smoke,414,514,494,562
1487.png,76,227,Smoke,1620,384,1696,611
1456.png,180,109,Smoke,1740,456,1920,565
0276.png,55,84,Smoke,450,460,505,544
1540.png,80,48,Smoke,414,514,494,562
1443.png,50,128,Smoke,1432,412,1482,540
0038.png,76,92,Smoke,1749,311,1825,403
0322.png,50,116,Smoke,1431,428,1481,544
1147.png,99,59,Smoke,1688,574,1787,633
1024.png,50,128,Smoke,1431,422,1481,550
1382.png,76,227,Smoke,1615,382,1691,609
0359.png,124,174,Smoke,1251,378,1375,552
1139.png,29,218,Smoke,1164,331,1193,549
1290.png,84,67,Smoke,1760,375,1844,442
1254.png,111,246,Smoke,1032,309,1143,555
0442.png,32,158,Smoke,962,387,994,545
0472.png,142,109,Smoke,1778,446,1920,555
0884.png,174,109,Smoke,1746,452,1920,561
1299.png,90,67,Smoke,815,491,905,558
1138.png,111,246,Smoke,1030,306,1141,552
0177.png,95,176,Smoke,818,375,913,551
1400.png,23,151,Smoke,1212,422,1235,573
0652.png,57,57,Smoke,1773,313,1830,370
1430.png,132,155,Smoke,1248,397,1380,552
0121.png,57,48,Smoke,1705,577,1762,625
0866.png,76,250,Smoke,1615,392,1691,642
0158.png,48,34,Smoke,559,483,607,517
0290.png,50,116,Smoke,1431,429,1481,545
1616.png,122,78,Smoke,808,474,930,552
0816.png,55,80,Smoke,546,424,601,504
0787.png,57,57,Smoke,1773,313,1830,370
0392.png,57,57,Smoke,1773,313,1830,370
0254.png,69,59,Smoke,1691,577,1760,636
0566.png,32,158,Smoke,962,389,994,547
1095.png,80,48,Smoke,414,514,494,562
1185.png,76,250,Smoke,1613,390,1689,640
0264.png,32,158,Smoke,962,387,994,545
1359.png,50,128,Smoke,1431,416,1481,544
0532.png,69,59,Smoke,1687,578,1756,637
1257.png,57,57,Smoke,1773,313,1830,370
1744.png,32,170,Smoke,966,382,998,552
1761.png,23,151,Smoke,1215,417,1238,568
1222.png,55,80,Smoke,546,424,601,504
1651.png,132,155,Smoke,1246,397,1378,552
1435.png,101,107,Smoke,635,446,736,553
0136.png,65,197,Smoke,1617,421,1682,618
0778.png,99,59,Smoke,1692,576,1791,635
0179.png,57,48,Smoke,1704,577,1761,625
0483.png,141,109,Smoke,1779,445,1920,554
0202.png,107,221,Smoke,1021,323,1128,544
1497.png,55,80,Smoke,546,424,601,504
0173.png,147,97,Smoke,1773,449,1920,546
0105.png,23,113,Smoke,1214,464,1237,577
1363.png,141,67,Smoke,1759,375,1900,442
0497.png,97,120,Smoke,646,424,743,544
0791.png,111,233,Smoke,1019,321,1130,554
0290.png,124,174,Smoke,1250,380,1374,554
1783.png,128,246,Smoke,1025,318,1153,564
1291.png,99,59,Smoke,1689,574,1788,633
1448.png,130,227,Smoke,1023,323,1153,550
1095.png,32,158,Smoke,963,375,995,533
1511.png,50,128,Smoke,1431,412,1481,540
1713.png,50,128,Smoke,1431,412,1481,540
0699.png,29,218,Smoke,1163,357,1192,575
1107.png,32,158,Smoke,963,375,995,533
0676.png,29,218,Smoke,1163,358,1192,576
1557.png,111,76,Smoke,814,477,925,553
0585.png,55,80,Smoke,546,424,601,504
0807.png,76,118,Smoke,1772,302,1848,420
1607.png,132,155,Smoke,1246,396,1378,551
0524.png,69,59,Smoke,1688,578,1757,637
0440.png,32,158,Smoke,962,387,994,545
0615.png,109,155,Smoke,810,395,919,550
1623.png,76,227,Smoke,1623,384,1699,611
1177.png,57,57,Smoke,1773,313,1830,370
0690.png,124,174,Smoke,1251,378,1375,552
0894.png,99,59,Smoke,1688,577,1787,636
1236.png,97,151,Smoke,816,392,913,543
0878.png,76,250,Smoke,1615,391,1691,641
0459.png,141,109,Smoke,1779,449,1920,558
1307.png,57,57,Smoke,1773,313,1830,370
0175.png,74,99,Smoke,666,432,740,531
1343.png,128,59,Smoke,1691,576,1819,635
1398.png,32,170,Smoke,962,375,994,545
0949.png,118,107,Smoke,619,448,737,555
0685.png,50,128,Smoke,1433,423,1483,551
0810.png,107,179,Smoke,815,367,922,546
0584.png,50,128,Smoke,1434,424,1484,552
0102.png,29,218,Smoke,1164,351,1193,569
0727.png,29,218,Smoke,1163,357,1192,575
1572.png,141,67,Smoke,1757,377,1898,444
1429.png,80,48,Smoke,414,514,494,562
0606.png,32,158,Smoke,962,389,994,547
1391.png,76,227,Smoke,1616,382,1692,609
0817.png,111,233,Smoke,1019,321,1130,554
0537.png,32,158,Smoke,962,389,994,547
1558.png,55,80,Smoke,546,424,601,504
1017.png,179,109,Smoke,1741,458,1920,567
0661.png,55,80,Smoke,546,424,601,504
0150.png,23,113,Smoke,1214,464,1237,577
1518.png,130,227,Smoke,1025,317,1155,544
0480.png,80,48,Smoke,423,504,503,552
1478.png,23,151,Smoke,1212,423,1235,574
0947.png,118,107,Smoke,620,445,738,552
1511.png,23,151,Smoke,1212,422,1235,573
1038.png,80,48,Smoke,414,514,494,562
0465.png,55,80,Smoke,546,424,601,504
1136.png,32,158,Smoke,963,376,995,534
0574.png,32,158,Smoke,962,389,994,547
0389.png,86,107,Smoke,656,431,742,538
0205.png,50,116,Smoke,1432,426,1482,542
1271.png,23,113,Smoke,1212,467,1235,580
0230.png,65,197,Smoke,1617,423,1682,620
1396.png,124,174,Smoke,1256,377,1380,551
1558.png,113,57,Smoke,624,498,737,555
0357.png,124,174,Smoke,1251,378,1375,552
0081.png,50,116,Smoke,1433,433,1483,549
0178.png,57,57,Smoke,1773,313,1830,370
0411.png,55,80,Smoke,546,421,601,501
0659.png,80,48,Smoke,414,514,494,562
1075.png,74,74,Smoke,1770,361,1844,435
0353.png,32,158,Smoke,962,387,994,545
0806.png,32,158,Smoke,963,386,995,544
0707.png,160,57,Smoke,580,500,740,557
1219.png,80,48,Smoke,414,514,494,562
1348.png,179,109,Smoke,1741,459,1920,568
0146.png,145,116,Smoke,1226,427,1371,543
0561.png,55,80,Smoke,546,424,601,504
1598.png,80,57,Smoke,1763,302,1843,359
0385.png,29,218,Smoke,1163,357,1192,575
1144.png,32,158,Smoke,963,376,995,534
1466.png,141,67,Smoke,1757,374,1898,441
0871.png,55,80,Smoke,546,424,601,504
0193.png,107,221,Smoke,1021,324,1128,545
0461.png,57,57,Smoke,1773,313,1830,370
0150.png,95,176,Smoke,818,376,913,552
0494.png,69,59,Smoke,1688,578,1757,637
1393.png,90,67,Smoke,816,489,906,556
1044.png,23,113,Smoke,1214,467,1237,580
1016.png,29,218,Smoke,1163,353,1192,571
0898.png,111,233,Smoke,1024,317,1135,550
1058.png,76,250,Smoke,1615,389,1691,639
0246.png,23,113,Smoke,1214,464,1237,577
0693.png,57,57,Smoke,1773,313,1830,370
0659.png,50,128,Smoke,1434,425,1484,553
0389.png,50,116,Smoke,1431,428,1481,544
1785.png,141,67,Smoke,1761,371,1902,438
0762.png,32,158,Smoke,963,388,995,546
0739.png,160,57,Smoke,580,501,740,558
1257.png,29,218,Smoke,1164,335,1193,553
0667.png,149,71,Smoke,589,486,738,557
0137.png,57,57,Smoke,1773,313,1830,370
1153.png,50,128,Smoke,1431,421,1481,549
1405.png,101,107,Smoke,635,446,736,553
1524.png,180,109,Smoke,1740,457,1920,566
1093.png,101,107,Smoke,635,446,736,553
1378.png,124,174,Smoke,1256,377,1380,551
0134.png,55,143,Smoke,445,386,500,529
0198.png,55,97,Smoke,450,445,505,542
0111.png,95,176,Smoke,818,375,913,551
0456.png,86,107,Smoke,657,428,743,535
0135.png,148,97,Smoke,1772,452,1920,549
1323.png,179,109,Smoke,1741,458,1920,567
1173.png,111,246,Smoke,1031,307,1142,553
1207.png,55,80,Smoke,546,424,601,504
1207.png,101,107,Smoke,635,446,736,553
1690.png,55,80,Smoke,546,424,601,504
0330.png,124,174,Smoke,1250,378,1374,552
1331.png,99,59,Smoke,1689,575,1788,634
1084.png,29,218,Smoke,1164,331,1193,549
0580.png,97,120,Smoke,647,426,744,546
1102.png,101,107,Smoke,635,446,736,553
0407.png,55,80,Smoke,546,420,601,500
0207.png,74,99,Smoke,666,431,740,530
1611.png,122,78,Smoke,807,472,929,550
0269.png,29,218,Smoke,1163,356,1192,574
1766.png,76,258,Smoke,1623,382,1699,640
1151.png,97,151,Smoke,815,393,912,544
0692.png,55,80,Smoke,546,424,601,504
0806.png,29,218,Smoke,1163,355,1192,573
0240.png,50,116,Smoke,1431,428,1481,544
1278.png,50,128,Smoke,1431,417,1481,545
1040.png,29,218,Smoke,1163,351,1192,569
0316.png,65,197,Smoke,1617,421,1682,618
0895.png,23,113,Smoke,1214,467,1237,580
1374.png,130,227,Smoke,1022,322,1152,549
1420.png,130,227,Smoke,1023,321,1153,548
1593.png,80,48,Smoke,414,514,494,562
0577.png,109,155,Smoke,809,395,918,550
1771.png,80,48,Smoke,414,514,494,562
1434.png,132,155,Smoke,1247,396,1379,551
0148.png,147,97,Smoke,1773,450,1920,547
1432.png,90,67,Smoke,816,488,906,555
0695.png,50,128,Smoke,1433,422,1483,550
0342.png,76,92,Smoke,1768,310,1844,402
1115.png,80,48,Smoke,414,514,494,562
1166.png,80,48,Smoke,414,514,494,562
0935.png,50,128,Smoke,1432,424,1482,552
0079.png,74,99,Smoke,663,444,737,543
0824.png,50,128,Smoke,1431,426,1481,554
0828.png,32,158,Smoke,963,386,995,544
0818.png,107,179,Smoke,816,369,923,548
1515.png,155,48,Smoke,1719,580,1874,628
1455.png,170,57,Smoke,565,489,735,546
0529.png,95,155,Smoke,823,394,918,549
0841.png,50,128,Smoke,1431,427,1481,555
0956.png,50,128,Smoke,1431,424,1481,552
0837.png,124,174,Smoke,1251,379,1375,553
1658.png,113,57,Smoke,629,495,742,552
0670.png,23,113,Smoke,1213,465,1236,578
1495.png,57,57,Smoke,1758,304,1815,361
0533.png,161,109,Smoke,1759,449,1920,558
0044.png,34,116,Smoke,1423,433,1457,549
0118.png,57,57,Smoke,1773,313,1830,370
1435.png,32,170,Smoke,962,373,994,543
1740.png,128,246,Smoke,1025,319,1153,565
1371.png,128,59,Smoke,1692,578,1820,637
0333.png,144,113,Smoke,1776,443,1920,556
0252.png,76,92,Smoke,1768,309,1844,401
0385.png,107,221,Smoke,1022,319,1129,540
1381.png,32,170,Smoke,962,375,994,545
1612.png,50,128,Smoke,1431,412,1481,540
0245.png,107,221,Smoke,1022,323,1129,544
1646.png,141,67,Smoke,1759,374,1900,441
0632.png,109,155,Smoke,809,395,918,550
0071.png,23,113,Smoke,1214,464,1237,577
0343.png,124,174,Smoke,1251,378,1375,552
1014.png,55,80,Smoke,546,424,601,504
0761.png,57,57,Smoke,1773,313,1830,370
0303.png,69,59,Smoke,1689,577,1758,636
1578.png,132,155,Smoke,1246,396,1378,551
1487.png,57,57,Smoke,1760,304,1817,361
0921.png,55,80,Smoke,546,424,601,504
1761.png,99,55,Smoke,642,498,741,553
0457.png,29,218,Smoke,1163,355,1192,573
1554.png,155,48,Smoke,1721,582,1876,630
1526.png,57,57,Smoke,1761,304,1818,361
0879.png,76,118,Smoke,1770,317,1846,435
1154.png,179,109,Smoke,1741,457,1920,566
1186.png,23,113,Smoke,1213,469,1236,582
0401.png,95,139,Smoke,821,408,916,547
1391.png,141,67,Smoke,1759,374,1900,441
1348.png,23,151,Smoke,1211,424,1234,575
0736.png,50,128,Smoke,1432,424,1482,552
1140.png,80,48,Smoke,414,514,494,562
0948.png,57,57,Smoke,1773,313,1830,370
0497.png,65,197,Smoke,1616,421,1681,618
0810.png,76,250,Smoke,1615,394,1691,644
0662.png,149,71,Smoke,588,486,737,557
0965.png,32,158,Smoke,962,381,994,539
0389.png,57,57,Smoke,1773,313,1830,370
1561.png,55,80,Smoke,546,424,601,504
1057.png,50,128,Smoke,1431,421,1481,549
1092.png,29,218,Smoke,1164,335,1193,553
0430.png,55,80,Smoke,546,422,601,502
1012.png,50,128,Smoke,1431,422,1481,550
1570.png,155,48,Smoke,1722,582,1877,630
1633.png,80,48,Smoke,414,514,494,562
0313.png,50,116,Smoke,1431,426,1481,542
0039.png,32,158,Smoke,944,388,976,546
1555.png,32,170,Smoke,962,373,994,543
1678.png,132,155,Smoke,1247,397,1379,552
0457.png,23,113,Smoke,1214,464,1237,577
0953.png,32,158,Smoke,962,381,994,539
0418.png,124,174,Smoke,1251,378,1375,552
0412.png,29,218,Smoke,1162,359,1191,577
1698.png,23,151,Smoke,1210,419,1233,570
1476.png,23,151,Smoke,1212,423,1235,574
0163.png,48,34,Smoke,559,483,607,517
0426.png,23,113,Smoke,1214,464,1237,577
1721.png,141,67,Smoke,1759,372,1900,439
0923.png,50,128,Smoke,1431,424,1481,552
1708.png,76,227,Smoke,1623,381,1699,608
1530.png,111,76,Smoke,812,479,923,555
1332.png,32,170,Smoke,962,378,994,548
0559.png,80,48,Smoke,415,514,495,562
0969.png,55,80,Smoke,546,424,601,504
1261.png,124,174,Smoke,1255,377,1379,551
0492.png,95,155,Smoke,823,395,918,550
0723.png,109,179,Smoke,813,368,922,547
0859.png,50,128,Smoke,1431,425,1481,553
1037.png,32,158,Smoke,962,381,994,539
0029.png,23,113,Smoke,1214,464,1237,577
1430.png,57,57,Smoke,1755,305,1812,362
1318.png,57,57,Smoke,1773,313,1830,370
0619.png,111,221,Smoke,1020,320,1131,541
1169.png,55,80,Smoke,546,424,601,504
0597.png,29,218,Smoke,1163,355,1192,573
0257.png,69,86,Smoke,669,444,738,530
0149.png,23,113,Smoke,1214,464,1237,577
1295.png,101,107,Smoke,635,446,736,553
0573.png,29,218,Smoke,1163,355,1192,573
0404.png,86,107,Smoke,657,431,743,538
1025.png,80,48,Smoke,414,514,494,562
0200.png,74,99,Smoke,666,431,740,530
0036.png,55,143,Smoke,426,395,481,538
0902.png,80,48,Smoke,414,514,494,562
1661.png,128,246,Smoke,1017,311,1145,557
0092.png,29,218,Smoke,1164,357,1193,575
1359.png,23,151,Smoke,1212,423,1235,574
1772.png,50,128,Smoke,1431,412,1481,540
0237.png,69,86,Smoke,669,444,738,530
0255.png,32,158,Smoke,962,387,994,545
0757.png,111,221,Smoke,1019,322,1130,543
0822.png,57,57,Smoke,1773,313,1830,370
1256.png,55,80,Smoke,546,424,601,504
1731.png,132,155,Smoke,1246,399,1378,554
0065.png,95,176,Smoke,819,378,914,554
0464.png,140,109,Smoke,1780,447,1920,556
1270.png,179,109,Smoke,1741,458,1920,567
0948.png,80,48,Smoke,414,514,494,562
0490.png,55,80,Smoke,546,424,601,504
0952.png,29,218,Smoke,1163,353,1192,571
1083.png,29,218,Smoke,1164,331,1193,549
1306.png,55,80,Smoke,546,424,601,504
1463.png,132,155,Smoke,1247,397,1379,552
0898.png,55,80,Smoke,546,424,601,504
0362.png,76,95,Smoke,665,433,741,528
1191.png,23,113,Smoke,1213,469,1236,582
1317.png,99,59,Smoke,1690,575,1789,634
0385.png,69,59,Smoke,1691,579,1760,638
1248.png,32,158,Smoke,963,376,995,534
0760.png,76,250,Smoke,1612,394,1688,644
0314.png,29,218,Smoke,1163,356,1192,574
1703.png,80,57,Smoke,1758,299,1838,356
0134.png,23,113,Smoke,1214,464,1237,577
0046.png,55,143,Smoke,438,389,493,532
1129.png,57,57,Smoke,1773,313,1830,370
0624.png,55,80,Smoke,546,424,601,504
0099.png,148,97,Smoke,1772,456,1920,553
1375.png,50,128,Smoke,1431,415,1481,543
1457.png,170,57,Smoke,565,489,735,546
0625.png,124,174,Smoke,1251,377,1375,551
1302.png,80,48,Smoke,414,514,494,562
0120.png,23,113,Smoke,1214,464,1237,577
0374.png,50,116,Smoke,1431,427,1481,543
0393.png,86,107,Smoke,656,431,742,538
0401.png,86,107,Smoke,656,431,742,538
1401.png,80,48,Smoke,414,514,494,562
1358.png,57,57,Smoke,1773,313,1830,370
1166.png,57,57,Smoke,1773,313,1830,370
1761.png,23,151,Smoke,1215,416,1238,567
1285.png,130,227,Smoke,1017,329,1147,556
1620.png,141,67,Smoke,1759,376,1900,443
1617.png,76,227,Smoke,1623,384,1699,611
0541.png,29,218,Smoke,1163,357,1192,575
1580.png,111,76,Smoke,815,477,926,553
1707.png,155,48,Smoke,1722,579,1877,627
0681.png,65,250,Smoke,1620,397,1685,647
0001.png,145,116,Smoke,1193,429,1338,545
0888.png,76,250,Smoke,1613,392,1689,642
0406.png,23,113,Smoke,1214,464,1237,577
0437.png,65,197,Smoke,1617,422,1682,619
0389.png,107,221,Smoke,1022,319,1129,540
0628.png,109,155,Smoke,809,394,918,549
0342.png,144,113,Smoke,1776,443,1920,556
1320.png,76,250,Smoke,1618,383,1694,633
0621.png,50,128,Smoke,1434,423,1484,551
1789.png,23,151,Smoke,1215,416,1238,567
0048.png,34,116,Smoke,1427,432,1461,548
0172.png,32,158,Smoke,962,387,994,545
0176.png,32,158,Smoke,962,387,994,545
0576.png,80,48,Smoke,415,515,495,563
1460.png,32,170,Smoke,962,373,994,543
1059.png,32,158,Smoke,962,380,994,538
0254.png,69,86,Smoke,669,444,738,530
1521.png,103,55,Smoke,820,502,923,557
0936.png,50,128,Smoke,1431,424,1481,552
0924.png,76,118,Smoke,1768,316,1844,434
1753.png,80,57,Smoke,1759,298,1839,355
0956.png,32,158,Smoke,962,381,994,539
1349.png,32,170,Smoke,962,378,994,548
1387.png,141,67,Smoke,1759,375,1900,442
1199.png,97,151,Smoke,816,393,913,544
0326.png,107,221,Smoke,1021,320,1128,541
1757.png,128,246,Smoke,1025,314,1153,560
1021.png,55,80,Smoke,546,424,601,504
0645.png,23,113,Smoke,1213,465,1236,578
0012.png,32,158,Smoke,928,387,960,545
1207.png,80,48,Smoke,414,514,494,562
1024.png,32,158,Smoke,962,381,994,539
1533.png,141,67,Smoke,1757,376,1898,443
1041.png,80,48,Smoke,414,514,494,562
0129.png,23,113,Smoke,1214,464,1237,577
1224.png,84,67,Smoke,1760,376,1844,443
1142.png,55,80,Smoke,546,424,601,504
1279.png,179,109,Smoke,1741,458,1920,567
0041.png,107,195,Smoke,1008,357,1115,552
0886.png,111,233,Smoke,1023,318,1134,551
0553.png,97,120,Smoke,647,425,744,545
0132.png,76,92,Smoke,1768,310,1844,402
1515.png,57,57,Smoke,1761,304,1818,361
0154.png,74,99,Smoke,666,436,740,535
0414.png,23,113,Smoke,1214,464,1237,577
0964.png,179,109,Smoke,1741,457,1920,566
0082.png,65,197,Smoke,1618,422,1683,619
1449.png,76,227,Smoke,1620,384,1696,611
0453.png,55,84,Smoke,450,460,505,544
0632.png,32,158,Smoke,963,389,995,547
0060.png,95,176,Smoke,817,378,912,554
1528.png,141,67,Smoke,1758,377,1899,444
0743.png,57,57,Smoke,1773,313,1830,370
0073.png,65,197,Smoke,1618,422,1683,619
1618.png,32,170,Smoke,964,372,996,542
0856.png,80,48,Smoke,414,514,494,562
0907.png,32,158,Smoke,963,380,995,538
0330.png,32,158,Smoke,962,387,994,545
0930.png,80,48,Smoke,414,514,494,562
1514.png,23,151,Smoke,1212,422,1235,573
0640.png,65,218,Smoke,1620,397,1685,615
0177.png,65,197,Smoke,1617,422,1682,619
1631.png,80,57,Smoke,1763,302,1843,359
1625.png,181,109,Smoke,1739,458,1920,567
0435.png,50,116,Smoke,1431,428,1481,544
1275.png,32,158,Smoke,963,376,995,534
0268.png,69,86,Smoke,670,444,739,530
1688.png,80,48,Smoke,414,514,494,562
1785.png,50,128,Smoke,1431,412,1481,540
0796.png,170,67,Smoke,568,489,738,556
0988.png,101,160,Smoke,812,379,913,539
1117.png,23,113,Smoke,1214,471,1237,584
0724.png,124,174,Smoke,1251,378,1375,552
0081.png,74,99,Smoke,663,444,737,543
1098.png,57,57,Smoke,1773,313,1830,370
1234.png,111,246,Smoke,1032,308,1143,554
0187.png,55,97,Smoke,450,445,505,542
1519.png,80,48,Smoke,414,514,494,562
1286.png,84,67,Smoke,1760,375,1844,442
1138.png,80,48,Smoke,414,514,494,562
1703.png,80,48,Smoke,414,514,494,562
0649.png,32,158,Smoke,963,389,995,547
0618.png,97,120,Smoke,647,430,744,550
0820.png,170,67,Smoke,567,490,737,557
0893.png,29,218,Smoke,1163,353,1192,571
0748.png,57,57,Smoke,1773,313,1830,370
0607.png,124,174,Smoke,1251,377,1375,551
1171.png,29,218,Smoke,1164,333,1193,551
1290.png,124,174,Smoke,1255,377,1379,551
0213.png,23,113,Smoke,1214,464,1237,577
1755.png,76,258,Smoke,1625,382,1701,640
0513.png,32,158,Smoke,962,387,994,545
1750.png,80,57,Smoke,1759,299,1839,356
1545.png,132,155,Smoke,1247,398,1379,553
0896.png,174,109,Smoke,1746,452,1920,561
1507.png,155,48,Smoke,1719,581,1874,629
1244.png,55,80,Smoke,546,424,601,504
1339.png,179,109,Smoke,1741,459,1920,568
0921.png,76,118,Smoke,1769,316,1845,434
1591.png,132,155,Smoke,1246,397,1378,552
1008.png,32,158,Smoke,962,381,994,539
0940.png,29,218,Smoke,1163,353,1192,571
1747.png,122,78,Smoke,814,475,936,553
0106.png,148,97,Smoke,1772,455,1920,552
1013.png,86,160,Smoke,814,379,900,539
0768.png,160,57,Smoke,580,501,740,558
1444.png,141,67,Smoke,1759,375,1900,442
1255.png,32,158,Smoke,963,376,995,534
1468.png,76,227,Smoke,1620,384,1696,611
0999.png,29,218,Smoke,1163,353,1192,571
1650.png,80,57,Smoke,1761,301,1841,358
0572.png,109,155,Smoke,809,395,918,550
1707.png,122,78,Smoke,813,474,935,552
0513.png,76,118,Smoke,1772,309,1848,427
0864.png,80,48,Smoke,414,514,494,562
1101.png,29,218,Smoke,1164,335,1193,553
0447.png,69,59,Smoke,1689,578,1758,637
1409.png,124,174,Smoke,1256,377,1380,551
1723.png,132,155,Smoke,1246,397,1378,552
1342.png,80,48,Smoke,414,514,494,562
0341.png,55,46,Smoke,552,484,607,530
1480.png,141,67,Smoke,1758,374,1899,441
1568.png,130,227,Smoke,1025,311,1155,538
1132.png,55,80,Smoke,546,424,601,504
0466.png,55,84,Smoke,450,460,505,544
1613.png,122,78,Smoke,808,474,930,552
0197.png,141,147,Smoke,1231,408,1372,555
1217.png,76,250,Smoke,1614,390,1690,640
1098.png,101,107,Smoke,635,446,736,553
0419.png,124,174,Smoke,1251,378,1375,552
1506.png,23,151,Smoke,1212,423,1235,574
1699.png,122,78,Smoke,811,474,933,552
0746.png,80,48,Smoke,414,514,494,562
1498.png,23,151,Smoke,1212,422,1235,573
1194.png,57,57,Smoke,1773,313,1830,370
1420.png,32,170,Smoke,962,373,994,543
1694.png,29,218,Smoke,1161,336,1190,554
0457.png,65,197,Smoke,1617,422,1682,619
0112.png,145,116,Smoke,1226,427,1371,543
1704.png,141,67,Smoke,1761,372,1902,439
0220.png,57,57,Smoke,1773,313,1830,370
1541.png,181,109,Smoke,1739,457,1920,566
0412.png,50,116,Smoke,1431,428,1481,544
0133.png,50,116,Smoke,1433,433,1483,549
1162.png,29,218,Smoke,1164,333,1193,551
1548.png,80,48,Smoke,414,514,494,562
0056.png,57,48,Smoke,1701,577,1758,625
1258.png,99,59,Smoke,1689,575,1788,634
1378.png,180,109,Smoke,1740,459,1920,568
0402.png,86,107,Smoke,656,431,742,538
0592.png,99,59,Smoke,1692,576,1791,635
0935.png,101,160,Smoke,812,383,913,543
1488.png,32,170,Smoke,962,373,994,543
1393.png,155,48,Smoke,1718,577,1873,625
1076.png,50,128,Smoke,1431,422,1481,550
0096.png,65,197,Smoke,1618,421,1683,618
0757.png,174,109,Smoke,1746,449,1920,558
1519.png,57,57,Smoke,1761,304,1818,361
1066.png,111,246,Smoke,1027,310,1138,556
0173.png,48,34,Smoke,559,483,607,517
1015.png,76,118,Smoke,1769,317,1845,435
1172.png,76,250,Smoke,1613,390,1689,640
1751.png,23,151,Smoke,1215,416,1238,567
0127.png,149,97,Smoke,1771,453,1920,550
0584.png,169,109,Smoke,1751,450,1920,559
0001.png,107,195,Smoke,992,355,1099,550
1077.png,76,250,Smoke,1615,389,1691,639
0614.png,109,155,Smoke,810,396,919,551
0260.png,95,176,Smoke,819,372,914,548
1670.png,32,170,Smoke,966,378,998,548
0388.png,76,92,Smoke,1768,310,1844,402
0297.png,124,174,Smoke,1250,378,1374,552
1386.png,29,218,Smoke,1164,335,1193,553
0918.png,50,128,Smoke,1431,424,1481,552
0684.png,55,80,Smoke,546,424,601,504
1562.png,50,128,Smoke,1431,412,1481,540
1675.png,113,57,Smoke,629,496,742,553
0109.png,107,195,Smoke,1022,353,1129,548
1356.png,90,67,Smoke,816,490,906,557
0590.png,32,158,Smoke,962,389,994,547
0836.png,124,174,Smoke,1251,379,1375,553
1307.png,23,113,Smoke,1212,466,1235,579
0274.png,23,113,Smoke,1214,464,1237,577
1375.png,80,48,Smoke,414,514,494,562
1385.png,32,170,Smoke,962,375,994,545
0867.png,174,109,Smoke,1746,452,1920,561
1509.png,183,109,Smoke,1737,457,1920,566
1211.png,111,246,Smoke,1032,307,1143,553
0743.png,99,59,Smoke,1692,574,1791,633
1137.png,55,80,Smoke,546,424,601,504
1276.png,76,250,Smoke,1616,387,1692,637
0865.png,80,48,Smoke,414,514,494,562
1296.png,32,170,Smoke,962,376,994,546
0748.png,76,118,Smoke,1771,303,1847,421
0995.png,111,233,Smoke,1025,314,1136,547
0460.png,124,174,Smoke,1250,378,1374,552
0728.png,23,113,Smoke,1213,467,1236,580
1141.png,99,59,Smoke,1688,574,1787,633
1232.png,101,107,Smoke,635,446,736,553
0349.png,69,59,Smoke,1690,580,1759,639
0144.png,57,48,Smoke,1705,577,1762,625
0203.png,141,147,Smoke,1231,408,1372,555
0228.png,69,59,Smoke,1691,577,1760,636
0785.png,99,59,Smoke,1692,576,1791,635
1680.png,141,67,Smoke,1759,375,1900,442
1077.png,101,107,Smoke,635,446,736,553
0706.png,65,250,Smoke,1622,394,1687,644
1214.png,57,57,Smoke,1773,313,1830,370
0909.png,23,113,Smoke,1214,467,1237,580
0164.png,65,197,Smoke,1617,421,1682,618
1717.png,23,151,Smoke,1211,418,1234,569
0074.png,57,57,Smoke,1773,313,1830,370
0129.png,57,57,Smoke,1773,313,1830,370
1152.png,111,246,Smoke,1029,308,1140,554
1316.png,90,67,Smoke,815,490,905,557
0985.png,179,109,Smoke,1741,455,1920,564
1445.png,55,80,Smoke,546,424,601,504
0543.png,80,48,Smoke,415,513,495,561
0095.png,57,48,Smoke,1704,575,1761,623
1460.png,170,57,Smoke,565,489,735,546
0304.png,95,176,Smoke,821,373,916,549
0458.png,23,113,Smoke,1214,464,1237,577
0784.png,55,80,Smoke,546,424,601,504
1024.png,99,59,Smoke,1686,577,1785,636
0229.png,107,221,Smoke,1021,323,1128,544
1600.png,111,76,Smoke,818,477,929,553
1523.png,141,67,Smoke,1758,376,1899,443
0956.png,118,107,Smoke,620,448,738,555
1428.png,57,57,Smoke,1755,305,1812,362
0269.png,143,86,Smoke,1777,453,1920,539
1258.png,32,158,Smoke,963,376,995,534
1577.png,23,151,Smoke,1211,423,1234,574
1531.png,23,151,Smoke,1212,424,1235,575
0188.png,55,97,Smoke,450,445,505,542
0329.png,76,95,Smoke,665,435,741,530
0938.png,111,233,Smoke,1027,317,1138,550
0289.png,29,218,Smoke,1163,356,1192,574
0594.png,23,113,Smoke,1214,466,1237,579
0024.png,76,92,Smoke,1734,311,1810,403
1694.png,141,67,Smoke,1762,372,1903,439
0615.png,23,113,Smoke,1214,465,1237,578
0621.png,65,218,Smoke,1620,397,1685,615
0816.png,174,109,Smoke,1746,450,1920,559
0257.png,76,92,Smoke,1768,309,1844,401
0399.png,55,80,Smoke,546,421,601,501
0996.png,76,118,Smoke,1769,317,1845,435
1762.png,76,258,Smoke,1623,383,1699,641
1017.png,76,250,Smoke,1615,390,1691,640
1601.png,50,128,Smoke,1431,412,1481,540
0728.png,160,57,Smoke,580,501,740,558
1441.png,80,48,Smoke,414,514,494,562
0882.png,57,57,Smoke,1773,313,1830,370
0781.png,55,80,Smoke,546,424,601,504
0050.png,32,158,Smoke,955,388,987,546
0239.png,29,218,Smoke,1162,368,1191,586
0139.png,29,218,Smoke,1164,346,1193,564
0686.png,29,218,Smoke,1163,358,1192,576
1562.png,111,76,Smoke,814,477,925,553
0030.png,95,176,Smoke,791,382,886,558
1419.png,80,48,Smoke,414,514,494,562
0758.png,55,80,Smoke,546,424,601,504
1220.png,29,218,Smoke,1164,335,1193,553
0226.png,65,197,Smoke,1617,423,1682,620
0284.png,29,218,Smoke,1163,356,1192,574
1389.png,181,109,Smoke,1739,457,1920,566
0025.png,145,116,Smoke,1195,430,1340,546
1341.png,57,57,Smoke,1773,313,1830,370
1210.png,97,151,Smoke,816,394,913,545
0893.png,32,158,Smoke,963,383,995,541
0618.png,32,158,Smoke,963,389,995,547
0777.png,76,118,Smoke,1772,302,1848,420
1451.png,103,55,Smoke,816,498,919,553
0651.png,32,158,Smoke,963,389,995,547
0027.png,29,170,Smoke,1136,412,1165,582
0515.png,32,158,Smoke,962,387,994,545
1552.png,76,227,Smoke,1621,383,1697,610
1263.png,179,109,Smoke,1741,458,1920,567
0796.png,111,233,Smoke,1020,321,1131,554
0036.png,145,116,Smoke,1206,427,1351,543
1102.png,99,57,Smoke,1771,391,1870,448
0119.png,145,116,Smoke,1226,427,1371,543
1094.png,74,74,Smoke,1771,361,1845,435
0135.png,95,176,Smoke,818,375,913,551
0405.png,86,107,Smoke,657,431,743,538
0601.png,111,221,Smoke,1019,320,1130,541
0062.png,34,116,Smoke,1433,433,1467,549
0852.png,174,109,Smoke,1746,451,1920,560
0091.png,55,143,Smoke,446,387,501,530
1620.png,29,218,Smoke,1162,333,1191,551
0460.png,76,118,Smoke,1771,310,1847,428
0846.png,57,57,Smoke,1773,313,1830,370
0083.png,107,195,Smoke,1022,358,1129,553
0533.png,95,155,Smoke,824,394,919,549
0931.png,111,233,Smoke,1027,317,1138,550
0122.png,74,99,Smoke,666,438,740,537
0381.png,107,221,Smoke,1021,319,1128,540
0932.png,175,109,Smoke,1745,452,1920,561
1003.png,80,48,Smoke,414,514,494,562
1197.png,179,109,Smoke,1741,458,1920,567
1186.png,111,246,Smoke,1032,307,1143,553
0736.png,160,57,Smoke,580,501,740,558
1666.png,23,151,Smoke,1210,421,1233,572
0413.png,144,113,Smoke,1776,444,1920,557
1771.png,29,218,Smoke,1161,341,1190,559
1202.png,76,250,Smoke,1613,390,1689,640
1467.png,29,218,Smoke,1164,331,1193,549
0983.png,32,158,Smoke,962,381,994,539
1498.png,130,227,Smoke,1024,319,1154,546
1755.png,181,109,Smoke,1739,456,1920,565
0570.png,99,59,Smoke,1692,576,1791,635
1583.png,57,57,Smoke,1761,305,1818,362
0063.png,145,116,Smoke,1226,428,1371,544
0923.png,111,233,Smoke,1026,317,1137,550
0664.png,124,174,Smoke,1251,378,1375,552
1152.png,50,128,Smoke,1431,420,1481,548
0731.png,55,80,Smoke,546,424,601,504
0697.png,149,57,Smoke,591,500,740,557
1788.png,99,55,Smoke,642,499,741,554
1520.png,180,109,Smoke,1740,457,1920,566
0715.png,23,113,Smoke,1213,466,1236,579
1387.png,101,107,Smoke,635,446,736,553
1443.png,130,227,Smoke,1023,322,1153,549
1607.png,23,151,Smoke,1210,422,1233,573
0891.png,55,80,Smoke,546,424,601,504
0637.png,32,158,Smoke,963,389,995,547
0382.png,55,84,Smoke,450,460,505,544
0968.png,76,250,Smoke,1615,390,1691,640
0956.png,23,113,Smoke,1214,468,1237,581
1641.png,55,80,Smoke,546,424,601,504
0148.png,95,176,Smoke,818,374,913,550
0454.png,86,107,Smoke,657,428,743,535
0443.png,69,59,Smoke,1690,579,1759,638
0170.png,32,158,Smoke,962,387,994,545
1552.png,111,76,Smoke,814,477,925,553
0695.png,55,80,Smoke,546,424,601,504
0126.png,32,158,Smoke,962,387,994,545
0942.png,111,233,Smoke,1027,317,1138,550
1608.png,155,48,Smoke,1722,582,1877,630
0430.png,69,59,Smoke,1690,578,1759,637
0512.png,69,59,Smoke,1688,578,1757,637
1135.png,57,57,Smoke,1773,313,1830,370
1080.png,80,48,Smoke,414,514,494,562
1471.png,55,80,Smoke,546,424,601,504
1319.png,179,109,Smoke,1741,458,1920,567
0680.png,55,80,Smoke,546,424,601,504
0972.png,124,174,Smoke,1253,379,1377,553
0953.png,57,57,Smoke,1773,313,1830,370
0842.png,170,67,Smoke,567,490,737,557
0705.png,55,80,Smoke,546,424,601,504
0859.png,80,48,Smoke,414,514,494,562
0054.png,107,195,Smoke,1019,355,1126,550
0414.png,86,107,Smoke,656,431,742,538
0591.png,55,80,Smoke,546,424,601,504
1161.png,57,57,Smoke,1773,313,1830,370
1221.png,32,158,Smoke,963,376,995,534
1141.png,99,57,Smoke,1771,391,1870,448
0445.png,29,218,Smoke,1163,357,1192,575
0153.png,148,97,Smoke,1772,451,1920,548
0378.png,65,197,Smoke,1617,423,1682,620
1393.png,57,57,Smoke,1754,306,1811,363
1394.png,80,48,Smoke,414,514,494,562
1658.png,23,151,Smoke,1210,423,1233,574
1248.png,80,48,Smoke,414,514,494,562
0053.png,57,48,Smoke,1699,577,1756,625
0740.png,76,118,Smoke,1771,303,1847,421
1351.png,128,59,Smoke,1692,577,1820,636
0390.png,143,113,Smoke,1777,442,1920,555
1194.png,99,59,Smoke,1687,574,1786,633
1639.png,155,48,Smoke,1722,579,1877,627
1401.png,130,227,Smoke,1022,324,1152,551
0590.png,99,59,Smoke,1692,575,1791,634
0619.png,99,59,Smoke,1692,576,1791,635
0008.png,23,113,Smoke,1214,464,1237,577
0687.png,99,59,Smoke,1692,576,1791,635
1678.png,29,218,Smoke,1161,336,1190,554
0747.png,57,57,Smoke,1773,313,1830,370
0530.png,107,221,Smoke,1024,320,1131,541
0024.png,74,99,Smoke,629,447,703,546
1792.png,128,246,Smoke,1025,321,1153,567
1562.png,80,48,Smoke,414,514,494,562
0346.png,55,84,Smoke,450,460,505,544
0595.png,23,113,Smoke,1214,465,1237,578
1087.png,111,246,Smoke,1029,309,1140,555
0458.png,141,109,Smoke,1779,449,1920,558
0167.png,65,197,Smoke,1617,420,1682,617
1759.png,80,48,Smoke,414,514,494,562
1164.png,76,250,Smoke,1613,390,1689,640
1054.png,55,80,Smoke,546,424,601,504
0246.png,95,176,Smoke,819,371,914,547
0436.png,32,158,Smoke,962,387,994,545
1199.png,124,174,Smoke,1254,377,1378,551
0506.png,124,174,Smoke,1251,377,1375,551
1169.png,97,151,Smoke,815,393,912,544
1022.png,29,218,Smoke,1163,353,1192,571
1187.png,32,158,Smoke,963,376,995,534
1762.png,128,246,Smoke,1025,317,1153,563
1421.png,23,151,Smoke,1212,423,1235,574
0894.png,80,48,Smoke,414,514,494,562
0625.png,29,218,Smoke,1163,357,1192,575
0114.png,29,218,Smoke,1164,349,1193,567
1729.png,29,218,Smoke,1161,336,1190,554
1625.png,23,151,Smoke,1210,422,1233,573
0439.png,124,174,Smoke,1251,378,1375,552
1091.png,76,250,Smoke,1615,391,1691,641
0185.png,32,158,Smoke,962,387,994,545
1256.png,84,67,Smoke,1760,375,1844,442
1614.png,32,170,Smoke,965,372,997,542
1239.png,80,48,Smoke,414,514,494,562
1687.png,181,109,Smoke,1739,456,1920,565
0690.png,149,57,Smoke,590,500,739,557
0733.png,160,57,Smoke,580,501,740,558
0032.png,29,170,Smoke,1143,377,1172,547
0941.png,57,57,Smoke,1773,313,1830,370
1261.png,55,80,Smoke,546,424,601,504
1119.png,99,57,Smoke,1771,391,1870,448
0844.png,50,128,Smoke,1431,427,1481,555
1266.png,99,59,Smoke,1689,575,1788,634
1653.png,29,218,Smoke,1161,338,1190,556
0972.png,101,160,Smoke,812,381,913,541
1193.png,179,109,Smoke,1741,458,1920,567
0336.png,23,113,Smoke,1214,464,1237,577
0292.png,23,113,Smoke,1214,464,1237,577
1636.png,29,218,Smoke,1161,339,1190,557
0215.png,141,147,Smoke,1231,408,1372,555
0015.png,107,195,Smoke,992,355,1099,550
1579.png,130,227,Smoke,1026,312,1156,539
1436.png,55,80,Smoke,546,424,601,504
0327.png,76,92,Smoke,1768,310,1844,402
1034.png,111,233,Smoke,1026,311,1137,544
0321.png,76,95,Smoke,665,435,741,530
0639.png,32,158,Smoke,963,389,995,547
1052.png,76,250,Smoke,1615,389,1691,639
0199.png,107,221,Smoke,1021,324,1128,545
0646.png,32,158,Smoke,963,389,995,547
0222.png,74,99,Smoke,665,432,739,531
1240.png,84,67,Smoke,1760,376,1844,443
0828.png,174,109,Smoke,1746,450,1920,559
1766.png,99,55,Smoke,642,497,741,552
1120.png,101,107,Smoke,635,446,736,553
0341.png,144,113,Smoke,1776,443,1920,556
1719.png,141,67,Smoke,1761,371,1902,438
0146.png,147,97,Smoke,1773,451,1920,548
1074.png,80,48,Smoke,414,514,494,562
0336.png,32,158,Smoke,962,387,994,545
0299.png,23,113,Smoke,1214,464,1237,577
0387.png,143,113,Smoke,1777,441,1920,554
0139.png,74,99,Smoke,666,437,740,536
0473.png,32,158,Smoke,962,387,994,545
1777.png,76,258,Smoke,1625,384,1701,642
1078.png,50,128,Smoke,1431,421,1481,549
1660.png,50,128,Smoke,1431,413,1481,541
1548.png,111,76,Smoke,812,477,923,553
0445.png,141,109,Smoke,1779,449,1920,558
0858.png,107,179,Smoke,815,369,922,548
0790.png,76,250,Smoke,1615,394,1691,644
1171.png,97,151,Smoke,816,392,913,543
1777.png,32,170,Smoke,966,388,998,558
1122.png,50,128,Smoke,1431,421,1481,549
0347.png,65,197,Smoke,1617,422,1682,619
0056.png,29,170,Smoke,1167,380,1196,550
1114.png,50,128,Smoke,1431,421,1481,549
1546.png,29,218,Smoke,1163,345,1192,563
1474.png,170,57,Smoke,563,502,733,559
0650.png,32,158,Smoke,963,389,995,547
1544.png,80,48,Smoke,414,514,494,562
0758.png,124,174,Smoke,1251,379,1375,553
0377.png,55,80,Smoke,546,421,601,501
1090.png,97,151,Smoke,814,394,911,545
1720.png,132,155,Smoke,1246,397,1378,552
0911.png,76,118,Smoke,1770,316,1846,434
0597.png,169,109,Smoke,1751,450,1920,559
0582.png,97,120,Smoke,647,426,744,546
0015.png,57,57,Smoke,1773,313,1830,370
1386.png,130,227,Smoke,1022,325,1152,552
1090.png,101,107,Smoke,635,446,736,553
1288.png,80,48,Smoke,414,514,494,562
0009.png,145,116,Smoke,1193,428,1338,544
1418.png,132,155,Smoke,1248,395,1380,550
1015.png,86,160,Smoke,814,379,900,539
0650.png,65,218,Smoke,1620,398,1685,616
0037.png,32,158,Smoke,942,388,974,546
0363.png,95,139,Smoke,821,407,916,546
0702.png,57,57,Smoke,1773,313,1830,370
1337.png,29,218,Smoke,1164,333,1193,551
0953.png,76,250,Smoke,1614,389,1690,639
0508.png,124,174,Smoke,1251,378,1375,552
1582.png,80,48,Smoke,414,514,494,562
1259.png,50,128,Smoke,1431,417,1481,545
0176.png,57,57,Smoke,1773,313,1830,370
1098.png,29,218,Smoke,1164,335,1193,553
1765.png,80,57,Smoke,1759,298,1839,355
1085.png,99,59,Smoke,1687,575,1786,634
0462.png,124,174,Smoke,1250,378,1374,552
1166.png,99,59,Smoke,1688,574,1787,633
1036.png,50,128,Smoke,1431,421,1481,549
0915.png,76,250,Smoke,1613,390,1689,640
0209.png,50,116,Smoke,1432,426,1482,542
0058.png,57,57,Smoke,1773,313,1830,370
1169.png,111,246,Smoke,1029,307,1140,553
0832.png,111,233,Smoke,1019,321,1130,554
0693.png,76,118,Smoke,1773,304,1849,422
0796.png,76,250,Smoke,1615,394,1691,644
1427.png,32,170,Smoke,962,373,994,543
0806.png,76,250,Smoke,1615,394,1691,644
0825.png,170,67,Smoke,567,490,737,557
1019.png,99,59,Smoke,1687,577,1786,636
1640.png,141,67,Smoke,1759,374,1900,441
0809.png,76,118,Smoke,1772,302,1848,420
0295.png,149,86,Smoke,1771,447,1920,533
0403.png,69,59,Smoke,1690,578,1759,637
0345.png,29,218,Smoke,1163,358,1192,576
1078.png,124,174,Smoke,1253,377,1377,551
0961.png,55,80,Smoke,546,424,601,504
0834.png,23,113,Smoke,1214,468,1237,581
1020.png,76,118,Smoke,1769,317,1845,435
0481.png,50,116,Smoke,1431,428,1481,544
0451.png,141,109,Smoke,1779,449,1920,558
0147.png,48,34,Smoke,559,483,607,517
1684.png,132,155,Smoke,1247,397,1379,552
1180.png,101,107,Smoke,635,446,736,553
0679.png,99,59,Smoke,1692,576,1791,635
1538.png,111,76,Smoke,811,477,922,553
0029.png,29,170,Smoke,1141,379,1170,549
1482.png,170,57,Smoke,563,500,733,557
0363.png,32,158,Smoke,962,389,994,547
0734.png,76,118,Smoke,1771,303,1847,421
0064.png,57,48,Smoke,1703,577,1760,625
1655.png,155,48,Smoke,1722,579,1877,627
0968.png,118,107,Smoke,620,446,738,553
0680.png,99,59,Smoke,1692,576,1791,635
1041.png,76,118,Smoke,1769,317,1845,435
0843.png,170,67,Smoke,567,490,737,557
1133.png,29,218,Smoke,1164,331,1193,549
1656.png,29,218,Smoke,1161,338,1190,556
0401.png,55,80,Smoke,546,420,601,500
0374.png,76,95,Smoke,666,431,742,526
0643.png,50,128,Smoke,1434,425,1484,553
1454.png,155,48,Smoke,1717,579,1872,627
1237.png,29,218,Smoke,1164,329,1193,547
1346.png,57,57,Smoke,1773,313,1830,370
1768.png,50,128,Smoke,1431,413,1481,541
0063.png,107,195,Smoke,1023,355,1130,550
1125.png,99,57,Smoke,1771,391,1870,448
0987.png,101,160,Smoke,812,379,913,539
1744.png,76,258,Smoke,1623,380,1699,638
1049.png,76,250,Smoke,1615,391,1691,641
0912.png,29,218,Smoke,1163,355,1192,573
0549.png,50,128,Smoke,1435,421,1485,549
0793.png,50,128,Smoke,1431,424,1481,552
0134.png,32,158,Smoke,962,387,994,545
1793.png,122,78,Smoke,814,476,936,554
1342.png,101,107,Smoke,635,446,736,553
0434.png,23,113,Smoke,1214,464,1237,577
1389.png,101,107,Smoke,635,446,736,553
1316.png,32,170,Smoke,962,378,994,548
0771.png,29,218,Smoke,1163,355,1192,573
1282.png,29,218,Smoke,1164,335,1193,553
0875.png,23,113,Smoke,1214,469,1237,582
1076.png,74,74,Smoke,1770,361,1844,435
0575.png,57,57,Smoke,1773,313,1830,370
1445.png,23,151,Smoke,1212,423,1235,574
1360.png,29,218,Smoke,1164,337,1193,555
1582.png,29,218,Smoke,1163,338,1192,556
1636.png,155,48,Smoke,1722,579,1877,627
0489.png,55,80,Smoke,546,424,601,504
0130.png,107,195,Smoke,1022,350,1129,545
0696.png,124,174,Smoke,1251,378,1375,552
0142.png,23,113,Smoke,1214,464,1237,577
1695.png,122,78,Smoke,812,473,934,551
0877.png,107,179,Smoke,814,369,921,548
1505.png,182,109,Smoke,1738,457,1920,566
1477.png,130,227,Smoke,1024,322,1154,549
0175.png,107,195,Smoke,1021,350,1128,545
0469.png,141,109,Smoke,1779,447,1920,556
1724.png,80,57,Smoke,1758,299,1838,356
0803.png,76,250,Smoke,1615,394,1691,644
0167.png,55,143,Smoke,445,385,500,528
0343.png,55,84,Smoke,450,460,505,544
1082.png,55,80,Smoke,546,424,601,504
1628.png,23,151,Smoke,1210,421,1233,572
1737.png,76,258,Smoke,1624,380,1700,638
1741.png,76,258,Smoke,1624,381,1700,639
0299.png,29,218,Smoke,1163,356,1192,574
0866.png,111,233,Smoke,1022,318,1133,551
0919.png,50,128,Smoke,1431,424,1481,552
1158.png,32,158,Smoke,963,374,995,532
0957.png,80,48,Smoke,414,514,494,562
1792.png,80,48,Smoke,414,514,494,562
0156.png,57,57,Smoke,1773,313,1830,370
0524.png,55,80,Smoke,546,424,601,504
1764.png,132,155,Smoke,1245,399,1377,554
1679.png,29,218,Smoke,1161,334,1190,552
0460.png,65,197,Smoke,1617,423,1682,620
0296.png,124,174,Smoke,1250,378,1374,552
1409.png,57,57,Smoke,1754,305,1811,362
0189.png,107,195,Smoke,1021,350,1128,545
1014.png,76,118,Smoke,1769,317,1845,435
0196.png,29,218,Smoke,1162,365,1191,583
0309.png,57,57,Smoke,1773,313,1830,370
0897.png,57,57,Smoke,1773,313,1830,370
0683.png,174,109,Smoke,1746,449,1920,558
1795.png,80,57,Smoke,1760,298,1840,355
0661.png,174,109,Smoke,1746,449,1920,558
0831.png,32,158,Smoke,963,386,995,544
0980.png,124,174,Smoke,1253,379,1377,553
0074.png,76,92,Smoke,1769,309,1845,401
0860.png,50,128,Smoke,1431,425,1481,553
1717.png,29,218,Smoke,1161,336,1190,554
1121.png,97,151,Smoke,814,393,911,544
0381.png,144,113,Smoke,1776,443,1920,556
1629.png,155,48,Smoke,1722,579,1877,627
1546.png,130,227,Smoke,1025,313,1155,540
0686.png,65,250,Smoke,1619,396,1684,646
0641.png,65,218,Smoke,1620,397,1685,615
1711.png,99,55,Smoke,642,498,741,553
1594.png,155,48,Smoke,1722,581,1877,629
0219.png,55,84,Smoke,450,458,505,542
0713.png,57,57,Smoke,1773,313,1830,370
1386.png,90,67,Smoke,815,489,905,556
0651.png,57,57,Smoke,1773,313,1830,370
1371.png,130,227,Smoke,1022,322,1152,549
0969.png,101,160,Smoke,813,383,914,543
0889.png,32,158,Smoke,964,384,996,542
1330.png,99,59,Smoke,1689,575,1788,634
1122.png,55,80,Smoke,546,424,601,504
1648.png,80,48,Smoke,414,514,494,562
0329.png,69,59,Smoke,1690,579,1759,638
0711.png,55,80,Smoke,546,424,601,504
0006.png,107,195,Smoke,992,355,1099,550
1752.png,122,78,Smoke,814,476,936,554
0338.png,55,84,Smoke,450,460,505,544
1602.png,50,128,Smoke,1431,412,1481,540
0940.png,76,250,Smoke,1613,388,1689,638
0825.png,80,48,Smoke,414,514,494,562
1273.png,57,57,Smoke,1773,313,1830,370
0800.png,174,109,Smoke,1746,450,1920,559
0216.png,57,57,Smoke,1773,313,1830,370
1288.png,179,109,Smoke,1741,458,1920,567
0914.png,55,80,Smoke,546,424,601,504
0768.png,111,221,Smoke,1020,320,1131,541
0111.png,55,143,Smoke,446,387,501,530
1374.png,92,57,Smoke,1754,305,1846,362
1471.png,132,155,Smoke,1247,397,1379,552
0233.png,142,86,Smoke,1778,457,1920,543
0279.png,57,57,Smoke,1773,313,1830,370
0071.png,34,116,Smoke,1433,432,1467,548
0337.png,107,221,Smoke,1021,319,1128,540
0946.png,124,174,Smoke,1253,379,1377,553
0469.png,107,221,Smoke,1023,318,1130,539
1615.png,141,67,Smoke,1760,377,1901,444
1617.png,130,227,Smoke,1026,312,1156,539
0153.png,55,143,Smoke,445,385,500,528
0004.png,57,48,Smoke,1670,578,1727,626
0397.png,55,84,Smoke,450,460,505,544
0925.png,111,233,Smoke,1026,317,1137,550
0792.png,124,174,Smoke,1251,379,1375,553
1162.png,97,151,Smoke,816,393,913,544
1238.png,50,128,Smoke,1431,419,1481,547
0119.png,149,97,Smoke,1771,453,1920,550
1423.png,29,218,Smoke,1164,333,1193,551
0341.png,32,158,Smoke,962,387,994,545
0006.png,48,34,Smoke,559,483,607,517
1672.png,113,57,Smoke,629,495,742,552
0746.png,174,109,Smoke,1746,449,1920,558
0653.png,97,120,Smoke,647,432,744,552
0891.png,107,179,Smoke,814,369,921,548
1311.png,55,80,Smoke,546,424,601,504
0049.png,57,57,Smoke,1773,313,1830,370
0274.png,124,174,Smoke,1250,379,1374,553
0049.png,151,97,Smoke,1768,462,1919,559
0150.png,55,143,Smoke,445,385,500,528
0386.png,143,113,Smoke,1777,442,1920,555
1768.png,99,55,Smoke,642,498,741,553
0292.png,107,221,Smoke,1021,322,1128,543
1729.png,132,155,Smoke,1246,397,1378,552
1669.png,155,48,Smoke,1722,579,1877,627
0370.png,55,46,Smoke,552,484,607,530
1402.png,80,48,Smoke,414,514,494,562
1294.png,29,218,Smoke,1164,335,1193,553
1682.png,99,55,Smoke,642,498,741,553
1083.png,80,48,Smoke,414,514,494,562
0019.png,57,48,Smoke,1670,579,1727,627
1200.png,84,67,Smoke,1761,377,1845,444
1630.png,155,48,Smoke,1722,579,1877,627
1296.png,80,48,Smoke,414,514,494,562
1299.png,99,59,Smoke,1689,574,1788,633
1127.png,124,174,Smoke,1254,377,1378,551
1010.png,86,160,Smoke,814,379,900,539
0646.png,97,120,Smoke,647,432,744,552
0733.png,109,179,Smoke,814,368,923,547
0974.png,29,218,Smoke,1163,352,1192,570
1368.png,180,109,Smoke,1740,460,1920,569
0841.png,23,113,Smoke,1214,470,1237,583
1603.png,122,78,Smoke,807,475,929,553
0280.png,124,174,Smoke,1250,380,1374,554
1355.png,128,59,Smoke,1692,577,1820,636
0930.png,76,118,Smoke,1769,316,1845,434
0890.png,32,158,Smoke,964,384,996,542
0896.png,80,48,Smoke,414,514,494,562
1583.png,130,227,Smoke,1026,312,1156,539
1406.png,32,170,Smoke,962,375,994,545
0817.png,32,158,Smoke,963,386,995,544
1507.png,32,170,Smoke,962,373,994,543
0866.png,99,59,Smoke,1689,577,1788,636
0379.png,141,113,Smoke,1779,441,1920,554
0672.png,65,218,Smoke,1620,396,1685,614
0025.png,95,176,Smoke,786,382,881,558
0620.png,65,218,Smoke,1620,397,1685,615
0775.png,124,174,Smoke,1251,379,1375,553
0016.png,57,57,Smoke,1773,313,1830,370
1672.png,29,218,Smoke,1161,334,1190,552
0239.png,142,86,Smoke,1778,455,1920,541
1436.png,23,151,Smoke,1212,422,1235,573
1704.png,32,170,Smoke,966,380,998,550
0652.png,65,218,Smoke,1620,397,1685,615
1117.png,32,158,Smoke,963,376,995,534
1108.png,97,151,Smoke,814,394,911,545
1049.png,101,107,Smoke,635,446,736,553
0959.png,118,107,Smoke,620,447,738,554
1580.png,155,48,Smoke,1722,582,1877,630
1578.png,57,57,Smoke,1763,304,1820,361
1246.png,76,250,Smoke,1613,388,1689,638
0525.png,95,155,Smoke,825,394,920,549
1373.png,80,48,Smoke,414,514,494,562
1004.png,99,59,Smoke,1688,577,1787,636
0082.png,29,218,Smoke,1165,355,1194,573
1455.png,57,57,Smoke,1758,305,1815,362
1393.png,124,174,Smoke,1256,377,1380,551
1264.png,84,67,Smoke,1760,375,1844,442
0652.png,50,128,Smoke,1434,425,1484,553
0815.png,23,113,Smoke,1214,469,1237,582
0499.png,124,174,Smoke,1251,378,1375,552
1452.png,76,227,Smoke,1620,384,1696,611
0471.png,76,118,Smoke,1771,309,1847,427
1155.png,84,67,Smoke,1761,378,1845,445
1771.png,99,55,Smoke,642,499,741,554
0251.png,50,116,Smoke,1431,428,1481,544
0697.png,57,57,Smoke,1773,313,1830,370
1599.png,132,155,Smoke,1246,397,1378,552
0902.png,29,218,Smoke,1163,353,1192,571
0515.png,23,113,Smoke,1214,464,1237,577
1193.png,99,59,Smoke,1687,573,1786,632
0327.png,65,197,Smoke,1617,422,1682,619
1407.png,76,227,Smoke,1616,382,1692,609
0479.png,65,197,Smoke,1617,424,1682,621
1670.png,50,128,Smoke,1431,412,1481,540
0974.png,124,174,Smoke,1253,379,1377,553
0281.png,107,221,Smoke,1021,323,1128,544
0797.png,124,174,Smoke,1251,379,1375,553
1634.png,132,155,Smoke,1247,397,1379,552
0337.png,76,95,Smoke,667,435,743,530
1366.png,55,80,Smoke,546,424,601,504
0317.png,55,46,Smoke,552,484,607,530
1470.png,57,57,Smoke,1758,304,1815,361
0744.png,29,218,Smoke,1163,355,1192,573
1169.png,80,48,Smoke,414,514,494,562
0040.png,107,195,Smoke,1007,357,1114,552
0825.png,57,57,Smoke,1773,313,1830,370
1000.png,76,118,Smoke,1769,317,1845,435
0104.png,50,116,Smoke,1433,433,1483,549
0513.png,80,48,Smoke,415,515,495,563
1323.png,32,170,Smoke,962,378,994,548
1007.png,23,113,Smoke,1214,466,1237,579
1544.png,23,151,Smoke,1212,424,1235,575
0795.png,55,80,Smoke,546,424,601,504
0845.png,32,158,Smoke,963,386,995,544
0422.png,50,116,Smoke,1431,428,1481,544
1622.png,55,80,Smoke,546,424,601,504
1185.png,179,109,Smoke,1741,457,1920,566
0840.png,32,158,Smoke,963,386,995,544
0309.png,32,158,Smoke,962,387,994,545
0090.png,23,113,Smoke,1214,464,1237,577
0440.png,107,221,Smoke,1021,317,1128,538
1046.png,76,250,Smoke,1614,391,1690,641
0830.png,50,128,Smoke,1431,426,1481,554
0699.png,50,128,Smoke,1433,423,1483,551
1066.png,55,80,Smoke,546,424,601,504
1072.png,124,174,Smoke,1253,377,1377,551
0446.png,86,107,Smoke,657,432,743,539
1391.png,57,57,Smoke,1754,305,1811,362
1550.png,141,67,Smoke,1758,376,1899,443
0639.png,50,128,Smoke,1435,423,1485,551
1560.png,132,155,Smoke,1247,398,1379,553
1372.png,23,151,Smoke,1212,423,1235,574
0780.png,29,218,Smoke,1163,355,1192,573
0480.png,65,197,Smoke,1616,423,1681,620
0542.png,32,158,Smoke,963,389,995,547
0128.png,50,116,Smoke,1433,433,1483,549
0255.png,140,86,Smoke,1780,456,1920,542
1564.png,76,227,Smoke,1621,384,1697,611
0007.png,29,170,Smoke,1136,380,1165,550
0785.png,124,174,Smoke,1251,379,1375,553
0633.png,80,48,Smoke,414,516,494,564
1228.png,124,174,Smoke,1255,377,1379,551
0638.png,124,174,Smoke,1252,377,1376,551
0124.png,23,113,Smoke,1214,464,1237,577
1675.png,132,155,Smoke,1247,397,1379,552
0110.png,32,158,Smoke,962,387,994,545
1303.png,50,128,Smoke,1431,418,1481,546
0093.png,32,158,Smoke,962,387,994,545
1077.png,74,74,Smoke,1770,361,1844,435
1688.png,23,151,Smoke,1210,421,1233,572
0479.png,97,120,Smoke,647,425,744,545
1647.png,155,48,Smoke,1722,579,1877,627
1499.png,50,128,Smoke,1431,412,1481,540
0029.png,34,116,Smoke,1408,436,1442,552
0400.png,50,116,Smoke,1431,428,1481,544
1600.png,113,57,Smoke,629,497,742,554
0290.png,55,84,Smoke,449,460,504,544
1765.png,76,258,Smoke,1624,384,1700,642
0072.png,65,197,Smoke,1618,422,1683,619
0777.png,111,233,Smoke,1019,321,1130,554
1551.png,55,80,Smoke,546,424,601,504
0729.png,80,48,Smoke,414,514,494,562
1060.png,101,107,Smoke,635,446,736,553
0831.png,76,250,Smoke,1616,394,1692,644
1381.png,55,80,Smoke,546,424,601,504
0416.png,50,116,Smoke,1431,428,1481,544
1188.png,80,48,Smoke,414,514,494,562
1143.png,80,48,Smoke,414,514,494,562
0415.png,65,197,Smoke,1617,422,1682,619
1141.png,76,250,Smoke,1614,390,1690,640
0985.png,23,113,Smoke,1214,467,1237,580
1349.png,55,80,Smoke,546,424,601,504
0563.png,107,221,Smoke,1026,320,1133,541
1104.png,179,109,Smoke,1741,457,1920,566
0194.png,32,158,Smoke,962,387,994,545
0024.png,151,97,Smoke,1740,463,1891,560
1241.png,111,246,Smoke,1032,309,1143,555
1528.png,80,48,Smoke,414,514,494,562
0404.png,107,221,Smoke,1021,318,1128,539
1442.png,50,128,Smoke,1431,412,1481,540
1191.png,23,113,Smoke,1213,469,1236,582
1059.png,55,80,Smoke,546,424,601,504
1327.png,124,174,Smoke,1256,377,1380,551
0900.png,143,71,Smoke,596,483,739,554
1048.png,97,151,Smoke,813,394,910,545
0661.png,111,221,Smoke,1020,322,1131,543
0999.png,179,109,Smoke,1741,456,1920,565
0530.png,95,155,Smoke,823,394,918,549
0856.png,57,57,Smoke,1773,313,1830,370
0628.png,29,218,Smoke,1163,357,1192,575
0870.png,23,113,Smoke,1214,470,1237,583
0258.png,95,176,Smoke,819,372,914,548
0646.png,50,128,Smoke,1434,425,1484,553
1271.png,99,59,Smoke,1689,574,1788,633
0942.png,180,109,Smoke,1740,453,1920,562
1437.png,23,151,Smoke,1212,423,1235,574
1266.png,179,109,Smoke,1741,458,1920,567
0780.png,174,109,Smoke,1746,448,1920,557
1240.png,101,107,Smoke,635,446,736,553
1539.png,111,76,Smoke,811,477,922,553
0907.png,23,113,Smoke,1214,467,1237,580
0280.png,32,158,Smoke,962,387,994,545
0513.png,50,116,Smoke,1431,429,1481,545
1795.png,128,246,Smoke,1025,322,1153,568
1493.png,182,109,Smoke,1738,456,1920,565
0826.png,76,118,Smoke,1771,302,1847,420
0499.png,107,221,Smoke,1024,318,1131,539
0302.png,50,116,Smoke,1431,428,1481,544
1460.png,23,151,Smoke,1212,424,1235,575
0410.png,76,105,Smoke,1770,311,1846,416
1092.png,23,113,Smoke,1214,470,1237,583
0008.png,145,116,Smoke,1194,429,1339,545
0598.png,124,174,Smoke,1251,377,1375,551
1598.png,180,109,Smoke,1740,458,1920,567
0727.png,76,118,Smoke,1771,303,1847,421
1519.png,130,227,Smoke,1025,317,1155,544
1465.png,23,151,Smoke,1212,423,1235,574
0833.png,57,57,Smoke,1773,313,1830,370
0709.png,124,174,Smoke,1251,378,1375,552
1276.png,130,227,Smoke,1017,327,1147,554
1315.png,99,59,Smoke,1689,575,1788,634
1148.png,32,158,Smoke,963,376,995,534
1357.png,130,227,Smoke,1022,325,1152,552
1754.png,99,55,Smoke,642,498,741,553
0386.png,23,113,Smoke,1214,464,1237,577
1016.png,23,113,Smoke,1214,467,1237,580
0795.png,111,233,Smoke,1019,321,1130,554
0928.png,99,59,Smoke,1687,576,1786,635
0002.png,32,158,Smoke,928,387,960,545
1793.png,80,57,Smoke,1760,298,1840,355
1621.png,23,151,Smoke,1210,422,1233,573
1484.png,170,57,Smoke,563,501,733,558
0517.png,50,116,Smoke,1431,429,1481,545
0670.png,29,218,Smoke,1163,358,1192,576
1347.png,50,128,Smoke,1431,416,1481,544
0540.png,57,57,Smoke,1773,313,1830,370
1745.png,55,80,Smoke,546,424,601,504
0548.png,80,48,Smoke,415,514,495,562
0578.png,111,221,Smoke,1021,321,1132,542
1232.png,23,113,Smoke,1213,467,1236,580
1070.png,97,151,Smoke,814,394,911,545
0104.png,145,116,Smoke,1226,427,1371,543
0268.png,55,84,Smoke,450,460,505,544
1444.png,101,107,Smoke,635,446,736,553
0027.png,95,176,Smoke,788,383,883,559
0107.png,57,57,Smoke,1773,313,1830,370
1090.png,179,109,Smoke,1741,457,1920,566
1766.png,155,48,Smoke,1722,579,1877,627
1420.png,180,109,Smoke,1740,457,1920,566
0307.png,23,113,Smoke,1214,464,1237,577
0961.png,76,250,Smoke,1615,390,1691,640
1475.png,80,48,Smoke,414,514,494,562
0168.png,23,113,Smoke,1214,464,1237,577
1305.png,76,250,Smoke,1618,385,1694,635
1139.png,23,113,Smoke,1213,472,1236,585
1069.png,55,80,Smoke,546,424,601,504
1237.png,99,59,Smoke,1687,574,1786,633
1726.png,29,218,Smoke,1161,337,1190,555
0233.png,69,86,Smoke,671,445,740,531
1680.png,99,55,Smoke,643,498,742,553
0615.png,99,59,Smoke,1692,576,1791,635
0373.png,107,221,Smoke,1021,319,1128,540
0200.png,55,97,Smoke,450,445,505,542
0587.png,57,57,Smoke,1773,313,1830,370
1035.png,179,109,Smoke,1741,458,1920,567
0374.png,76,92,Smoke,1767,310,1843,402
1424.png,130,227,Smoke,1023,322,1153,549
0179.png,76,92,Smoke,1768,309,1844,401
1398.png,130,227,Smoke,1022,323,1152,550
0696.png,57,57,Smoke,1773,313,1830,370
1058.png,80,48,Smoke,414,514,494,562
0292.png,65,197,Smoke,1617,422,1682,619
1591.png,155,48,Smoke,1722,581,1877,629
0133.png,29,218,Smoke,1164,348,1193,566
1775.png,80,57,Smoke,1760,298,1840,355
1750.png,80,48,Smoke,414,514,494,562
0271.png,65,197,Smoke,1617,422,1682,619
0527.png,97,120,Smoke,647,427,744,547
0223.png,55,84,Smoke,450,459,505,543
1208.png,23,113,Smoke,1213,470,1236,583
0916.png,32,158,Smoke,963,380,995,538
1355.png,76,227,Smoke,1615,382,1691,609
0780.png,111,233,Smoke,1019,321,1130,554
0616.png,80,48,Smoke,414,515,494,563
1688.png,29,218,Smoke,1161,332,1190,550
1762.png,122,78,Smoke,814,476,936,554
1272.png,50,128,Smoke,1432,417,1482,545
0333.png,95,139,Smoke,822,409,917,548
1525.png,130,227,Smoke,1025,314,1155,541
1632.png,130,227,Smoke,1027,310,1157,537
0249.png,107,221,Smoke,1022,323,1129,544
0346.png,76,95,Smoke,665,433,741,528
1753.png,29,218,Smoke,1161,345,1190,563
0768.png,109,179,Smoke,813,368,922,547
0242.png,57,57,Smoke,1773,313,1830,370
1464.png,170,57,Smoke,563,504,733,561
0972.png,118,107,Smoke,619,448,737,555
0413.png,107,221,Smoke,1021,317,1128,538
0075.png,65,197,Smoke,1618,422,1683,619
0825.png,124,174,Smoke,1251,379,1375,553
1506.png,50,128,Smoke,1431,412,1481,540
1116.png,29,218,Smoke,1164,333,1193,551
0574.png,29,218,Smoke,1163,355,1192,573
0063.png,57,48,Smoke,1703,577,1760,625
0283.png,55,84,Smoke,450,460,505,544
0897.png,80,48,Smoke,414,514,494,562
0725.png,29,218,Smoke,1163,357,1192,575
0663.png,149,71,Smoke,589,486,738,557
0231.png,55,46,Smoke,552,484,607,530
1296.png,76,250,Smoke,1616,384,1692,634
0565.png,76,118,Smoke,1770,307,1846,425
1389.png,90,67,Smoke,815,489,905,556
1241.png,55,80,Smoke,546,424,601,504
0066.png,65,197,Smoke,1618,421,1683,618
0609.png,50,128,Smoke,1434,423,1484,551
1050.png,55,80,Smoke,546,424,601,504
0676.png,80,48,Smoke,414,514,494,562
0993.png,76,250,Smoke,1615,390,1691,640
0361.png,55,84,Smoke,450,460,505,544
0053.png,145,116,Smoke,1223,427,1368,543
0930.png,143,95,Smoke,595,459,738,554
1085.png,74,74,Smoke,1770,361,1844,435
0059.png,74,99,Smoke,661,444,735,543
0293.png,65,197,Smoke,1617,422,1682,619
1164.png,50,128,Smoke,1431,420,1481,548
1051.png,55,80,Smoke,546,424,601,504
1777.png,80,48,Smoke,414,514,494,562
0725.png,99,59,Smoke,1692,576,1791,635
1365.png,130,227,Smoke,1023,324,1153,551
1404.png,29,218,Smoke,1164,335,1193,553
1507.png,76,227,Smoke,1621,384,1697,611
0671.png,109,155,Smoke,810,394,919,549
1320.png,84,67,Smoke,1760,375,1844,442
1380.png,55,80,Smoke,546,424,601,504
1312.png,124,174,Smoke,1255,377,1379,551
1220.png,111,246,Smoke,1032,308,1143,554
1581.png,113,57,Smoke,627,498,740,555
0682.png,23,113,Smoke,1213,466,1236,579
1542.png,80,48,Smoke,414,514,494,562
1390.png,76,227,Smoke,1616,381,1692,608
0195.png,76,92,Smoke,1768,309,1844,401
0860.png,170,90,Smoke,567,465,737,555
1601.png,130,227,Smoke,1026,310,1156,537
0161.png,57,57,Smoke,1773,313,1830,370
0947.png,23,113,Smoke,1214,469,1237,582
1698.png,122,78,Smoke,812,474,934,552
1219.png,84,67,Smoke,1760,377,1844,444
0086.png,65,197,Smoke,1618,422,1683,619
0848.png,29,218,Smoke,1163,355,1192,573
1610.png,141,67,Smoke,1759,377,1900,444
1285.png,23,113,Smoke,1212,466,1235,579
1345.png,80,48,Smoke,414,514,494,562
0329.png,57,57,Smoke,1773,313,1830,370
1681.png,80,57,Smoke,1758,301,1838,358
1540.png,170,57,Smoke,568,497,738,554
0649.png,65,218,Smoke,1620,398,1685,616
1172.png,23,113,Smoke,1213,470,1236,583
0851.png,23,113,Smoke,1214,470,1237,583
1079.png,111,246,Smoke,1028,309,1139,555
1691.png,29,218,Smoke,1161,334,1190,552
1378.png,32,170,Smoke,962,375,994,545
0520.png,69,59,Smoke,1688,578,1757,637
1109.png,99,57,Smoke,1771,391,1870,448
0556.png,95,155,Smoke,824,394,919,549
0054.png,95,176,Smoke,815,378,910,554
0079.png,76,92,Smoke,1769,309,1845,401
1290.png,179,109,Smoke,1741,458,1920,567
1275.png,55,80,Smoke,546,424,601,504
0045.png,74,99,Smoke,651,446,725,545
1790.png,50,128,Smoke,1431,411,1481,539
1795.png,32,170,Smoke,966,388,998,558
0506.png,153,109,Smoke,1767,447,1920,556
1361.png,76,227,Smoke,1615,382,1691,609
0138.png,57,57,Smoke,1773,313,1830,370
0856.png,55,80,Smoke,546,424,601,504
1796.png,76,258,Smoke,1625,384,1701,642
0604.png,29,218,Smoke,1163,355,1192,573
0339.png,23,113,Smoke,1214,464,1237,577
1797.png,29,218,Smoke,1161,336,1190,554
0324.png,32,158,Smoke,962,387,994,545
1477.png,181,109,Smoke,1739,457,1920,566
0841.png,32,158,Smoke,963,386,995,544
1324.png,57,57,Smoke,1773,313,1830,370
0899.png,76,118,Smoke,1770,317,1846,435
1124.png,76,250,Smoke,1613,390,1689,640
0737.png,160,57,Smoke,580,501,740,558
1045.png,97,151,Smoke,813,393,910,544
1309.png,57,57,Smoke,1773,313,1830,370
0083.png,76,92,Smoke,1768,309,1844,401
0592.png,80,48,Smoke,415,515,495,563
0289.png,55,84,Smoke,449,460,504,544
0321.png,23,113,Smoke,1214,464,1237,577
1468.png,141,67,Smoke,1758,374,1899,441
0750.png,57,57,Smoke,1773,313,1830,370
1481.png,23,151,Smoke,1212,423,1235,574
0722.png,76,250,Smoke,1611,395,1687,645
1259.png,84,67,Smoke,1760,375,1844,442
1771.png,181,109,Smoke,1739,458,1920,567
1667.png,181,109,Smoke,1739,457,1920,566
1201.png,32,158,Smoke,963,376,995,534
1669.png,55,80,Smoke,546,424,601,504
0234.png,69,59,Smoke,1690,577,1759,636
0233.png,55,84,Smoke,450,460,505,544
0426.png,95,139,Smoke,821,405,916,544
0296.png,32,158,Smoke,962,387,994,545
0929.png,143,95,Smoke,595,460,738,555
1321.png,50,128,Smoke,1431,419,1481,547
0303.png,95,176,Smoke,821,373,916,549
0995.png,124,174,Smoke,1253,379,1377,553
0387.png,57,57,Smoke,1773,313,1830,370
1066.png,29,218,Smoke,1163,345,1192,563
0429.png,57,57,Smoke,1773,313,1830,370
0554.png,57,57,Smoke,1773,313,1830,370
1716.png,80,48,Smoke,414,514,494,562
1536.png,132,155,Smoke,1247,398,1379,553
1234.png,32,158,Smoke,963,376,995,534
0330.png,107,221,Smoke,1022,320,1129,541
1506.png,32,170,Smoke,962,373,994,543
1520.png,170,57,Smoke,568,498,738,555
0014.png,32,158,Smoke,928,387,960,545
0355.png,95,139,Smoke,821,408,916,547
0601.png,99,59,Smoke,1692,576,1791,635
0952.png,50,128,Smoke,1431,424,1481,552
1128.png,57,57,Smoke,1773,313,1830,370
0939.png,32,158,Smoke,962,381,994,539
1577.png,155,48,Smoke,1722,582,1877,630
1399.png,76,227,Smoke,1616,382,1692,609
1561.png,57,57,Smoke,1761,304,1818,361
0522.png,50,116,Smoke,1431,428,1481,544
0595.png,111,221,Smoke,1020,321,1131,542
1469.png,50,128,Smoke,1431,412,1481,540
0457.png,107,221,Smoke,1022,318,1129,539
1352.png,80,48,Smoke,414,514,494,562
0821.png,50,128,Smoke,1431,426,1481,554
0425.png,95,139,Smoke,821,405,916,544
0832.png,29,218,Smoke,1163,355,1192,573
1678.png,32,170,Smoke,966,380,998,550
1110.png,97,151,Smoke,814,394,911,545
0125.png,74,99,Smoke,666,439,740,538
0777.png,109,179,Smoke,813,367,922,546
0791.png,170,67,Smoke,568,489,738,556
0598.png,32,158,Smoke,962,389,994,547
0941.png,101,160,Smoke,814,383,915,543
0260.png,32,158,Smoke,962,387,994,545
0102.png,57,57,Smoke,1773,313,1830,370
1138.png,99,57,Smoke,1771,391,1870,448
0702.png,23,113,Smoke,1213,467,1236,580
0967.png,50,128,Smoke,1431,424,1481,552
0259.png,69,86,Smoke,669,444,738,530
1500.png,32,170,Smoke,962,373,994,543
1482.png,50,128,Smoke,1431,412,1481,540
1492.png,55,80,Smoke,546,424,601,504
1324.png,23,151,Smoke,1212,428,1235,579
1314.png,90,67,Smoke,815,490,905,557
0815.png,32,158,Smoke,963,386,995,544
0706.png,29,218,Smoke,1163,355,1192,573
1584.png,141,67,Smoke,1759,377,1900,444
1505.png,170,57,Smoke,568,499,738,556
1748.png,99,55,Smoke,642,498,741,553
0556.png,80,48,Smoke,415,514,495,562
0779.png,76,250,Smoke,1613,393,1689,643
1707.png,55,80,Smoke,546,424,601,504
0442.png,107,221,Smoke,1022,318,1129,539
1050.png,74,74,Smoke,1769,361,1843,435
0088.png,145,116,Smoke,1226,427,1371,543
0688.png,80,48,Smoke,414,514,494,562
0841.png,80,48,Smoke,414,514,494,562
0881.png,107,179,Smoke,814,369,921,548
0057.png,57,57,Smoke,1773,313,1830,370
0432.png,86,107,Smoke,656,430,742,537
0451.png,86,107,Smoke,657,428,743,535
0130.png,95,176,Smoke,818,375,913,551
0408.png,55,80,Smoke,546,421,601,501
1279.png,76,250,Smoke,1615,387,1691,637
1347.png,32,170,Smoke,962,378,994,548
1476.png,32,170,Smoke,962,373,994,543
1338.png,23,151,Smoke,1212,425,1235,576
0401.png,32,158,Smoke,962,387,994,545
0886.png,76,250,Smoke,1613,392,1689,642
1576.png,29,218,Smoke,1163,341,1192,559
1122.png,99,59,Smoke,1688,574,1787,633
1746.png,141,67,Smoke,1759,371,1900,438
1762.png,141,67,Smoke,1761,371,1902,438
0429.png,55,84,Smoke,450,460,505,544
1188.png,97,151,Smoke,816,392,913,543
1579.png,155,48,Smoke,1722,582,1877,630
0504.png,80,48,Smoke,415,515,495,563
0211.png,145,86,Smoke,1775,459,1920,545
0756.png,55,80,Smoke,546,424,601,504
0611.png,23,113,Smoke,1214,465,1237,578
0814.png,170,67,Smoke,567,490,737,557
1157.png,23,113,Smoke,1213,472,1236,585
1063.png,111,246,Smoke,1028,310,1139,556
1418.png,101,107,Smoke,635,446,736,553
0397.png,50,116,Smoke,1430,428,1480,544
0460.png,55,80,Smoke,546,424,601,504
1105.png,80,48,Smoke,414,514,494,562
1673.png,80,57,Smoke,1760,301,1840,358
1519.png,170,57,Smoke,568,498,738,555
0328.png,50,116,Smoke,1431,427,1481,543
1319.png,55,80,Smoke,546,424,601,504
1597.png,181,109,Smoke,1739,458,1920,567
0390.png,57,57,Smoke,1773,313,1830,370
0549.png,97,120,Smoke,647,425,744,545
1631.png,80,57,Smoke,1762,302,1842,359
1341.png,50,128,Smoke,1431,418,1481,546
0609.png,76,118,Smoke,1771,308,1847,426
1231.png,23,113,Smoke,1213,467,1236,580
1271.png,32,158,Smoke,963,376,995,534
0446.png,65,197,Smoke,1617,421,1682,618
0208.png,29,218,Smoke,1162,368,1191,586
1186.png,97,151,Smoke,816,392,913,543
0697.png,55,80,Smoke,546,424,601,504
0614.png,23,113,Smoke,1214,465,1237,578
0602.png,23,113,Smoke,1214,465,1237,578
1574.png,29,218,Smoke,1163,341,1192,559
1139.png,76,250,Smoke,1614,390,1690,640
1568.png,76,227,Smoke,1621,383,1697,610
0084.png,50,116,Smoke,1433,433,1483,549
0452.png,65,197,Smoke,1617,422,1682,619
0818.png,29,218,Smoke,1163,355,1192,573
1555.png,50,128,Smoke,1431,411,1481,539
0301.png,95,176,Smoke,821,374,916,550
1419.png,155,48,Smoke,1718,577,1873,625
1635.png,122,78,Smoke,809,474,931,552
1260.png,124,174,Smoke,1255,377,1379,551
0740.png,76,250,Smoke,1611,395,1687,645
1229.png,84,67,Smoke,1760,376,1844,443
0120.png,65,197,Smoke,1617,421,1682,618
0986.png,50,128,Smoke,1431,424,1481,552
0890.png,80,48,Smoke,414,514,494,562
0495.png,69,59,Smoke,1688,578,1757,637
0959.png,76,250,Smoke,1612,389,1688,639
0368.png,95,139,Smoke,821,406,916,545
0478.png,76,118,Smoke,1771,308,1847,426
1329.png,29,218,Smoke,1164,335,1193,553
0128.png,23,113,Smoke,1214,464,1237,577
0737.png,174,109,Smoke,1746,448,1920,557
0265.png,69,59,Smoke,1691,577,1760,636
0330.png,23,113,Smoke,1214,464,1237,577
1791.png,128,246,Smoke,1025,322,1153,568
0628.png,170,109,Smoke,1750,450,1920,559
0475.png,29,218,Smoke,1163,353,1192,571
1145.png,76,250,Smoke,1614,389,1690,639
0085.png,74,99,Smoke,664,444,738,543
1028.png,86,160,Smoke,814,379,900,539
1116.png,57,57,Smoke,1773,313,1830,370
1106.png,32,158,Smoke,963,375,995,533
1571.png,32,170,Smoke,962,371,994,541
0845.png,124,174,Smoke,1251,379,1375,553
1723.png,122,78,Smoke,813,473,935,551
1254.png,57,57,Smoke,1773,313,1830,370
0976.png,99,59,Smoke,1688,577,1787,636
1541.png,50,128,Smoke,1431,412,1481,540
0982.png,76,250,Smoke,1615,390,1691,640
0245.png,65,197,Smoke,1617,422,1682,619
0146.png,55,143,Smoke,445,384,500,527
0764.png,29,218,Smoke,1163,355,1192,573
0050.png,57,57,Smoke,1773,313,1830,370
1578.png,32,170,Smoke,963,371,995,541
0983.png,124,174,Smoke,1253,379,1377,553
1318.png,76,250,Smoke,1618,383,1694,633
0284.png,32,158,Smoke,962,387,994,545
0131.png,149,97,Smoke,1771,453,1920,550
1729.png,99,55,Smoke,642,498,741,553
1270.png,124,174,Smoke,1255,377,1379,551
0375.png,57,57,Smoke,1773,313,1830,370
1155.png,32,158,Smoke,963,376,995,534
1037.png,80,48,Smoke,414,514,494,562
1725.png,32,170,Smoke,966,382,998,552
0652.png,97,120,Smoke,647,432,744,552
1425.png,130,227,Smoke,1023,322,1153,549
0801.png,174,109,Smoke,1746,450,1920,559
1453.png,57,57,Smoke,1758,305,1815,362
1385.png,55,80,Smoke,546,424,601,504
1018.png,32,158,Smoke,962,381,994,539
1077.png,179,109,Smoke,1741,457,1920,566
1481.png,57,57,Smoke,1759,304,1816,361
0130.png,65,197,Smoke,1617,423,1682,620
0896.png,57,57,Smoke,1773,313,1830,370
0715.png,124,174,Smoke,1251,378,1375,552
0834.png,124,174,Smoke,1251,379,1375,553
1443.png,80,48,Smoke,414,514,494,562
1128.png,99,57,Smoke,1771,391,1870,448
0991.png,76,118,Smoke,1769,316,1845,434
0029.png,65,197,Smoke,1588,422,1653,619
0176.png,23,113,Smoke,1214,464,1237,577
1249.png,32,158,Smoke,963,376,995,534
1285.png,101,107,Smoke,635,446,736,553
1785.png,80,57,Smoke,1760,298,1840,355
0173.png,55,143,Smoke,445,385,500,528
0676.png,174,109,Smoke,1746,448,1920,557
0265.png,23,113,Smoke,1214,464,1237,577
1599.png,155,48,Smoke,1722,581,1877,629
0687.png,65,250,Smoke,1620,397,1685,647
0696.png,76,118,Smoke,1773,304,1849,422
1554.png,29,218,Smoke,1163,343,1192,561
0895.png,32,158,Smoke,963,381,995,539
0964.png,32,158,Smoke,962,381,994,539
1283.png,80,48,Smoke,414,514,494,562
1494.png,32,170,Smoke,962,373,994,543
0252.png,95,176,Smoke,819,373,914,549
0899.png,57,57,Smoke,1773,313,1830,370
0800.png,111,233,Smoke,1019,319,1130,552
1341.png,23,151,Smoke,1212,425,1235,576
1719.png,55,80,Smoke,546,424,601,504
1066.png,23,113,Smoke,1214,469,1237,582
1473.png,170,57,Smoke,563,502,733,559
1411.png,181,109,Smoke,1739,457,1920,566
1780.png,132,155,Smoke,1245,399,1377,554
0597.png,80,48,Smoke,414,515,494,563
1638.png,80,48,Smoke,414,514,494,562
0174.png,29,218,Smoke,1163,348,1192,566
1183.png,32,158,Smoke,963,376,995,534
1236.png,23,113,Smoke,1214,467,1237,580
0399.png,69,59,Smoke,1691,577,1760,636
1069.png,57,57,Smoke,1773,313,1830,370
1045.png,76,250,Smoke,1614,391,1690,641
1336.png,101,107,Smoke,635,446,736,553
0174.png,65,197,Smoke,1617,421,1682,618
0557.png,57,57,Smoke,1773,313,1830,370
1175.png,99,59,Smoke,1688,573,1787,632
0934.png,76,118,Smoke,1769,316,1845,434
0432.png,23,113,Smoke,1214,464,1237,577
0301.png,32,158,Smoke,962,387,994,545
1758.png,80,57,Smoke,1759,298,1839,355
1652.png,29,218,Smoke,1161,338,1190,556
1211.png,80,48,Smoke,414,514,494,562
1323.png,50,128,Smoke,1431,419,1481,547
0508.png,153,109,Smoke,1767,447,1920,556
0723.png,111,221,Smoke,1020,321,1131,542
1374.png,101,107,Smoke,635,446,736,553
0261.png,65,197,Smoke,1617,424,1682,621
0334.png,50,116,Smoke,1431,426,1481,542
0052.png,145,116,Smoke,1222,426,1367,542
0846.png,174,109,Smoke,1746,451,1920,560
0513.png,97,120,Smoke,646,423,743,543
1346.png,141,67,Smoke,1759,375,1900,442
1630.png,50,128,Smoke,1431,412,1481,540
1639.png,181,109,Smoke,1739,456,1920,565
0701.png,50,128,Smoke,1433,424,1483,552
0926.png,111,233,Smoke,1026,317,1137,550
1392.png,124,174,Smoke,1256,377,1380,551
0741.png,111,221,Smoke,1019,321,1130,542
0386.png,55,80,Smoke,546,422,601,502
1365.png,32,170,Smoke,962,375,994,545
0076.png,76,92,Smoke,1769,309,1845,401
0975.png,23,113,Smoke,1214,468,1237,581
0966.png,32,158,Smoke,962,381,994,539
1633.png,155,48,Smoke,1722,579,1877,627
1659.png,181,109,Smoke,1739,457,1920,566
1004.png,50,128,Smoke,1431,423,1481,551
0034.png,57,48,Smoke,1680,579,1737,627
1421.png,155,48,Smoke,1718,577,1873,625
0821.png,32,158,Smoke,963,386,995,544
0148.png,145,116,Smoke,1226,427,1371,543
0852.png,23,113,Smoke,1214,470,1237,583
0112.png,50,116,Smoke,1433,432,1483,548
0069.png,65,197,Smoke,1618,422,1683,619
0714.png,124,174,Smoke,1251,378,1375,552
0860.png,57,57,Smoke,1773,313,1830,370
1703.png,141,67,Smoke,1761,372,1902,439
0328.png,65,197,Smoke,1617,421,1682,618
0721.png,29,218,Smoke,1163,357,1192,575
0782.png,29,218,Smoke,1163,355,1192,573
0698.png,23,113,Smoke,1213,467,1236,580
0159.png,29,218,Smoke,1163,348,1192,566
1185.png,57,57,Smoke,1773,313,1830,370
1000.png,57,57,Smoke,1773,313,1830,370
1336.png,179,109,Smoke,1741,458,1920,567
1601.png,113,57,Smoke,629,497,742,554
1434.png,90,67,Smoke,816,487,906,554
0603.png,57,57,Smoke,1773,313,1830,370
0078.png,50,116,Smoke,1433,433,1483,549
1034.png,179,109,Smoke,1741,458,1920,567
1150.png,32,158,Smoke,963,376,995,534
0819.png,76,118,Smoke,1772,302,1848,420
1266.png,23,113,Smoke,1212,466,1235,579
0890.png,107,179,Smoke,814,369,921,548
0712.png,29,218,Smoke,1163,357,1192,575
0041.png,74,99,Smoke,647,447,721,546
0965.png,101,160,Smoke,813,383,914,543
1444.png,55,80,Smoke,546,424,601,504
0498.png,76,118,Smoke,1771,309,1847,427
1097.png,76,250,Smoke,1615,391,1691,641
1639.png,80,48,Smoke,414,514,494,562
1288.png,23,113,Smoke,1212,466,1235,579
1021.png,86,160,Smoke,814,379,900,539
0149.png,147,97,Smoke,1773,450,1920,547
1426.png,80,48,Smoke,414,514,494,562
0302.png,55,46,Smoke,552,485,607,531
1118.png,32,158,Smoke,963,376,995,534
0672.png,76,118,Smoke,1772,305,1848,423
1682.png,141,67,Smoke,1762,373,1903,440
0640.png,111,221,Smoke,1021,321,1132,542
1060.png,50,128,Smoke,1431,422,1481,550
1121.png,23,113,Smoke,1214,469,1237,582
0788.png,50,128,Smoke,1432,425,1482,553
1502.png,29,218,Smoke,1164,331,1193,549
0296.png,55,84,Smoke,450,460,505,544
1052.png,50,128,Smoke,1431,421,1481,549
1243.png,124,174,Smoke,1255,375,1379,549
1353.png,57,57,Smoke,1773,313,1830,370
0805.png,76,118,Smoke,1773,302,1849,420
0480.png,124,174,Smoke,1251,378,1375,552
0829.png,55,80,Smoke,546,424,601,504
1275.png,50,128,Smoke,1431,418,1481,546
0196.png,141,147,Smoke,1231,408,1372,555
0505.png,50,116,Smoke,1431,428,1481,544
1286.png,99,59,Smoke,1689,574,1788,633
1711.png,23,151,Smoke,1211,418,1234,569
0785.png,32,158,Smoke,963,388,995,546
0207.png,95,176,Smoke,819,376,914,552
0839.png,170,67,Smoke,567,490,737,557
1118.png,99,57,Smoke,1771,391,1870,448
1622.png,155,48,Smoke,1722,580,1877,628
1050.png,23,113,Smoke,1214,466,1237,579
1743.png,80,48,Smoke,414,514,494,562
0136.png,57,57,Smoke,1773,313,1830,370
0021.png,76,92,Smoke,1733,311,1809,403
1679.png,32,170,Smoke,966,380,998,550
1771.png,122,78,Smoke,814,476,936,554
0531.png,97,120,Smoke,647,425,744,545
1654.png,130,227,Smoke,1027,311,1157,538
1053.png,32,158,Smoke,962,382,994,540
1655.png,183,109,Smoke,1737,457,1920,566
1597.png,76,227,Smoke,1622,384,1698,611
0425.png,107,221,Smoke,1021,318,1128,539
1369.png,29,218,Smoke,1164,337,1193,555
1473.png,50,128,Smoke,1431,412,1481,540
1593.png,50,128,Smoke,1431,412,1481,540
1006.png,50,128,Smoke,1431,423,1481,551
0439.png,50,116,Smoke,1431,428,1481,544
1151.png,50,128,Smoke,1431,421,1481,549
1234.png,50,128,Smoke,1431,419,1481,547
0126.png,149,97,Smoke,1771,454,1920,551
0629.png,76,118,Smoke,1771,307,1847,425
1259.png,99,59,Smoke,1689,575,1788,634
1535.png,170,57,Smoke,568,497,738,554
1647.png,55,80,Smoke,546,424,601,504
1239.png,57,57,Smoke,1773,313,1830,370
0784.png,29,218,Smoke,1163,355,1192,573
0497.png,76,118,Smoke,1771,309,1847,427
0722.png,57,57,Smoke,1773,313,1830,370
1470.png,155,48,Smoke,1717,579,1872,627
0471.png,107,221,Smoke,1023,318,1130,539
0686.png,50,128,Smoke,1433,423,1483,551
1262.png,130,227,Smoke,1016,328,1146,555
0887.png,111,233,Smoke,1022,318,1133,551
0492.png,149,109,Smoke,1771,446,1920,555
0787.png,124,174,Smoke,1251,379,1375,553
1366.png,124,174,Smoke,1255,377,1379,551
1740.png,32,170,Smoke,966,382,998,552
0469.png,97,120,Smoke,647,426,744,546
1272.png,55,80,Smoke,546,424,601,504
0097.png,57,48,Smoke,1703,577,1760,625
1547.png,170,57,Smoke,568,497,738,554
0436.png,50,116,Smoke,1431,428,1481,544
1274.png,76,250,Smoke,1615,387,1691,637
0066.png,57,57,Smoke,1773,313,1830,370
1551.png,76,227,Smoke,1621,384,1697,611
1714.png,23,151,Smoke,1211,418,1234,569
0945.png,32,158,Smoke,962,381,994,539
1576.png,113,57,Smoke,625,496,738,553
0549.png,57,57,Smoke,1773,313,1830,370
1665.png,50,128,Smoke,1431,411,1481,539
1076.png,97,151,Smoke,814,394,911,545
0481.png,32,158,Smoke,962,387,994,545
0841.png,57,57,Smoke,1773,313,1830,370
0647.png,109,155,Smoke,809,394,918,549
1434.png,130,227,Smoke,1023,321,1153,548
1294.png,101,107,Smoke,635,446,736,553
1616.png,23,151,Smoke,1210,422,1233,573
1301.png,80,48,Smoke,414,514,494,562
0421.png,69,59,Smoke,1690,578,1759,637
0840.png,50,128,Smoke,1431,426,1481,554
0762.png,50,128,Smoke,1431,424,1481,552
1462.png,55,80,Smoke,546,424,601,504
0606.png,23,113,Smoke,1214,465,1237,578
0776.png,50,128,Smoke,1431,424,1481,552
0439.png,29,218,Smoke,1163,357,1192,575
0496.png,65,197,Smoke,1617,421,1682,618
0155.png,107,195,Smoke,1022,350,1129,545
1273.png,101,107,Smoke,635,446,736,553
0791.png,29,218,Smoke,1163,355,1192,573
0971.png,50,128,Smoke,1431,424,1481,552
1206.png,57,57,Smoke,1773,313,1830,370
0810.png,174,109,Smoke,1746,450,1920,559
0684.png,23,113,Smoke,1213,467,1236,580
0458.png,29,218,Smoke,1163,355,1192,573
1534.png,32,170,Smoke,962,375,994,545
0641.png,29,218,Smoke,1163,357,1192,575
0133.png,74,99,Smoke,666,437,740,536
0332.png,29,218,Smoke,1163,358,1192,576
0511.png,161,109,Smoke,1759,451,1920,560
0589.png,65,218,Smoke,1620,397,1685,615
1565.png,50,128,Smoke,1431,412,1481,540
0402.png,144,113,Smoke,1776,444,1920,557
1425.png,57,57,Smoke,1755,305,1812,362
0029.png,76,92,Smoke,1739,311,1815,403
0814.png,124,174,Smoke,1251,379,1375,553
0558.png,160,109,Smoke,1760,450,1920,559
0061.png,55,143,Smoke,446,387,501,530
1347.png,23,151,Smoke,1211,425,1234,576
1274.png,124,174,Smoke,1255,377,1379,551
1647.png,50,128,Smoke,1431,412,1481,540
0188.png,146,97,Smoke,1774,449,1920,546
0556.png,107,221,Smoke,1026,319,1133,540
1097.png,97,151,Smoke,814,393,911,544
1715.png,181,109,Smoke,1739,456,1920,565
0990.png,50,128,Smoke,1431,424,1481,552
0126.png,145,116,Smoke,1226,427,1371,543
1018.png,124,174,Smoke,1253,379,1377,553
1358.png,124,174,Smoke,1256,377,1380,551
1202.png,32,158,Smoke,963,376,995,534
1262.png,76,250,Smoke,1614,387,1690,637
1408.png,29,218,Smoke,1164,335,1193,553
1726.png,50,128,Smoke,1431,412,1481,540
0849.png,99,59,Smoke,1689,577,1788,636
0351.png,143,113,Smoke,1777,443,1920,556
1422.png,130,227,Smoke,1023,322,1153,549
1002.png,76,118,Smoke,1769,317,1845,435
0754.png,23,113,Smoke,1214,467,1237,580
0597.png,32,158,Smoke,962,389,994,547
0004.png,151,97,Smoke,1742,460,1893,557
1183.png,80,48,Smoke,414,514,494,562
0289.png,69,59,Smoke,1690,577,1759,636
0223.png,29,218,Smoke,1162,370,1191,588
1001.png,179,109,Smoke,1741,456,1920,565
1343.png,57,57,Smoke,1773,313,1830,370
1160.png,23,113,Smoke,1214,471,1237,584
1033.png,76,250,Smoke,1614,391,1690,641
0973.png,118,107,Smoke,619,447,737,554
1165.png,80,48,Smoke,414,514,494,562
1112.png,80,48,Smoke,414,514,494,562
1509.png,103,55,Smoke,819,501,922,556
1521.png,57,57,Smoke,1761,304,1818,361
0012.png,29,170,Smoke,1136,380,1165,550
0580.png,55,80,Smoke,546,424,601,504
0463.png,124,174,Smoke,1250,378,1374,552
0986.png,179,109,Smoke,1741,455,1920,564
1334.png,23,151,Smoke,1212,425,1235,576
0009.png,50,147,Smoke,418,397,468,544
1101.png,23,113,Smoke,1214,470,1237,583
0130.png,29,218,Smoke,1164,348,1193,566
0957.png,55,80,Smoke,546,424,601,504
0064.png,32,158,Smoke,961,388,993,546
0116.png,95,176,Smoke,818,374,913,550
0511.png,69,59,Smoke,1688,578,1757,637
0950.png,118,107,Smoke,620,445,738,552
1301.png,124,174,Smoke,1255,377,1379,551
1499.png,132,155,Smoke,1247,396,1379,551
0165.png,29,218,Smoke,1163,350,1192,568
0215.png,55,46,Smoke,552,484,607,530
0920.png,32,158,Smoke,962,381,994,539
0733.png,80,48,Smoke,414,514,494,562
0586.png,169,109,Smoke,1751,450,1920,559
1546.png,32,170,Smoke,962,373,994,543
0780.png,76,118,Smoke,1771,303,1847,421
0813.png,29,218,Smoke,1163,355,1192,573
1510.png,155,48,Smoke,1719,582,1874,630
0764.png,23,113,Smoke,1214,468,1237,581
1644.png,55,80,Smoke,546,424,601,504
1283.png,76,250,Smoke,1617,387,1693,637
0209.png,141,147,Smoke,1231,408,1372,555
1599.png,130,227,Smoke,1026,304,1156,531
1614.png,23,151,Smoke,1210,422,1233,573
1603.png,50,128,Smoke,1431,412,1481,540
1420.png,57,57,Smoke,1755,305,1812,362
1677.png,80,48,Smoke,414,514,494,562
0314.png,76,92,Smoke,1768,310,1844,402
0220.png,107,221,Smoke,1021,325,1128,546
0113.png,23,113,Smoke,1214,464,1237,577
0566.png,97,120,Smoke,647,425,744,545
0128.png,29,218,Smoke,1164,347,1193,565
1023.png,99,59,Smoke,1686,577,1785,636
1794.png,80,57,Smoke,1760,298,1840,355
0890.png,124,174,Smoke,1252,379,1376,553
1778.png,32,170,Smoke,966,388,998,558
1705.png,80,48,Smoke,414,514,494,562
1708.png,80,48,Smoke,414,514,494,562
0384.png,69,59,Smoke,1691,580,1760,639
0854.png,23,113,Smoke,1214,470,1237,583
0426.png,69,59,Smoke,1690,578,1759,637
1741.png,55,80,Smoke,546,424,601,504
0627.png,97,120,Smoke,647,430,744,550
0870.png,111,233,Smoke,1020,318,1131,551
0975.png,29,218,Smoke,1163,352,1192,570
1420.png,29,218,Smoke,1164,333,1193,551
0683.png,80,48,Smoke,414,514,494,562
0632.png,80,48,Smoke,415,515,495,563
0023.png,65,197,Smoke,1584,423,1649,620
0912.png,32,158,Smoke,963,380,995,538
0133.png,57,48,Smoke,1705,577,1762,625
0212.png,107,221,Smoke,1020,323,1127,544
0850.png,23,113,Smoke,1214,469,1237,582
1526.png,29,218,Smoke,1164,341,1193,559
0703.png,29,218,Smoke,1163,357,1192,575
0948.png,99,59,Smoke,1688,577,1787,636
1331.png,29,218,Smoke,1164,335,1193,553
0093.png,48,34,Smoke,559,483,607,517
0416.png,23,113,Smoke,1214,464,1237,577
1367.png,101,107,Smoke,635,446,736,553
0271.png,107,221,Smoke,1022,323,1129,544
1711.png,80,57,Smoke,1759,299,1839,356
1491.png,103,55,Smoke,818,500,921,555
0055.png,55,143,Smoke,445,388,500,531
0554.png,32,158,Smoke,962,389,994,547
0723.png,80,48,Smoke,414,514,494,562
1381.png,155,48,Smoke,1718,577,1873,625
1109.png,124,174,Smoke,1254,377,1378,551
0555.png,97,120,Smoke,647,425,744,545
1103.png,99,59,Smoke,1689,575,1788,634
1362.png,76,227,Smoke,1615,381,1691,608
0407.png,86,107,Smoke,656,431,742,538
1308.png,32,170,Smoke,962,378,994,548
0011.png,34,116,Smoke,1403,434,1437,550
1053.png,101,107,Smoke,635,446,736,553
1506.png,170,57,Smoke,568,499,738,556
1005.png,29,218,Smoke,1163,355,1192,573
0876.png,143,71,Smoke,594,483,737,554
1195.png,84,67,Smoke,1761,377,1845,444
1270.png,29,218,Smoke,1164,335,1193,553
0837.png,50,128,Smoke,1431,426,1481,554
1618.png,130,227,Smoke,1026,311,1156,538
0681.png,76,118,Smoke,1773,304,1849,422
1499.png,181,109,Smoke,1739,457,1920,566
0517.png,23,113,Smoke,1214,464,1237,577
0562.png,55,80,Smoke,546,424,601,504
1271.png,76,250,Smoke,1615,387,1691,637
0026.png,107,195,Smoke,993,356,1100,551
1113.png,32,158,Smoke,963,377,995,535
1532.png,76,227,Smoke,1621,385,1697,612
1138.png,99,59,Smoke,1688,574,1787,633
1604.png,80,48,Smoke,414,514,494,562
0198.png,76,92,Smoke,1768,309,1844,401
0704.png,124,174,Smoke,1251,378,1375,552
0226.png,141,147,Smoke,1231,408,1372,555
1186.png,84,67,Smoke,1760,378,1844,445
1230.png,80,48,Smoke,414,514,494,562
1425.png,181,109,Smoke,1739,456,1920,565
0078.png,107,195,Smoke,1022,357,1129,552
0736.png,99,59,Smoke,1692,575,1791,634
0404.png,69,59,Smoke,1690,578,1759,637
0192.png,32,158,Smoke,962,387,994,545
1571.png,57,57,Smoke,1761,304,1818,361
0829.png,124,174,Smoke,1251,379,1375,553
1247.png,57,57,Smoke,1773,313,1830,370
0531.png,57,57,Smoke,1773,313,1830,370
0553.png,65,218,Smoke,1618,397,1683,615
1141.png,101,107,Smoke,635,446,736,553
0963.png,32,158,Smoke,962,381,994,539
1127.png,179,109,Smoke,1741,457,1920,566
0752.png,80,48,Smoke,414,514,494,562
0436.png,86,107,Smoke,656,431,742,538
0436.png,55,80,Smoke,546,421,601,501
0380.png,55,80,Smoke,546,422,601,502
1624.png,80,57,Smoke,1763,302,1843,359
0503.png,65,197,Smoke,1617,421,1682,618
1032.png,23,113,Smoke,1214,467,1237,580
1375.png,101,107,Smoke,635,446,736,553
1721.png,32,170,Smoke,966,382,998,552
0135.png,23,113,Smoke,1214,464,1237,577
1622.png,29,218,Smoke,1161,339,1190,557
0227.png,32,158,Smoke,962,387,994,545
0369.png,29,218,Smoke,1163,357,1192,575
0274.png,50,116,Smoke,1431,428,1481,544
1232.png,57,57,Smoke,1773,313,1830,370
0886.png,32,158,Smoke,964,386,996,544
1302.png,90,67,Smoke,815,492,905,559
1594.png,180,109,Smoke,1740,458,1920,567
1714.png,29,218,Smoke,1161,335,1190,553
0027.png,55,143,Smoke,416,395,471,538
0292.png,69,59,Smoke,1690,577,1759,636
0630.png,29,218,Smoke,1163,357,1192,575
1579.png,57,57,Smoke,1761,304,1818,361
0589.png,169,109,Smoke,1751,450,1920,559
1553.png,111,76,Smoke,814,477,925,553
1095.png,124,174,Smoke,1253,377,1377,551
0829.png,29,218,Smoke,1163,355,1192,573
1439.png,130,227,Smoke,1023,322,1153,549
1028.png,29,218,Smoke,1163,353,1192,571
0655.png,76,118,Smoke,1771,305,1847,423
1091.png,55,80,Smoke,546,424,601,504
0366.png,55,84,Smoke,450,460,505,544
0449.png,29,218,Smoke,1163,357,1192,575
0101.png,23,113,Smoke,1214,464,1237,577
1625.png,50,128,Smoke,1431,412,1481,540
1141.png,55,80,Smoke,546,424,601,504
1359.png,128,59,Smoke,1693,577,1821,636
0967.png,80,48,Smoke,414,514,494,562
0462.png,95,139,Smoke,821,399,916,538
0628.png,32,158,Smoke,963,388,995,546
1574.png,132,155,Smoke,1246,397,1378,552
1040.png,32,158,Smoke,962,381,994,539
0660.png,124,174,Smoke,1251,378,1375,552
0686.png,174,109,Smoke,1746,449,1920,558
1258.png,50,128,Smoke,1431,417,1481,545
0792.png,174,109,Smoke,1746,449,1920,558
0753.png,29,218,Smoke,1163,355,1192,573
1713.png,122,78,Smoke,812,473,934,551
1657.png,29,218,Smoke,1161,338,1190,556
0106.png,32,158,Smoke,962,387,994,545
0581.png,50,128,Smoke,1435,423,1485,551
0636.png,80,48,Smoke,414,516,494,564
1321.png,90,67,Smoke,815,490,905,557
0053.png,55,143,Smoke,443,387,498,530
0728.png,29,218,Smoke,1163,357,1192,575
0827.png,32,158,Smoke,963,386,995,544
1770.png,180,109,Smoke,1740,458,1920,567
1365.png,50,128,Smoke,1431,415,1481,543
0603.png,109,155,Smoke,810,395,919,550
0705.png,29,218,Smoke,1163,355,1192,573
0165.png,107,195,Smoke,1022,350,1129,545
0343.png,76,92,Smoke,1768,310,1844,402
0384.png,57,57,Smoke,1773,313,1830,370
0471.png,124,174,Smoke,1250,378,1374,552
0110.png,23,113,Smoke,1214,464,1237,577
0433.png,23,113,Smoke,1214,464,1237,577
0431.png,76,105,Smoke,1770,311,1846,416
1749.png,181,109,Smoke,1739,456,1920,565
0772.png,76,250,Smoke,1613,394,1689,644
0141.png,148,97,Smoke,1772,450,1920,547
0397.png,144,113,Smoke,1776,446,1920,559
0928.png,101,160,Smoke,813,385,914,545
1659.png,122,78,Smoke,811,476,933,554
0269.png,65,197,Smoke,1617,422,1682,619
1023.png,76,118,Smoke,1769,317,1845,435
0477.png,124,174,Smoke,1250,378,1374,552
0040.png,48,34,Smoke,559,483,607,517
1181.png,84,67,Smoke,1761,378,1845,445
1091.png,80,48,Smoke,414,514,494,562
0923.png,80,48,Smoke,414,514,494,562
0973.png,124,174,Smoke,1253,379,1377,553
0306.png,76,92,Smoke,1768,310,1844,402
0719.png,99,59,Smoke,1693,577,1792,636
0274.png,95,176,Smoke,820,371,915,547
1465.png,29,218,Smoke,1164,333,1193,551
0801.png,170,67,Smoke,567,490,737,557
1694.png,122,78,Smoke,812,474,934,552
1225.png,111,246,Smoke,1032,306,1143,552
0717.png,29,218,Smoke,1163,355,1192,573
1219.png,32,158,Smoke,963,376,995,534
0585.png,99,59,Smoke,1692,575,1791,634
0038.png,55,143,Smoke,428,393,483,536
0303.png,29,218,Smoke,1163,356,1192,574
0492.png,57,57,Smoke,1773,313,1830,370
0850.png,124,174,Smoke,1251,379,1375,553
1713.png,132,155,Smoke,1246,397,1378,552
1543.png,141,67,Smoke,1757,376,1898,443
1004.png,76,250,Smoke,1615,390,1691,640
0004.png,48,34,Smoke,559,483,607,517
1092.png,57,57,Smoke,1773,313,1830,370
1147.png,97,151,Smoke,815,393,912,544
0008.png,48,34,Smoke,559,483,607,517
1129.png,23,113,Smoke,1214,471,1237,584
0287.png,69,59,Smoke,1690,577,1759,636
1508.png,76,227,Smoke,1621,383,1697,610
0374.png,32,158,Smoke,962,387,994,545
0427.png,55,80,Smoke,546,422,601,502
0987.png,50,128,Smoke,1431,424,1481,552
0894.png,76,118,Smoke,1770,317,1846,435
1319.png,23,113,Smoke,1212,466,1235,579
1159.png,32,158,Smoke,963,376,995,534
0400.png,95,139,Smoke,821,410,916,549
1050.png,99,59,Smoke,1686,577,1785,636
1177.png,80,48,Smoke,414,514,494,562
1060.png,29,218,Smoke,1163,347,1192,565
0718.png,99,59,Smoke,1691,576,1790,635
1379.png,50,128,Smoke,1431,415,1481,543
0277.png,55,46,Smoke,552,484,607,530
1634.png,113,57,Smoke,629,495,742,552
1272.png,80,48,Smoke,414,514,494,562
0420.png,55,84,Smoke,450,460,505,544
1590.png,141,67,Smoke,1758,377,1899,444
0627.png,109,155,Smoke,809,395,918,550
0938.png,99,59,Smoke,1688,577,1787,636
0846.png,111,233,Smoke,1019,320,1130,553
0095.png,55,143,Smoke,446,387,501,530
0479.png,95,155,Smoke,822,395,917,550
0760.png,160,57,Smoke,580,501,740,558
1656.png,122,78,Smoke,810,475,932,553
1542.png,32,170,Smoke,962,373,994,543
0721.png,50,128,Smoke,1432,424,1482,552
0472.png,95,155,Smoke,821,397,916,552
0075.png,57,57,Smoke,1773,313,1830,370
0575.png,76,118,Smoke,1770,307,1846,425
0227.png,55,46,Smoke,552,484,607,530
1592.png,132,155,Smoke,1246,397,1378,552
0948.png,29,218,Smoke,1163,353,1192,571
1261.png,23,113,Smoke,1212,466,1235,579
0499.png,55,80,Smoke,546,424,601,504
1436.png,90,67,Smoke,816,487,906,554
0401.png,57,57,Smoke,1773,313,1830,370
0622.png,76,118,Smoke,1771,306,1847,424
0133.png,65,197,Smoke,1617,422,1682,619
0729.png,111,221,Smoke,1019,321,1130,542
1739.png,55,80,Smoke,546,424,601,504
0346.png,57,57,Smoke,1773,313,1830,370
1338.png,99,59,Smoke,1690,575,1789,634
0639.png,99,59,Smoke,1692,575,1791,634
0820.png,29,218,Smoke,1163,355,1192,573
0672.png,32,158,Smoke,963,388,995,546
0759.png,80,48,Smoke,414,514,494,562
0252.png,140,86,Smoke,1780,456,1920,542
1688.png,141,67,Smoke,1761,373,1902,440
0994.png,29,218,Smoke,1163,353,1192,571
0063.png,65,197,Smoke,1617,422,1682,619
1068.png,80,48,Smoke,414,514,494,562
0346.png,124,174,Smoke,1251,378,1375,552
1617.png,80,57,Smoke,1763,302,1843,359
1604.png,55,80,Smoke,546,424,601,504
1179.png,84,67,Smoke,1761,378,1845,445
1472.png,50,128,Smoke,1431,413,1481,541
1724.png,99,55,Smoke,642,498,741,553
0078.png,95,176,Smoke,818,376,913,552
0991.png,124,174,Smoke,1253,379,1377,553
0501.png,50,116,Smoke,1431,428,1481,544
0778.png,80,48,Smoke,414,514,494,562
1484.png,132,155,Smoke,1247,396,1379,551
1098.png,99,59,Smoke,1688,574,1787,633
1681.png,80,48,Smoke,414,514,494,562
1456.png,155,48,Smoke,1717,579,1872,627
0346.png,50,116,Smoke,1431,426,1481,542
1377.png,76,227,Smoke,1615,382,1691,609
1674.png,128,246,Smoke,1020,313,1148,559
0772.png,160,57,Smoke,582,501,742,558
1619.png,155,48,Smoke,1722,580,1877,628
1722.png,23,151,Smoke,1211,418,1234,569
0249.png,141,147,Smoke,1231,408,1372,555
0817.png,170,67,Smoke,567,490,737,557
1549.png,181,109,Smoke,1739,457,1920,566
1013.png,76,250,Smoke,1615,390,1691,640
0789.png,111,233,Smoke,1019,321,1130,554
1696.png,80,57,Smoke,1758,299,1838,356
1350.png,76,227,Smoke,1615,381,1691,608
1431.png,80,48,Smoke,414,514,494,562
1224.png,80,48,Smoke,414,514,494,562
1511.png,155,48,Smoke,1719,581,1874,629
0958.png,111,233,Smoke,1027,317,1138,550
0092.png,95,176,Smoke,818,375,913,551
0170.png,57,57,Smoke,1773,313,1830,370
1532.png,132,155,Smoke,1247,398,1379,553
0061.png,23,113,Smoke,1214,464,1237,577
0141.png,74,99,Smoke,666,437,740,536
0644.png,97,120,Smoke,647,432,744,552
0278.png,55,84,Smoke,450,460,505,544
0525.png,124,174,Smoke,1250,378,1374,552
1759.png,80,57,Smoke,1759,298,1839,355
0047.png,57,57,Smoke,1773,313,1830,370
0884.png,76,118,Smoke,1769,318,1845,436
0431.png,50,116,Smoke,1431,428,1481,544
0444.png,32,158,Smoke,962,387,994,545
0084.png,55,143,Smoke,446,388,501,531
0006.png,32,158,Smoke,928,387,960,545
1489.png,130,227,Smoke,1024,318,1154,545
1570.png,130,227,Smoke,1025,311,1155,538
1250.png,55,80,Smoke,546,424,601,504
0902.png,50,128,Smoke,1431,424,1481,552
0284.png,69,86,Smoke,670,443,739,529
0499.png,80,48,Smoke,415,515,495,563
0155.png,48,34,Smoke,559,483,607,517
0932.png,57,57,Smoke,1773,313,1830,370
0019.png,34,116,Smoke,1403,434,1437,550
0241.png,65,197,Smoke,1617,422,1682,619
0534.png,160,109,Smoke,1760,449,1920,558
0696.png,111,221,Smoke,1021,321,1132,542
0025.png,74,99,Smoke,630,448,704,547
0132.png,55,143,Smoke,445,387,500,530
0468.png,55,80,Smoke,546,424,601,504
1567.png,80,48,Smoke,414,514,494,562
0339.png,55,84,Smoke,450,460,505,544
0447.png,23,113,Smoke,1214,464,1237,577
0414.png,95,139,Smoke,821,407,916,546
0264.png,76,92,Smoke,1768,309,1844,401
1717.png,50,128,Smoke,1431,412,1481,540
0775.png,57,57,Smoke,1773,313,1830,370
1043.png,124,174,Smoke,1253,377,1377,551
1116.png,101,107,Smoke,635,446,736,553
0537.png,65,218,Smoke,1619,399,1684,617
1571.png,57,57,Smoke,1761,304,1818,361
0120.png,74,99,Smoke,665,441,739,540
1064.png,57,57,Smoke,1773,313,1830,370
1304.png,32,170,Smoke,962,378,994,548
1730.png,180,109,Smoke,1740,456,1920,565
1296.png,90,67,Smoke,815,492,905,559
0309.png,95,139,Smoke,821,410,916,549
0445.png,55,84,Smoke,450,460,505,544
0647.png,124,174,Smoke,1251,378,1375,552
1466.png,103,55,Smoke,817,497,920,552
0489.png,57,57,Smoke,1773,313,1830,370
1267.png,32,158,Smoke,963,376,995,534
1453.png,130,227,Smoke,1023,322,1153,549
0436.png,23,113,Smoke,1214,464,1237,577
0802.png,109,179,Smoke,815,367,924,546
0573.png,165,109,Smoke,1755,452,1920,561
0468.png,97,120,Smoke,647,426,744,546
0155.png,95,176,Smoke,818,375,913,551
0193.png,76,92,Smoke,1768,309,1844,401
1143.png,179,109,Smoke,1741,457,1920,566
0601.png,23,113,Smoke,1214,465,1237,578
1658.png,80,57,Smoke,1760,301,1840,358
1470.png,29,218,Smoke,1164,333,1193,551
0297.png,69,86,Smoke,670,439,739,525
0065.png,74,99,Smoke,663,445,737,544
1185.png,50,128,Smoke,1431,420,1481,548
0804.png,29,218,Smoke,1163,355,1192,573
0522.png,160,109,Smoke,1760,449,1920,558
1437.png,155,48,Smoke,1716,577,1871,625
1562.png,29,218,Smoke,1163,343,1192,561
1178.png,101,107,Smoke,635,446,736,553
0507.png,32,158,Smoke,962,387,994,545
1646.png,29,218,Smoke,1161,338,1190,556
0339.png,76,95,Smoke,665,433,741,528
1745.png,50,128,Smoke,1431,412,1481,540
0757.png,124,174,Smoke,1251,379,1375,553
1577.png,57,57,Smoke,1761,304,1818,361
1457.png,55,80,Smoke,546,424,601,504
0580.png,23,113,Smoke,1214,465,1237,578
0488.png,32,158,Smoke,962,387,994,545
1238.png,111,246,Smoke,1032,308,1143,554
1344.png,124,174,Smoke,1256,377,1380,551
1386.png,80,48,Smoke,414,514,494,562
1518.png,57,57,Smoke,1761,304,1818,361
1483.png,141,67,Smoke,1758,373,1899,440
1760.png,32,170,Smoke,966,384,998,554
1276.png,29,218,Smoke,1164,335,1193,553
0186.png,50,116,Smoke,1433,426,1483,542
1394.png,141,67,Smoke,1759,374,1900,441
1135.png,97,151,Smoke,814,393,911,544
0902.png,143,71,Smoke,596,483,739,554
1461.png,32,170,Smoke,962,373,994,543
0566.png,57,57,Smoke,1773,313,1830,370
0167.png,23,113,Smoke,1214,464,1237,577
0570.png,109,155,Smoke,809,395,918,550
1616.png,130,227,Smoke,1026,311,1156,538
1770.png,99,55,Smoke,642,498,741,553
0066.png,23,113,Smoke,1214,464,1237,577
1129.png,101,107,Smoke,635,446,736,553
0784.png,80,48,Smoke,414,514,494,562
1664.png,132,155,Smoke,1246,397,1378,552
0540.png,80,48,Smoke,415,514,495,562
1635.png,80,57,Smoke,1762,302,1842,359
0366.png,29,218,Smoke,1163,355,1192,573
0472.png,32,158,Smoke,962,387,994,545
1371.png,124,174,Smoke,1256,377,1380,551
1528.png,111,76,Smoke,811,479,922,555
0084.png,107,195,Smoke,1022,357,1129,552
1528.png,23,151,Smoke,1212,422,1235,573
0963.png,111,233,Smoke,1027,317,1138,550
1321.png,101,107,Smoke,635,446,736,553
0498.png,65,197,Smoke,1617,422,1682,619
1736.png,80,57,Smoke,1758,299,1838,356
0647.png,97,120,Smoke,647,432,744,552
1239.png,99,59,Smoke,1688,575,1787,634
0735.png,29,218,Smoke,1163,355,1192,573
0864.png,170,90,Smoke,567,465,737,555
1436.png,32,170,Smoke,962,373,994,543
1768.png,132,155,Smoke,1245,399,1377,554
1742.png,99,55,Smoke,642,498,741,553
1698.png,80,57,Smoke,1758,299,1838,356
0864.png,174,109,Smoke,1746,451,1920,560
0951.png,32,158,Smoke,962,381,994,539
0261.png,55,46,Smoke,552,484,607,530
0544.png,97,120,Smoke,647,424,744,544
1653.png,50,128,Smoke,1431,412,1481,540
0821.png,76,250,Smoke,1615,394,1691,644
1405.png,55,80,Smoke,546,424,601,504
0509.png,76,118,Smoke,1771,309,1847,427
0374.png,23,113,Smoke,1214,464,1237,577
0370.png,142,113,Smoke,1778,443,1920,556
1560.png,50,128,Smoke,1431,411,1481,539
0885.png,80,48,Smoke,414,514,494,562
1559.png,55,80,Smoke,546,424,601,504
0562.png,50,128,Smoke,1435,423,1485,551
1048.png,80,48,Smoke,414,514,494,562
1262.png,99,59,Smoke,1689,575,1788,634
1699.png,29,218,Smoke,1161,334,1190,552
1663.png,128,246,Smoke,1017,310,1145,556
0698.png,32,158,Smoke,963,388,995,546
1733.png,76,258,Smoke,1625,380,1701,638
1236.png,80,48,Smoke,414,514,494,562
0338.png,50,116,Smoke,1431,426,1481,542
1233.png,50,128,Smoke,1431,419,1481,547
0489.png,69,59,Smoke,1688,578,1757,637
0350.png,95,139,Smoke,821,408,916,547
1737.png,181,109,Smoke,1739,456,1920,565
0299.png,65,197,Smoke,1617,422,1682,619
0484.png,69,59,Smoke,1688,578,1757,637
0239.png,141,147,Smoke,1231,408,1372,555
0249.png,55,84,Smoke,451,460,506,544
1424.png,80,48,Smoke,414,514,494,562
0622.png,170,109,Smoke,1750,449,1920,558
1093.png,32,158,Smoke,963,375,995,533
1360.png,76,227,Smoke,1615,382,1691,609
1674.png,76,227,Smoke,1623,382,1699,609
1504.png,182,109,Smoke,1738,457,1920,566
0644.png,109,155,Smoke,809,394,918,549
1052.png,97,151,Smoke,813,393,910,544
1435.png,23,151,Smoke,1212,423,1235,574
1064.png,23,113,Smoke,1214,468,1237,581
1036.png,101,107,Smoke,635,446,736,553
0477.png,32,158,Smoke,962,387,994,545
1385.png,124,174,Smoke,1256,377,1380,551
1001.png,50,128,Smoke,1431,423,1481,551
0233.png,29,218,Smoke,1162,368,1191,586
1138.png,55,80,Smoke,546,424,601,504
0501.png,76,118,Smoke,1771,309,1847,427
1633.png,130,227,Smoke,1027,310,1157,537
1037.png,29,218,Smoke,1163,351,1192,569
0910.png,76,118,Smoke,1770,316,1846,434
1632.png,132,155,Smoke,1247,397,1379,552
1162.png,179,109,Smoke,1741,457,1920,566
0226.png,69,59,Smoke,1691,577,1760,636
1077.png,124,174,Smoke,1253,377,1377,551
0372.png,32,158,Smoke,962,387,994,545
0033.png,57,48,Smoke,1679,579,1736,627
0896.png,76,250,Smoke,1613,391,1689,641
0743.png,32,158,Smoke,963,388,995,546
0147.png,95,176,Smoke,817,377,912,553
0123.png,32,158,Smoke,962,387,994,545
1713.png,76,227,Smoke,1623,382,1699,609
1769.png,50,128,Smoke,1431,413,1481,541
0499.png,23,113,Smoke,1214,464,1237,577
1722.png,141,67,Smoke,1759,371,1900,438
1019.png,29,218,Smoke,1163,353,1192,571
0841.png,107,179,Smoke,815,369,922,548
0186.png,95,176,Smoke,818,377,913,553
0600.png,80,48,Smoke,414,515,494,563
0188.png,141,147,Smoke,1231,408,1372,555
0993.png,29,218,Smoke,1163,353,1192,571
1098.png,80,48,Smoke,414,514,494,562
0496.png,107,221,Smoke,1024,318,1131,539
1706.png,23,151,Smoke,1210,421,1233,572
1522.png,23,151,Smoke,1212,423,1235,574
1743.png,128,246,Smoke,1025,316,1153,562
0353.png,142,113,Smoke,1778,444,1920,557
1450.png,103,55,Smoke,815,498,918,553
0987.png,76,250,Smoke,1615,390,1691,640
1147.png,50,128,Smoke,1431,421,1481,549
0334.png,55,46,Smoke,552,484,607,530
1786.png,29,218,Smoke,1161,339,1190,557
1758.png,55,80,Smoke,546,424,601,504
1413.png,32,170,Smoke,962,373,994,543
0165.png,23,113,Smoke,1214,464,1237,577
0246.png,55,46,Smoke,552,484,607,530
1210.png,23,113,Smoke,1213,469,1236,582
0552.png,107,221,Smoke,1025,319,1132,540
1027.png,124,174,Smoke,1253,377,1377,551
0092.png,145,116,Smoke,1226,427,1371,543
1158.png,99,59,Smoke,1688,574,1787,633
0319.png,145,113,Smoke,1775,445,1920,558
1014.png,124,174,Smoke,1253,379,1377,553
0729.png,76,250,Smoke,1611,394,1687,644
0737.png,50,128,Smoke,1432,424,1482,552
1748.png,155,48,Smoke,1722,580,1877,628
0212.png,141,147,Smoke,1231,408,1372,555
0686.png,55,80,Smoke,546,424,601,504
0063.png,32,158,Smoke,961,388,993,546
1610.png,180,109,Smoke,1740,457,1920,566
0766.png,32,158,Smoke,963,388,995,546
1085.png,97,151,Smoke,814,393,911,544
1148.png,101,107,Smoke,635,446,736,553
0806.png,80,48,Smoke,414,514,494,562
1728.png,80,57,Smoke,1758,299,1838,356
1632.png,113,57,Smoke,629,495,742,552
0198.png,145,86,Smoke,1775,457,1920,543
1410.png,155,48,Smoke,1718,577,1873,625
1037.png,55,80,Smoke,546,424,601,504
0937.png,101,160,Smoke,813,383,914,543
0018.png,65,197,Smoke,1583,424,1648,621
1162.png,76,250,Smoke,1613,390,1689,640
0229.png,50,116,Smoke,1431,427,1481,543
1026.png,99,59,Smoke,1687,577,1786,636
1665.png,80,48,Smoke,414,514,494,562
0556.png,99,59,Smoke,1692,576,1791,635
1765.png,29,218,Smoke,1161,337,1190,555
0954.png,76,118,Smoke,1769,316,1845,434
0399.png,86,107,Smoke,656,431,742,538
1146.png,55,80,Smoke,546,424,601,504
1234.png,29,218,Smoke,1164,335,1193,553
1181.png,23,113,Smoke,1213,470,1236,583
0514.png,65,197,Smoke,1617,421,1682,618
1040.png,76,118,Smoke,1769,317,1845,435
0090.png,57,48,Smoke,1704,576,1761,624
0682.png,124,174,Smoke,1251,378,1375,552
0489.png,144,109,Smoke,1776,447,1920,556
0874.png,124,174,Smoke,1252,379,1376,553
0863.png,29,218,Smoke,1163,355,1192,573
1099.png,50,128,Smoke,1431,422,1481,550
1592.png,32,170,Smoke,964,372,996,542
0870.png,50,128,Smoke,1431,425,1481,553
0472.png,107,221,Smoke,1023,317,1130,538
1746.png,29,218,Smoke,1161,342,1190,560
1092.png,76,250,Smoke,1615,391,1691,641
0666.png,99,59,Smoke,1692,575,1791,634
0160.png,48,34,Smoke,559,483,607,517
0739.png,32,158,Smoke,963,388,995,546
1481.png,130,227,Smoke,1024,320,1154,547
1646.png,122,78,Smoke,810,475,932,553
1734.png,141,67,Smoke,1759,371,1900,438
1487.png,130,227,Smoke,1024,320,1154,547
0887.png,80,48,Smoke,414,514,494,562
1627.png,181,109,Smoke,1739,457,1920,566
1755.png,128,246,Smoke,1025,316,1153,562
0899.png,174,109,Smoke,1746,452,1920,561
0227.png,29,218,Smoke,1162,367,1191,585
1500.png,29,218,Smoke,1164,337,1193,555
0593.png,29,218,Smoke,1163,355,1192,573
0441.png,29,218,Smoke,1163,357,1192,575
1221.png,55,80,Smoke,546,424,601,504
1488.png,29,218,Smoke,1164,335,1193,553
1108.png,80,48,Smoke,414,514,494,562
0627.png,80,48,Smoke,414,514,494,562
0714.png,111,221,Smoke,1020,323,1131,544
0274.png,55,46,Smoke,552,484,607,530
0642.png,65,218,Smoke,1620,397,1685,615
1277.png,90,67,Smoke,815,492,905,559
0955.png,99,59,Smoke,1688,577,1787,636
0964.png,55,80,Smoke,546,424,601,504
1218.png,57,57,Smoke,1773,313,1830,370
1448.png,132,155,Smoke,1247,396,1379,551
1233.png,80,48,Smoke,414,514,494,562
0536.png,69,59,Smoke,1688,578,1757,637
0407.png,107,221,Smoke,1021,318,1128,539
1239.png,76,250,Smoke,1614,389,1690,639
0371.png,65,197,Smoke,1617,422,1682,619
1431.png,57,57,Smoke,1755,305,1812,362
0851.png,174,109,Smoke,1746,451,1920,560
0417.png,55,80,Smoke,546,421,601,501
0391.png,57,57,Smoke,1773,313,1830,370
0375.png,124,174,Smoke,1250,378,1374,552
1019.png,124,174,Smoke,1253,379,1377,553
1557.png,57,57,Smoke,1761,304,1818,361
0929.png,101,160,Smoke,813,383,914,543
1100.png,111,246,Smoke,1030,307,1141,553
1480.png,80,48,Smoke,414,514,494,562
0249.png,57,57,Smoke,1773,313,1830,370
0677.png,109,155,Smoke,811,394,920,549
0631.png,65,218,Smoke,1620,397,1685,615
0422.png,144,113,Smoke,1776,444,1920,557
1716.png,155,48,Smoke,1722,579,1877,627
0428.png,69,59,Smoke,1690,578,1759,637
0479.png,142,109,Smoke,1778,446,1920,555
1208.png,32,158,Smoke,963,376,995,534
0390.png,50,116,Smoke,1431,427,1481,543
0034.png,145,116,Smoke,1204,427,1349,543
1471.png,50,128,Smoke,1431,413,1481,541
1363.png,128,59,Smoke,1691,578,1819,637
1651.png,141,67,Smoke,1759,373,1900,440
1222.png,80,48,Smoke,414,514,494,562
1140.png,97,151,Smoke,814,390,911,541
1016.png,76,118,Smoke,1769,317,1845,435
1424.png,90,67,Smoke,816,488,906,555
0895.png,99,59,Smoke,1688,577,1787,636
1213.png,97,151,Smoke,816,393,913,544
0957.png,124,174,Smoke,1253,379,1377,553
0978.png,99,59,Smoke,1688,577,1787,636
1682.png,50,128,Smoke,1431,412,1481,540
1525.png,141,67,Smoke,1758,377,1899,444
1359.png,55,80,Smoke,546,424,601,504
0603.png,111,221,Smoke,1018,320,1129,541
0278.png,69,59,Smoke,1690,577,1759,636
0674.png,76,118,Smoke,1772,304,1848,422
0367.png,50,116,Smoke,1431,426,1481,542
1282.png,55,80,Smoke,546,424,601,504
0859.png,76,118,Smoke,1770,317,1846,435
1595.png,181,109,Smoke,1739,458,1920,567
0209.png,76,92,Smoke,1769,309,1845,401
1671.png,32,170,Smoke,966,380,998,550
0601.png,97,120,Smoke,647,430,744,550
1614.png,29,218,Smoke,1162,337,1191,555
1632.png,23,151,Smoke,1210,422,1233,573
1334.png,57,57,Smoke,1773,314,1830,371
0912.png,99,59,Smoke,1687,576,1786,635
0304.png,50,116,Smoke,1431,428,1481,544
0776.png,32,158,Smoke,963,388,995,546
1271.png,179,109,Smoke,1741,458,1920,567
0201.png,50,116,Smoke,1432,426,1482,542
0985.png,29,218,Smoke,1163,353,1192,571
0359.png,57,57,Smoke,1773,313,1830,370
1325.png,130,227,Smoke,1020,323,1150,550
1135.png,76,250,Smoke,1614,390,1690,640
1440.png,29,218,Smoke,1164,335,1193,553
0886.png,23,113,Smoke,1214,468,1237,581
1406.png,124,174,Smoke,1256,377,1380,551
1461.png,57,57,Smoke,1758,304,1815,361
1561.png,130,227,Smoke,1025,312,1155,539
0042.png,23,113,Smoke,1214,464,1237,577
1635.png,130,227,Smoke,1027,310,1157,537
1783.png,50,128,Smoke,1431,412,1481,540
1167.png,29,218,Smoke,1164,333,1193,551
0092.png,32,158,Smoke,962,387,994,545
0118.png,55,143,Smoke,446,386,501,529
0492.png,80,48,Smoke,423,504,503,552
0989.png,80,48,Smoke,414,514,494,562
1284.png,101,107,Smoke,635,446,736,553
1782.png,122,78,Smoke,814,476,936,554
0901.png,23,113,Smoke,1214,467,1237,580
1338.png,141,67,Smoke,1759,375,1900,442
0757.png,32,158,Smoke,963,388,995,546
1388.png,141,67,Smoke,1759,375,1900,442
0646.png,29,218,Smoke,1163,357,1192,575
1765.png,32,170,Smoke,966,386,998,556
1031.png,80,48,Smoke,414,514,494,562
1449.png,103,55,Smoke,815,498,918,553
1675.png,80,57,Smoke,1758,302,1838,359
1384.png,180,109,Smoke,1740,458,1920,567
0661.png,29,218,Smoke,1163,358,1192,576
0267.png,57,57,Smoke,1773,313,1830,370
0807.png,80,48,Smoke,414,514,494,562
1128.png,101,107,Smoke,635,446,736,553
0268.png,32,158,Smoke,962,387,994,545
0031.png,95,176,Smoke,792,381,887,557
1317.png,124,174,Smoke,1255,377,1379,551
0767.png,99,59,Smoke,1692,575,1791,634
0226.png,23,113,Smoke,1214,464,1237,577
0646.png,109,155,Smoke,809,394,918,549
1611.png,32,170,Smoke,964,372,996,542
1486.png,50,128,Smoke,1431,412,1481,540
0188.png,57,48,Smoke,1704,577,1761,625
0918.png,76,250,Smoke,1613,391,1689,641
1661.png,23,151,Smoke,1210,423,1233,574
1291.png,84,67,Smoke,1760,375,1844,442
0516.png,55,80,Smoke,546,424,601,504
1629.png,122,78,Smoke,809,475,931,553
0574.png,124,174,Smoke,1251,378,1375,552
1182.png,32,158,Smoke,963,376,995,534
0523.png,76,118,Smoke,1772,309,1848,427
0114.png,57,48,Smoke,1705,577,1762,625
0489.png,65,197,Smoke,1617,421,1682,618
1196.png,32,158,Smoke,963,376,995,534
1594.png,55,80,Smoke,546,424,601,504
0643.png,32,158,Smoke,963,389,995,547
1357.png,76,227,Smoke,1615,382,1691,609
1182.png,99,59,Smoke,1688,573,1787,632
1483.png,76,227,Smoke,1620,384,1696,611
1390.png,29,218,Smoke,1164,335,1193,553
0166.png,74,99,Smoke,666,433,740,532
1607.png,55,80,Smoke,546,424,601,504
1583.png,141,67,Smoke,1758,377,1899,444
0485.png,65,197,Smoke,1617,421,1682,618
0267.png,107,221,Smoke,1022,323,1129,544
1777.png,128,246,Smoke,1025,318,1153,564
1573.png,141,67,Smoke,1758,377,1899,444
0586.png,76,118,Smoke,1770,308,1846,426
1714.png,180,109,Smoke,1740,456,1920,565
1352.png,128,59,Smoke,1692,577,1820,636
1499.png,29,218,Smoke,1164,337,1193,555
0994.png,80,48,Smoke,414,514,494,562
0870.png,57,57,Smoke,1773,313,1830,370
0754.png,174,109,Smoke,1746,448,1920,557
0762.png,29,218,Smoke,1163,355,1192,573
1350.png,23,151,Smoke,1212,424,1235,575
0569.png,124,174,Smoke,1250,378,1374,552
1472.png,76,227,Smoke,1620,385,1696,612
0491.png,65,197,Smoke,1617,421,1682,618
0895.png,76,250,Smoke,1613,391,1689,641
0819.png,50,128,Smoke,1431,426,1481,554
1544.png,130,227,Smoke,1025,313,1155,540
0320.png,50,116,Smoke,1431,427,1481,543
0934.png,23,113,Smoke,1214,467,1237,580
1320.png,99,59,Smoke,1689,575,1788,634
1055.png,111,246,Smoke,1027,309,1138,555
1389.png,32,170,Smoke,962,375,994,545
1439.png,103,55,Smoke,815,498,918,553
1281.png,101,107,Smoke,635,446,736,553
1054.png,124,174,Smoke,1253,377,1377,551
0497.png,69,59,Smoke,1688,578,1757,637
1340.png,130,227,Smoke,1022,324,1152,551
0725.png,174,109,Smoke,1746,449,1920,558
0447.png,65,197,Smoke,1617,422,1682,619
0782.png,23,113,Smoke,1214,467,1237,580
0759.png,109,179,Smoke,813,368,922,547
0483.png,23,113,Smoke,1214,464,1237,577
0465.png,86,107,Smoke,657,427,743,534
1556.png,57,57,Smoke,1761,304,1818,361
1581.png,23,151,Smoke,1212,424,1235,575
1136.png,111,246,Smoke,1030,307,1141,553
0638.png,174,109,Smoke,1746,449,1920,558
0693.png,99,59,Smoke,1692,576,1791,635
0826.png,80,48,Smoke,414,514,494,562
1587.png,130,227,Smoke,1026,312,1156,539
1776.png,55,80,Smoke,546,424,601,504
0938.png,32,158,Smoke,962,381,994,539
1558.png,180,109,Smoke,1740,457,1920,566
1506.png,57,57,Smoke,1760,304,1817,361
0937.png,50,128,Smoke,1431,424,1481,552
0578.png,80,48,Smoke,415,515,495,563
1709.png,155,48,Smoke,1722,579,1877,627
0380.png,107,221,Smoke,1020,318,1127,539
1701.png,55,80,Smoke,546,424,601,504
0357.png,29,218,Smoke,1163,357,1192,575
1753.png,76,258,Smoke,1625,382,1701,640
1248.png,84,67,Smoke,1760,376,1844,443
1072.png,55,80,Smoke,546,424,601,504
1370.png,124,174,Smoke,1256,377,1380,551
1174.png,32,158,Smoke,963,376,995,534
0688.png,111,221,Smoke,1020,323,1131,544
0730.png,29,218,Smoke,1162,371,1191,589
1220.png,55,80,Smoke,546,424,601,504
0954.png,124,174,Smoke,1253,379,1377,553
1158.png,50,128,Smoke,1431,421,1481,549
0429.png,50,116,Smoke,1431,427,1481,543
1738.png,141,67,Smoke,1759,371,1900,438
0707.png,32,158,Smoke,963,388,995,546
0162.png,23,113,Smoke,1214,464,1237,577
0359.png,29,218,Smoke,1163,357,1192,575
0220.png,29,218,Smoke,1162,368,1191,586
1072.png,111,246,Smoke,1027,310,1138,556
1707.png,50,128,Smoke,1431,412,1481,540
1545.png,32,170,Smoke,962,373,994,543
0042.png,151,97,Smoke,1766,461,1917,558
1660.png,184,109,Smoke,1736,456,1920,565
0556.png,32,158,Smoke,962,389,994,547
0578.png,50,128,Smoke,1435,423,1485,551
0739.png,76,118,Smoke,1771,303,1847,421
0308.png,107,221,Smoke,1021,322,1128,543
0468.png,23,113,Smoke,1214,464,1237,577
0822.png,107,179,Smoke,815,369,922,548
0275.png,69,86,Smoke,670,444,739,530
0984.png,111,233,Smoke,1026,316,1137,549
1238.png,29,218,Smoke,1164,329,1193,547
0709.png,174,109,Smoke,1746,449,1920,558
0737.png,32,158,Smoke,963,388,995,546
0278.png,107,221,Smoke,1022,323,1129,544
0152.png,57,57,Smoke,1773,313,1830,370
0570.png,32,158,Smoke,962,389,994,547
1677.png,29,218,Smoke,1161,330,1190,548
0427.png,65,197,Smoke,1617,422,1682,619
0257.png,65,197,Smoke,1617,422,1682,619
0898.png,80,48,Smoke,414,514,494,562
0600.png,57,57,Smoke,1773,313,1830,370
1441.png,32,170,Smoke,962,373,994,543
1451.png,181,109,Smoke,1739,456,1920,565
0471.png,142,109,Smoke,1778,446,1920,555
1081.png,55,80,Smoke,546,424,601,504
0519.png,80,48,Smoke,415,514,495,562
0936.png,55,80,Smoke,546,424,601,504
0348.png,143,113,Smoke,1777,439,1920,552
0785.png,57,57,Smoke,1773,313,1830,370
1360.png,90,67,Smoke,816,490,906,557
1581.png,141,67,Smoke,1758,377,1899,444
1612.png,23,151,Smoke,1210,422,1233,573
0301.png,69,59,Smoke,1690,577,1759,636
1330.png,130,227,Smoke,1022,323,1152,550
1631.png,55,80,Smoke,546,424,601,504
1009.png,101,107,Smoke,636,447,737,554
0855.png,111,233,Smoke,1020,318,1131,551
0623.png,124,174,Smoke,1251,377,1375,551
1279.png,50,128,Smoke,1431,418,1481,546
0633.png,97,120,Smoke,647,432,744,552
0115.png,148,97,Smoke,1772,455,1920,552
0545.png,29,218,Smoke,1163,357,1192,575
1755.png,29,218,Smoke,1161,345,1190,563
0351.png,124,174,Smoke,1251,378,1375,552
1534.png,76,227,Smoke,1621,383,1697,610
1022.png,111,233,Smoke,1027,311,1138,544
1443.png,57,57,Smoke,1758,305,1815,362
0131.png,32,158,Smoke,962,387,994,545
1366.png,50,128,Smoke,1431,415,1481,543
1787.png,23,151,Smoke,1215,416,1238,567
0439.png,55,80,Smoke,546,421,601,501
0306.png,29,218,Smoke,1163,356,1192,574
1703.png,155,48,Smoke,1722,579,1877,627
0802.png,99,59,Smoke,1690,576,1789,635
0410.png,124,174,Smoke,1250,378,1374,552
1182.png,50,128,Smoke,1431,420,1481,548
1633.png,141,67,Smoke,1759,373,1900,440
0100.png,74,99,Smoke,665,442,739,541
1345.png,90,67,Smoke,816,490,906,557
0528.png,57,57,Smoke,1773,313,1830,370
0405.png,29,218,Smoke,1163,357,1192,575
1737.png,155,48,Smoke,1722,579,1877,627
0418.png,69,59,Smoke,1690,578,1759,637
0018.png,74,99,Smoke,629,446,703,545
0153.png,50,116,Smoke,1432,433,1482,549
1776.png,50,128,Smoke,1431,412,1481,540
1587.png,111,76,Smoke,816,477,927,553
0624.png,50,128,Smoke,1434,423,1484,551
0323.png,23,113,Smoke,1214,464,1237,577
0643.png,97,120,Smoke,647,432,744,552
0373.png,95,139,Smoke,821,408,916,547
0419.png,32,158,Smoke,962,387,994,545
0566.png,107,221,Smoke,1027,319,1134,540
0238.png,29,218,Smoke,1162,368,1191,586
0182.png,74,99,Smoke,666,431,740,530
1591.png,181,109,Smoke,1739,458,1920,567
1754.png,50,128,Smoke,1431,412,1481,540
1131.png,76,250,Smoke,1614,390,1690,640
0627.png,111,221,Smoke,1021,322,1132,543
1451.png,29,218,Smoke,1164,333,1193,551
0391.png,76,92,Smoke,1768,310,1844,402
0521.png,65,197,Smoke,1617,423,1682,620
1312.png,55,80,Smoke,546,424,601,504
1590.png,55,80,Smoke,546,424,601,504
0206.png,55,97,Smoke,450,445,505,542
0802.png,29,218,Smoke,1163,355,1192,573
1795.png,141,67,Smoke,1761,371,1902,438
0869.png,99,59,Smoke,1689,577,1788,636
0839.png,76,250,Smoke,1615,392,1691,642
1689.png,55,80,Smoke,546,424,601,504
1258.png,76,250,Smoke,1613,387,1689,637
0836.png,55,80,Smoke,546,424,601,504
0353.png,55,84,Smoke,450,460,505,544
0034.png,65,197,Smoke,1593,423,1658,620
1695.png,32,170,Smoke,966,382,998,552
0574.png,50,128,Smoke,1435,423,1485,551
1342.png,23,151,Smoke,1212,425,1235,576
1744.png,99,55,Smoke,642,498,741,553
1616.png,55,80,Smoke,546,424,601,504
1392.png,80,48,Smoke,414,514,494,562
1739.png,128,246,Smoke,1025,318,1153,564
1121.png,50,128,Smoke,1431,421,1481,549
1512.png,141,67,Smoke,1757,377,1898,444
1604.png,80,57,Smoke,1763,302,1843,359
1234.png,76,250,Smoke,1614,389,1690,639
1721.png,80,57,Smoke,1758,299,1838,356
1088.png,124,174,Smoke,1253,377,1377,551
0358.png,23,113,Smoke,1214,464,1237,577
1471.png,103,55,Smoke,817,497,920,552
0406.png,29,218,Smoke,1163,357,1192,575
1761.png,32,170,Smoke,966,384,998,554
1126.png,80,48,Smoke,414,514,494,562
0663.png,32,158,Smoke,963,389,995,547
1259.png,97,82,Smoke,815,460,912,542
0471.png,69,59,Smoke,1689,578,1758,637
0492.png,69,59,Smoke,1688,578,1757,637
1048.png,181,109,Smoke,1739,458,1920,567
0519.png,55,80,Smoke,546,424,601,504
0771.png,76,118,Smoke,1771,302,1847,420
1759.png,141,67,Smoke,1760,371,1901,438
0526.png,50,116,Smoke,1431,428,1481,544
0260.png,69,59,Smoke,1691,577,1760,636
1232.png,111,246,Smoke,1032,306,1143,552
1424.png,50,128,Smoke,1431,414,1481,542
1332.png,99,59,Smoke,1689,575,1788,634
0629.png,171,109,Smoke,1749,450,1920,559
0646.png,57,57,Smoke,1773,313,1830,370
0961.png,80,48,Smoke,414,514,494,562
0960.png,55,80,Smoke,546,424,601,504
0207.png,55,97,Smoke,450,445,505,542
0133.png,48,34,Smoke,559,483,607,517
0990.png,99,59,Smoke,1689,577,1788,636
0300.png,76,92,Smoke,1768,310,1844,402
0698.png,55,80,Smoke,546,424,601,504
0884.png,32,158,Smoke,964,386,996,544
0070.png,23,113,Smoke,1214,464,1237,577
0419.png,55,84,Smoke,450,460,505,544
0051.png,74,99,Smoke,657,445,731,544
0557.png,107,221,Smoke,1025,320,1132,541
0114.png,48,34,Smoke,559,483,607,517
1105.png,124,174,Smoke,1254,377,1378,551
0047.png,34,116,Smoke,1426,432,1460,548
1481.png,50,128,Smoke,1431,412,1481,540
1439.png,155,48,Smoke,1716,578,1871,626
1616.png,50,128,Smoke,1431,412,1481,540
0194.png,144,86,Smoke,1776,459,1920,545
1416.png,182,109,Smoke,1738,457,1920,566
0045.png,76,92,Smoke,1759,310,1835,402
0205.png,141,147,Smoke,1231,408,1372,555
0680.png,80,48,Smoke,414,514,494,562
0596.png,124,174,Smoke,1251,377,1375,551
0842.png,76,118,Smoke,1771,317,1847,435
0859.png,23,113,Smoke,1214,468,1237,581
0654.png,65,218,Smoke,1620,397,1685,615
0621.png,109,155,Smoke,809,395,918,550
0096.png,76,92,Smoke,1768,309,1844,401
1190.png,84,67,Smoke,1760,378,1844,445
0696.png,65,250,Smoke,1620,397,1685,647
0177.png,32,158,Smoke,962,386,994,544
0059.png,48,34,Smoke,559,483,607,517
0858.png,80,48,Smoke,414,514,494,562
0459.png,124,174,Smoke,1250,378,1374,552
1442.png,130,227,Smoke,1023,321,1153,548
0885.png,57,57,Smoke,1773,313,1830,370
1479.png,57,57,Smoke,1759,304,1816,361
0467.png,80,48,Smoke,424,506,504,554
1524.png,50,128,Smoke,1431,412,1481,540
1589.png,55,80,Smoke,546,424,601,504
1349.png,141,67,Smoke,1759,375,1900,442
1222.png,57,57,Smoke,1773,313,1830,370
1640.png,80,57,Smoke,1761,302,1841,359
1598.png,132,155,Smoke,1246,397,1378,552
1551.png,130,227,Smoke,1025,312,1155,539
1366.png,141,67,Smoke,1759,375,1900,442
0995.png,179,109,Smoke,1741,456,1920,565
1009.png,86,160,Smoke,814,379,900,539
0555.png,57,57,Smoke,1773,313,1830,370
1088.png,55,80,Smoke,546,424,601,504
1542.png,180,109,Smoke,1740,457,1920,566
1597.png,29,218,Smoke,1163,335,1192,553
1135.png,23,113,Smoke,1214,471,1237,584
1154.png,84,67,Smoke,1762,378,1846,445
0537.png,80,48,Smoke,415,514,495,562
0844.png,124,174,Smoke,1251,379,1375,553
0730.png,109,179,Smoke,813,368,922,547
0704.png,65,250,Smoke,1622,394,1687,644
1136.png,23,113,Smoke,1213,473,1236,586
1240.png,76,250,Smoke,1613,390,1689,640
0545.png,80,48,Smoke,415,513,495,561
1042.png,29,218,Smoke,1163,353,1192,571
1028.png,101,107,Smoke,636,446,737,553
1558.png,155,48,Smoke,1721,582,1876,630
1369.png,50,128,Smoke,1431,415,1481,543
1799.png,132,155,Smoke,1246,399,1378,554
0227.png,76,92,Smoke,1769,309,1845,401
0478.png,69,59,Smoke,1688,578,1757,637
1796.png,32,170,Smoke,966,388,998,558
0893.png,124,174,Smoke,1252,379,1376,553
1147.png,76,250,Smoke,1614,389,1690,639
0769.png,76,118,Smoke,1771,302,1847,420
0593.png,80,48,Smoke,416,514,496,562
1799.png,80,48,Smoke,414,514,494,562
1265.png,76,250,Smoke,1614,387,1690,637
0097.png,57,57,Smoke,1773,313,1830,370
0080.png,149,97,Smoke,1771,456,1920,553
1768.png,29,218,Smoke,1161,339,1190,557
1763.png,122,78,Smoke,814,476,936,554
0535.png,95,155,Smoke,824,394,919,549
1487.png,155,48,Smoke,1719,580,1874,628
0817.png,99,59,Smoke,1689,577,1788,636
0438.png,32,158,Smoke,962,387,994,545
0576.png,55,80,Smoke,546,424,601,504
1060.png,57,57,Smoke,1773,313,1830,370
1095.png,97,151,Smoke,814,393,911,544
1610.png,122,78,Smoke,808,473,930,551
0372.png,55,84,Smoke,450,460,505,544
0347.png,69,59,Smoke,1690,578,1759,637
0708.png,32,158,Smoke,963,388,995,546
1771.png,155,48,Smoke,1722,579,1877,627
1209.png,80,48,Smoke,414,514,494,562
0165.png,76,92,Smoke,1768,309,1844,401
0619.png,57,57,Smoke,1773,313,1830,370
0554.png,76,118,Smoke,1771,308,1847,426
1081.png,55,80,Smoke,546,424,601,504
0763.png,50,128,Smoke,1431,424,1481,552
0803.png,124,174,Smoke,1251,379,1375,553
0782.png,57,57,Smoke,1773,313,1830,370
0564.png,97,120,Smoke,647,425,744,545
0337.png,144,113,Smoke,1776,443,1920,556
1086.png,101,107,Smoke,635,446,736,553
1668.png,122,78,Smoke,811,474,933,552
0665.png,23,113,Smoke,1213,465,1236,578
0778.png,124,174,Smoke,1251,379,1375,553
0441.png,57,57,Smoke,1773,313,1830,370
0676.png,149,71,Smoke,590,487,739,558
1058.png,55,80,Smoke,546,424,601,504
0581.png,97,120,Smoke,647,426,744,546
0678.png,29,218,Smoke,1163,358,1192,576
0078.png,23,113,Smoke,1214,464,1237,577
0516.png,57,57,Smoke,1773,313,1830,370
1164.png,124,174,Smoke,1254,377,1378,551
1724.png,23,151,Smoke,1211,417,1234,568
0888.png,76,118,Smoke,1770,318,1846,436
0670.png,76,118,Smoke,1772,304,1848,422
1409.png,101,107,Smoke,635,446,736,553
1639.png,132,155,Smoke,1246,397,1378,552
1094.png,80,48,Smoke,414,514,494,562
0433.png,124,174,Smoke,1250,378,1374,552
0770.png,57,57,Smoke,1773,313,1830,370
0526.png,160,109,Smoke,1760,448,1920,557
0913.png,111,233,Smoke,1025,318,1136,551
1036.png,32,158,Smoke,962,381,994,539
1159.png,50,128,Smoke,1431,421,1481,549
1572.png,55,80,Smoke,546,424,601,504
0052.png,107,195,Smoke,1019,355,1126,550
0808.png,57,57,Smoke,1773,313,1830,370
0460.png,32,158,Smoke,962,387,994,545
0721.png,57,57,Smoke,1773,313,1830,370
0611.png,32,158,Smoke,963,389,995,547
0709.png,80,48,Smoke,414,514,494,562
1137.png,97,151,Smoke,814,393,911,544
1101.png,76,250,Smoke,1615,391,1691,641
0515.png,29,218,Smoke,1163,355,1192,573
1127.png,101,107,Smoke,635,446,736,553
1650.png,50,128,Smoke,1431,412,1481,540
1565.png,80,48,Smoke,414,514,494,562
0474.png,80,48,Smoke,423,504,503,552
1749.png,122,78,Smoke,814,474,936,552
1012.png,86,160,Smoke,814,379,900,539
1594.png,23,151,Smoke,1211,422,1234,573
1118.png,97,151,Smoke,814,394,911,545
1619.png,76,227,Smoke,1623,384,1699,611
0328.png,32,158,Smoke,962,387,994,545
0928.png,57,57,Smoke,1773,313,1830,370
0538.png,57,57,Smoke,1773,313,1830,370
0200.png,65,197,Smoke,1617,421,1682,618
0309.png,124,174,Smoke,1250,378,1374,552
1019.png,57,57,Smoke,1773,313,1830,370
1070.png,55,80,Smoke,546,424,601,504
0607.png,65,218,Smoke,1620,397,1685,615
0527.png,57,57,Smoke,1773,313,1830,370
0059.png,107,195,Smoke,1022,355,1129,550
0660.png,32,158,Smoke,963,389,995,547
0913.png,57,57,Smoke,1773,313,1830,370
0844.png,23,113,Smoke,1214,468,1237,581
0867.png,32,158,Smoke,963,386,995,544
0528.png,29,218,Smoke,1163,356,1192,574
1726.png,122,78,Smoke,813,473,935,551
0091.png,57,48,Smoke,1704,576,1761,624
0768.png,80,48,Smoke,414,514,494,562
0685.png,29,218,Smoke,1163,358,1192,576
0297.png,95,176,Smoke,821,375,916,551
0097.png,65,197,Smoke,1618,422,1683,619
0441.png,95,139,Smoke,820,403,915,542
0846.png,76,250,Smoke,1615,392,1691,642
0489.png,95,155,Smoke,822,395,917,550
1187.png,179,109,Smoke,1741,457,1920,566
0469.png,57,57,Smoke,1773,313,1830,370
0988.png,124,174,Smoke,1253,379,1377,553
1421.png,80,48,Smoke,414,514,494,562
1116.png,111,246,Smoke,1031,308,1142,554
0634.png,80,48,Smoke,414,515,494,563
0562.png,80,48,Smoke,415,514,495,562
1641.png,122,78,Smoke,810,475,932,553
1245.png,101,107,Smoke,635,446,736,553
1552.png,155,48,Smoke,1721,582,1876,630
1532.png,130,227,Smoke,1025,315,1155,542
0699.png,111,221,Smoke,1020,322,1131,543
0461.png,32,158,Smoke,962,387,994,545
0594.png,80,48,Smoke,415,516,495,564
1332.png,57,57,Smoke,1773,313,1830,370
1208.png,57,57,Smoke,1773,313,1830,370
1510.png,55,80,Smoke,546,424,601,504
1246.png,32,158,Smoke,963,376,995,534
0132.png,29,218,Smoke,1163,348,1192,566
0551.png,55,80,Smoke,546,424,601,504
0643.png,99,59,Smoke,1692,575,1791,634
0730.png,50,128,Smoke,1432,424,1482,552
0387.png,65,197,Smoke,1617,420,1682,617
0800.png,29,218,Smoke,1163,355,1192,573
1460.png,50,128,Smoke,1431,412,1481,540
1131.png,29,218,Smoke,1164,331,1193,549
1575.png,80,48,Smoke,414,514,494,562
0365.png,95,139,Smoke,821,406,916,545
1286.png,32,170,Smoke,962,376,994,546
1774.png,80,48,Smoke,414,514,494,562
1731.png,122,78,Smoke,813,474,935,552
0920.png,124,174,Smoke,1252,379,1376,553
0887.png,174,109,Smoke,1746,452,1920,561
1390.png,80,48,Smoke,414,514,494,562
0523.png,97,120,Smoke,647,425,744,545
0626.png,124,174,Smoke,1251,377,1375,551
0660.png,149,71,Smoke,588,487,737,558
0715.png,99,59,Smoke,1691,577,1790,636
0942.png,76,250,Smoke,1613,388,1689,638
0255.png,50,116,Smoke,1431,428,1481,544
0097.png,95,176,Smoke,818,375,913,551
0922.png,76,250,Smoke,1611,390,1687,640
0506.png,80,48,Smoke,415,515,495,563
0885.png,124,174,Smoke,1252,379,1376,553
0502.png,97,120,Smoke,646,424,743,544
0545.png,97,120,Smoke,647,425,744,545
1057.png,179,109,Smoke,1741,457,1920,566
1469.png,103,55,Smoke,817,497,920,552
0780.png,80,48,Smoke,414,514,494,562
1475.png,55,80,Smoke,546,424,601,504
1568.png,23,151,Smoke,1212,422,1235,573
1045.png,124,174,Smoke,1253,377,1377,551
0041.png,48,34,Smoke,559,483,607,517
1623.png,50,128,Smoke,1431,412,1481,540
0859.png,124,174,Smoke,1251,379,1375,553
1793.png,29,218,Smoke,1161,336,1190,554
0590.png,50,128,Smoke,1434,423,1484,551
1694.png,155,48,Smoke,1722,579,1877,627
0816.png,170,67,Smoke,567,490,737,557
0367.png,23,113,Smoke,1214,464,1237,577
0265.png,95,176,Smoke,819,372,914,548
0250.png,141,147,Smoke,1231,408,1372,555
0283.png,32,158,Smoke,962,387,994,545
0714.png,29,218,Smoke,1163,355,1192,573
1201.png,101,107,Smoke,635,446,736,553
0311.png,124,174,Smoke,1250,378,1374,552
1314.png,84,67,Smoke,1760,375,1844,442
0794.png,170,67,Smoke,568,489,738,556
0126.png,57,48,Smoke,1705,577,1762,625
1085.png,101,107,Smoke,635,446,736,553
0809.png,29,218,Smoke,1163,355,1192,573
0082.png,76,92,Smoke,1768,309,1844,401
1763.png,76,258,Smoke,1624,382,1700,640
1633.png,181,109,Smoke,1739,456,1920,565
0504.png,124,174,Smoke,1251,378,1375,552
1021.png,32,158,Smoke,962,381,994,539
1782.png,180,109,Smoke,1740,458,1920,567
1242.png,80,48,Smoke,414,514,494,562
1550.png,55,80,Smoke,546,424,601,504
0046.png,150,97,Smoke,1770,459,1920,556
1175.png,179,109,Smoke,1741,457,1920,566
0465.png,50,116,Smoke,1431,428,1481,544
1337.png,124,174,Smoke,1256,377,1380,551
0083.png,55,143,Smoke,446,388,501,531
0613.png,97,120,Smoke,647,430,744,550
0896.png,124,174,Smoke,1252,379,1376,553
0799.png,50,128,Smoke,1431,424,1481,552
1580.png,182,109,Smoke,1738,457,1920,566
1790.png,128,246,Smoke,1025,321,1153,567
0526.png,97,120,Smoke,647,427,744,547
0129.png,29,218,Smoke,1164,347,1193,565
0652.png,55,80,Smoke,546,424,601,504
0264.png,69,59,Smoke,1691,577,1760,636
1268.png,29,218,Smoke,1164,335,1193,553
1653.png,122,78,Smoke,810,475,932,553
1204.png,101,107,Smoke,635,446,736,553
0088.png,76,92,Smoke,1768,309,1844,401
0161.png,95,176,Smoke,818,375,913,551
0089.png,29,218,Smoke,1165,355,1194,573
1052.png,124,174,Smoke,1253,377,1377,551
0424.png,50,116,Smoke,1431,428,1481,544
0861.png,57,57,Smoke,1773,313,1830,370
1655.png,122,78,Smoke,810,475,932,553
1157.png,80,48,Smoke,414,514,494,562
0295.png,69,86,Smoke,670,439,739,525
0978.png,179,109,Smoke,1741,456,1920,565
0563.png,57,57,Smoke,1773,313,1830,370
0132.png,145,116,Smoke,1226,427,1371,543
0694.png,50,128,Smoke,1433,422,1483,550
0183.png,65,197,Smoke,1617,420,1682,617
0232.png,95,176,Smoke,819,374,914,550
1310.png,57,57,Smoke,1773,313,1830,370
0920.png,101,160,Smoke,813,385,914,545
1101.png,101,107,Smoke,635,446,736,553
1175.png,80,48,Smoke,414,514,494,562
0916.png,80,48,Smoke,414,514,494,562
0886.png,143,71,Smoke,595,484,738,555
0549.png,65,218,Smoke,1618,399,1683,617
1154.png,29,218,Smoke,1164,331,1193,549
0723.png,76,250,Smoke,1611,394,1687,644
1288.png,29,218,Smoke,1164,335,1193,553
0963.png,101,160,Smoke,812,383,913,543
0551.png,95,155,Smoke,824,394,919,549
0672.png,149,71,Smoke,589,487,738,558
0416.png,29,218,Smoke,1163,357,1192,575
0567.png,32,158,Smoke,962,389,994,547
0379.png,69,59,Smoke,1691,580,1760,639
1670.png,122,78,Smoke,811,474,933,552
1061.png,50,128,Smoke,1431,422,1481,550
0532.png,124,174,Smoke,1250,378,1374,552
0404.png,95,139,Smoke,821,408,916,547
0012.png,34,116,Smoke,1403,434,1437,550
0413.png,50,116,Smoke,1431,428,1481,544
1012.png,101,107,Smoke,636,446,737,553
0182.png,32,158,Smoke,962,387,994,545
1693.png,80,48,Smoke,414,514,494,562
1145.png,124,174,Smoke,1254,377,1378,551
1747.png,55,80,Smoke,546,424,601,504
1029.png,23,113,Smoke,1214,467,1237,580
0312.png,76,95,Smoke,664,436,740,531
0226.png,55,84,Smoke,450,459,505,543
0675.png,55,80,Smoke,546,424,601,504
0427.png,29,218,Smoke,1163,357,1192,575
1264.png,55,80,Smoke,546,424,601,504
0144.png,107,195,Smoke,1022,350,1129,545
0428.png,55,84,Smoke,450,460,505,544
1204.png,50,128,Smoke,1431,421,1481,549
1403.png,124,174,Smoke,1256,377,1380,551
0811.png,76,118,Smoke,1772,302,1848,420
0306.png,57,57,Smoke,1773,313,1830,370
0980.png,99,59,Smoke,1688,577,1787,636
0230.png,55,84,Smoke,450,459,505,543
1301.png,32,170,Smoke,962,378,994,548
0321.png,69,59,Smoke,1690,578,1759,637
0688.png,109,155,Smoke,811,394,920,549
1786.png,32,170,Smoke,966,388,998,558
1422.png,101,107,Smoke,635,446,736,553
1427.png,80,48,Smoke,414,514,494,562
0448.png,29,218,Smoke,1163,357,1192,575
1605.png,80,57,Smoke,1763,302,1843,359
0319.png,32,158,Smoke,962,387,994,545
1727.png,141,67,Smoke,1759,370,1900,437
0680.png,23,113,Smoke,1213,466,1236,579
0568.png,65,218,Smoke,1618,397,1683,615
1557.png,181,109,Smoke,1739,457,1920,566
0933.png,32,158,Smoke,962,381,994,539
0701.png,109,179,Smoke,813,367,922,546
1776.png,23,151,Smoke,1215,417,1238,568
0936.png,32,158,Smoke,962,381,994,539
1246.png,23,113,Smoke,1212,466,1235,579
1609.png,29,218,Smoke,1163,337,1192,555
0927.png,32,158,Smoke,962,381,994,539
0629.png,50,128,Smoke,1434,423,1484,551
1330.png,76,250,Smoke,1617,383,1693,633
0038.png,23,113,Smoke,1214,464,1237,577
1527.png,141,67,Smoke,1758,377,1899,444
1706.png,80,57,Smoke,1759,299,1839,356
1776.png,80,48,Smoke,414,514,494,562
0766.png,29,218,Smoke,1163,355,1192,573
1511.png,170,57,Smoke,568,499,738,556
1651.png,55,80,Smoke,546,424,601,504
1547.png,155,48,Smoke,1721,582,1876,630
0717.png,111,221,Smoke,1019,322,1130,543
0733.png,99,59,Smoke,1692,575,1791,634
1259.png,55,80,Smoke,546,424,601,504
1637.png,132,155,Smoke,1247,397,1379,552
1547.png,50,128,Smoke,1431,413,1481,541
0882.png,99,59,Smoke,1688,577,1787,636
1245.png,80,48,Smoke,414,514,494,562
0310.png,32,158,Smoke,962,387,994,545
0741.png,160,57,Smoke,580,501,740,558
1049.png,124,174,Smoke,1253,377,1377,551
0991.png,80,48,Smoke,414,514,494,562
0649.png,55,80,Smoke,546,424,601,504
0337.png,76,92,Smoke,1768,310,1844,402
0914.png,32,158,Smoke,963,380,995,538
1695.png,80,48,Smoke,414,514,494,562
0977.png,57,57,Smoke,1773,313,1830,370
0684.png,57,57,Smoke,1773,313,1830,370
0897.png,55,80,Smoke,546,424,601,504
0505.png,32,158,Smoke,963,387,995,545
1042.png,55,80,Smoke,546,424,601,504
0001.png,48,34,Smoke,559,483,607,517
0055.png,76,92,Smoke,1766,310,1842,402
1109.png,101,107,Smoke,635,446,736,553
1107.png,124,174,Smoke,1254,377,1378,551
0125.png,57,57,Smoke,1773,313,1830,370
1453.png,132,155,Smoke,1247,396,1379,551
1175.png,55,80,Smoke,546,424,601,504
1396.png,50,128,Smoke,1431,414,1481,542
0873.png,32,158,Smoke,963,386,995,544
0179.png,57,57,Smoke,1773,313,1830,370
1080.png,101,107,Smoke,635,446,736,553
1798.png,99,55,Smoke,642,499,741,554
1686.png,80,57,Smoke,1759,300,1839,357
0986.png,118,107,Smoke,619,448,737,555
1276.png,55,80,Smoke,546,424,601,504
0053.png,95,176,Smoke,814,379,909,555
1332.png,101,107,Smoke,635,446,736,553
0699.png,76,118,Smoke,1773,304,1849,422
1329.png,124,174,Smoke,1256,377,1380,551
1464.png,103,55,Smoke,817,496,920,551
0698.png,174,109,Smoke,1746,449,1920,558
0690.png,109,155,Smoke,811,394,920,549
1095.png,50,128,Smoke,1431,422,1481,550
0881.png,29,218,Smoke,1163,355,1192,573
0091.png,74,99,Smoke,665,442,739,541
0743.png,174,109,Smoke,1746,450,1920,559
1007.png,99,59,Smoke,1689,577,1788,636
0870.png,55,80,Smoke,546,424,601,504
0158.png,57,48,Smoke,1704,577,1761,625
1609.png,141,67,Smoke,1759,377,1900,444
0767.png,55,80,Smoke,546,424,601,504
1323.png,57,57,Smoke,1773,313,1830,370
1409.png,23,151,Smoke,1212,423,1235,574
0817.png,107,179,Smoke,816,369,923,548
0117.png,55,143,Smoke,446,387,501,530
1164.png,111,246,Smoke,1030,307,1141,553
0071.png,149,97,Smoke,1771,457,1920,554
1719.png,181,109,Smoke,1739,456,1920,565
1240.png,111,246,Smoke,1032,308,1143,554
0848.png,55,80,Smoke,546,424,601,504
1759.png,32,170,Smoke,966,384,998,554
1264.png,23,113,Smoke,1212,466,1235,579
1171.png,50,128,Smoke,1431,420,1481,548
0573.png,76,118,Smoke,1770,307,1846,425
0682.png,111,221,Smoke,1020,322,1131,543
1374.png,128,59,Smoke,1692,579,1820,638
1393.png,29,218,Smoke,1164,335,1193,553
1061.png,23,113,Smoke,1214,468,1237,581
0426.png,55,80,Smoke,546,422,601,502
0373.png,124,174,Smoke,1250,378,1374,552
0087.png,107,195,Smoke,1022,357,1129,552
0080.png,145,116,Smoke,1226,427,1371,543
1536.png,155,48,Smoke,1721,581,1876,629
0309.png,29,218,Smoke,1163,356,1192,574
1138.png,23,113,Smoke,1214,471,1237,584
1155.png,57,57,Smoke,1773,313,1830,370
1516.png,76,227,Smoke,1621,384,1697,611
1248.png,111,246,Smoke,1032,308,1143,554
1467.png,55,80,Smoke,546,424,601,504
1424.png,32,170,Smoke,962,372,994,542
1092.png,32,158,Smoke,963,375,995,533
0059.png,55,143,Smoke,446,388,501,531
0945.png,50,128,Smoke,1431,424,1481,552
1177.png,23,113,Smoke,1213,469,1236,582
0430.png,57,57,Smoke,1773,313,1830,370
0161.png,32,158,Smoke,962,387,994,545
0657.png,99,59,Smoke,1692,575,1791,634
0608.png,97,120,Smoke,647,430,744,550
1549.png,80,48,Smoke,414,514,494,562
0161.png,48,34,Smoke,559,483,607,517
0850.png,76,118,Smoke,1771,317,1847,435
1394.png,32,170,Smoke,962,375,994,545
1525.png,170,57,Smoke,568,498,738,555
0373.png,50,116,Smoke,1431,427,1481,543
1623.png,80,57,Smoke,1762,302,1842,359
1691.png,55,80,Smoke,546,424,601,504
0511.png,65,197,Smoke,1617,421,1682,618
1543.png,57,57,Smoke,1761,304,1818,361
1157.png,99,59,Smoke,1688,574,1787,633
0884.png,55,80,Smoke,546,424,601,504
0666.png,65,218,Smoke,1620,397,1685,615
0661.png,57,57,Smoke,1773,313,1830,370
1769.png,80,48,Smoke,414,514,494,562
1633.png,50,128,Smoke,1431,412,1481,540
1514.png,141,67,Smoke,1757,377,1898,444
0877.png,143,71,Smoke,594,484,737,555
1763.png,141,67,Smoke,1761,371,1902,438
1474.png,155,48,Smoke,1718,579,1873,627
0122.png,76,92,Smoke,1769,310,1845,402
0280.png,76,92,Smoke,1768,310,1844,402
1591.png,55,80,Smoke,546,424,601,504
0518.png,97,120,Smoke,646,423,743,543
1080.png,29,218,Smoke,1163,339,1192,557
1394.png,23,151,Smoke,1212,423,1235,574
1455.png,55,80,Smoke,546,424,601,504
1686.png,180,109,Smoke,1740,457,1920,566
0332.png,69,59,Smoke,1690,579,1759,638
0983.png,57,57,Smoke,1773,313,1830,370
1709.png,80,57,Smoke,1759,299,1839,356
0042.png,55,143,Smoke,433,392,488,535
0655.png,97,120,Smoke,647,432,744,552
1311.png,23,113,Smoke,1212,466,1235,579
0339.png,65,197,Smoke,1617,422,1682,619
0893.png,174,109,Smoke,1746,452,1920,561
0218.png,23,113,Smoke,1214,464,1237,577
1751.png,80,48,Smoke,414,514,494,562
1709.png,55,80,Smoke,546,424,601,504
0323.png,57,57,Smoke,1773,313,1830,370
1383.png,76,227,Smoke,1615,382,1691,609
0111.png,107,195,Smoke,1022,354,1129,549
0517.png,57,57,Smoke,1773,313,1830,370
0220.png,55,84,Smoke,450,458,505,542
1306.png,124,174,Smoke,1255,377,1379,551
0057.png,95,176,Smoke,817,378,912,554
1194.png,111,246,Smoke,1032,308,1143,554
1676.png,29,218,Smoke,1161,338,1190,556
0682.png,76,118,Smoke,1773,304,1849,422
0924.png,55,80,Smoke,546,424,601,504
1756.png,50,128,Smoke,1431,413,1481,541
0974.png,179,109,Smoke,1741,456,1920,565
0874.png,23,113,Smoke,1214,469,1237,582
1158.png,76,250,Smoke,1613,390,1689,640
0731.png,23,113,Smoke,1213,467,1236,580
0638.png,109,155,Smoke,809,395,918,550
0597.png,124,174,Smoke,1251,377,1375,551
0342.png,65,197,Smoke,1617,423,1682,620
0943.png,101,160,Smoke,814,383,915,543
0350.png,65,197,Smoke,1617,423,1682,620
0119.png,74,99,Smoke,665,439,739,538
0197.png,23,113,Smoke,1214,464,1237,577
1019.png,32,158,Smoke,962,381,994,539
0029.png,57,48,Smoke,1675,579,1732,627
1285.png,80,48,Smoke,414,514,494,562
0043.png,48,34,Smoke,559,483,607,517
1218.png,29,218,Smoke,1164,335,1193,553
1272.png,32,158,Smoke,963,376,995,534
0472.png,124,174,Smoke,1250,378,1374,552
1634.png,32,170,Smoke,964,374,996,544
0686.png,57,57,Smoke,1773,313,1830,370
0452.png,140,109,Smoke,1780,449,1920,558
0084.png,57,48,Smoke,1704,577,1761,625
1798.png,55,80,Smoke,546,424,601,504
0984.png,57,57,Smoke,1773,313,1830,370
0029.png,95,176,Smoke,790,382,885,558
0289.png,107,221,Smoke,1021,323,1128,544
1084.png,32,158,Smoke,963,375,995,533
1641.png,130,227,Smoke,1027,310,1157,537
0464.png,65,197,Smoke,1617,423,1682,620
0719.png,76,250,Smoke,1611,396,1687,646
0699.png,32,158,Smoke,963,388,995,546
0403.png,124,174,Smoke,1250,378,1374,552
1646.png,155,48,Smoke,1722,579,1877,627
0839.png,80,48,Smoke,414,514,494,562
1763.png,29,218,Smoke,1161,339,1190,557
0574.png,55,80,Smoke,546,424,601,504
1760.png,50,128,Smoke,1431,413,1481,541
0878.png,124,174,Smoke,1252,379,1376,553
1089.png,179,109,Smoke,1741,457,1920,566
0493.png,23,113,Smoke,1214,464,1237,577
1368.png,55,80,Smoke,546,424,601,504
1699.png,181,109,Smoke,1739,456,1920,565
1649.png,29,218,Smoke,1161,338,1190,556
1255.png,179,109,Smoke,1741,458,1920,567
0990.png,101,168,Smoke,813,380,914,548
1315.png,50,128,Smoke,1431,419,1481,547
1044.png,32,158,Smoke,962,381,994,539
1060.png,80,48,Smoke,414,514,494,562
0701.png,76,118,Smoke,1772,304,1848,422
0307.png,76,95,Smoke,664,437,740,532
1444.png,32,170,Smoke,962,373,994,543
1474.png,23,151,Smoke,1212,424,1235,575
1238.png,101,107,Smoke,635,446,736,553
1254.png,23,113,Smoke,1212,466,1235,579
1369.png,80,48,Smoke,414,514,494,562
0407.png,50,116,Smoke,1431,428,1481,544
1091.png,29,218,Smoke,1164,331,1193,549
1498.png,132,155,Smoke,1247,396,1379,551
1011.png,99,59,Smoke,1688,577,1787,636
0744.png,32,158,Smoke,963,388,995,546
0282.png,55,84,Smoke,449,460,504,544
1771.png,141,67,Smoke,1761,371,1902,438
0848.png,99,59,Smoke,1689,577,1788,636
0325.png,29,218,Smoke,1163,356,1192,574
1196.png,55,80,Smoke,546,424,601,504
0819.png,111,233,Smoke,1019,321,1130,554
1318.png,130,227,Smoke,1019,324,1149,551
0655.png,174,109,Smoke,1746,449,1920,558
1598.png,55,80,Smoke,546,424,601,504
0843.png,107,179,Smoke,815,369,922,548
0270.png,144,86,Smoke,1776,453,1920,539
0958.png,118,107,Smoke,620,447,738,554
0995.png,23,113,Smoke,1214,467,1237,580
1771.png,55,80,Smoke,546,424,601,504
1412.png,76,227,Smoke,1617,383,1693,610
0173.png,107,195,Smoke,1021,350,1128,545
1793.png,50,128,Smoke,1431,412,1481,540
0318.png,57,57,Smoke,1773,313,1830,370
0430.png,86,107,Smoke,656,430,742,537
0675.png,80,48,Smoke,414,514,494,562
0662.png,124,174,Smoke,1251,378,1375,552
0838.png,170,67,Smoke,567,490,737,557
1775.png,32,170,Smoke,966,388,998,558
1467.png,181,109,Smoke,1739,457,1920,566
0626.png,111,221,Smoke,1020,323,1131,544
0790.png,109,179,Smoke,813,367,922,546
1794.png,76,258,Smoke,1625,385,1701,643
0002.png,145,116,Smoke,1193,429,1338,545
1735.png,80,48,Smoke,414,514,494,562
0155.png,148,97,Smoke,1772,450,1920,547
1670.png,76,227,Smoke,1624,381,1700,608
1512.png,132,155,Smoke,1247,398,1379,553
0551.png,124,174,Smoke,1250,378,1374,552
0335.png,69,59,Smoke,1690,579,1759,638
1466.png,32,170,Smoke,962,373,994,543
1162.png,55,80,Smoke,546,424,601,504
0010.png,34,116,Smoke,1403,434,1437,550
1037.png,86,160,Smoke,814,379,900,539
1415.png,101,107,Smoke,635,446,736,553
1433.png,29,218,Smoke,1164,335,1193,553
1383.png,124,174,Smoke,1256,377,1380,551
1164.png,55,80,Smoke,546,424,601,504
0760.png,76,118,Smoke,1772,304,1848,422
0224.png,57,57,Smoke,1773,313,1830,370
0104.png,107,195,Smoke,1022,355,1129,550
0212.png,50,116,Smoke,1432,426,1482,542
0580.png,111,221,Smoke,1021,321,1132,542
1706.png,76,227,Smoke,1623,381,1699,608
1058.png,97,151,Smoke,813,392,910,543
1096.png,55,80,Smoke,546,424,601,504
1703.png,99,55,Smoke,643,499,742,554
1054.png,23,113,Smoke,1214,468,1237,581
0610.png,97,120,Smoke,647,430,744,550
1127.png,57,57,Smoke,1773,313,1830,370
1493.png,170,57,Smoke,563,500,733,557
0179.png,147,97,Smoke,1773,449,1920,546
0287.png,69,86,Smoke,670,442,739,528
0510.png,80,48,Smoke,415,515,495,563
0799.png,109,179,Smoke,814,367,923,546
0278.png,65,197,Smoke,1616,423,1681,620
1257.png,23,113,Smoke,1212,466,1235,579
0098.png,148,97,Smoke,1772,456,1920,553
0512.png,55,80,Smoke,546,424,601,504
1508.png,155,48,Smoke,1719,581,1874,629
1666.png,141,67,Smoke,1758,372,1899,439
0859.png,99,59,Smoke,1689,577,1788,636
1690.png,122,78,Smoke,812,474,934,552
0831.png,23,113,Smoke,1214,470,1237,583
0385.png,32,158,Smoke,962,387,994,545
0311.png,50,116,Smoke,1431,427,1481,543
0582.png,32,158,Smoke,962,389,994,547
0675.png,99,59,Smoke,1692,576,1791,635
1641.png,80,57,Smoke,1761,302,1841,359
0485.png,29,218,Smoke,1163,356,1192,574
1791.png,122,78,Smoke,814,476,936,554
0199.png,95,176,Smoke,819,376,914,552
0720.png,29,218,Smoke,1163,355,1192,573
0247.png,57,57,Smoke,1773,313,1830,370
0253.png,141,147,Smoke,1232,408,1373,555
1448.png,101,107,Smoke,635,446,736,553
1318.png,29,218,Smoke,1164,335,1193,553
0174.png,50,116,Smoke,1433,428,1483,544
1625.png,141,67,Smoke,1760,374,1901,441
0778.png,32,158,Smoke,963,388,995,546
1540.png,111,76,Smoke,811,477,922,553
0976.png,76,250,Smoke,1615,390,1691,640
1387.png,76,227,Smoke,1616,382,1692,609
0222.png,65,197,Smoke,1617,423,1682,620
0414.png,144,113,Smoke,1776,443,1920,556
0078.png,76,92,Smoke,1769,309,1845,401
0235.png,95,176,Smoke,819,373,914,549
0291.png,32,158,Smoke,962,387,994,545
0111.png,23,113,Smoke,1214,464,1237,577
1362.png,90,67,Smoke,815,490,905,557
1634.png,122,78,Smoke,809,474,931,552
0630.png,99,59,Smoke,1692,576,1791,635
0211.png,57,57,Smoke,1773,313,1830,370
0667.png,109,155,Smoke,810,394,919,549
1140.png,99,57,Smoke,1771,390,1870,447
0705.png,50,128,Smoke,1433,424,1483,552
1754.png,180,109,Smoke,1740,456,1920,565
0966.png,55,80,Smoke,546,424,601,504
0034.png,57,57,Smoke,1773,313,1830,370
0344.png,23,113,Smoke,1214,464,1237,577
0468.png,76,118,Smoke,1770,310,1846,428
0751.png,29,218,Smoke,1163,355,1192,573
0785.png,174,109,Smoke,1746,449,1920,558
0497.png,57,57,Smoke,1773,313,1830,370
1328.png,99,59,Smoke,1689,575,1788,634
1444.png,132,155,Smoke,1247,396,1379,551
1118.png,55,80,Smoke,546,424,601,504
1154.png,32,158,Smoke,963,376,995,534
0544.png,95,155,Smoke,825,394,920,549
0378.png,141,113,Smoke,1779,442,1920,555
1445.png,29,218,Smoke,1164,335,1193,553
1101.png,23,113,Smoke,1214,470,1237,583
1305.png,99,59,Smoke,1689,574,1788,633
1563.png,32,170,Smoke,962,373,994,543
0448.png,55,80,Smoke,546,423,601,503
1419.png,23,151,Smoke,1212,423,1235,574
1465.png,80,48,Smoke,414,514,494,562
0079.png,149,97,Smoke,1771,456,1920,553
1148.png,55,80,Smoke,546,424,601,504
1224.png,76,250,Smoke,1615,388,1691,638
0715.png,29,218,Smoke,1163,355,1192,573
0531.png,80,48,Smoke,415,514,495,562
0774.png,99,59,Smoke,1692,575,1791,634
0912.png,80,48,Smoke,414,514,494,562
0048.png,23,113,Smoke,1214,464,1237,577
1628.png,80,57,Smoke,1763,302,1843,359
0684.png,29,218,Smoke,1163,358,1192,576
0367.png,142,113,Smoke,1778,443,1920,556
1047.png,80,48,Smoke,414,514,494,562
0269.png,69,86,Smoke,670,444,739,530
1336.png,141,67,Smoke,1759,375,1900,442
0095.png,32,158,Smoke,962,386,994,544
1799.png,32,170,Smoke,966,388,998,558
1281.png,50,128,Smoke,1431,418,1481,546
1308.png,84,67,Smoke,1760,375,1844,442
0961.png,111,233,Smoke,1027,317,1138,550
1055.png,80,48,Smoke,414,514,494,562
1333.png,57,57,Smoke,1773,313,1830,370
0809.png,23,113,Smoke,1214,468,1237,581
0052.png,29,170,Smoke,1166,385,1195,555
0262.png,32,158,Smoke,962,387,994,545
0043.png,95,176,Smoke,806,381,901,557
0111.png,145,116,Smoke,1226,427,1371,543
0460.png,55,84,Smoke,450,460,505,544
1557.png,113,57,Smoke,624,498,737,555
0479.png,29,218,Smoke,1163,356,1192,574
0533.png,29,218,Smoke,1163,354,1192,572
0237.png,57,57,Smoke,1773,313,1830,370
0080.png,29,218,Smoke,1166,355,1195,573
1091.png,32,158,Smoke,963,375,995,533
1079.png,80,48,Smoke,414,514,494,562
0334.png,65,197,Smoke,1617,423,1682,620
0100.png,48,34,Smoke,559,483,607,517
1721.png,23,151,Smoke,1211,418,1234,569
0105.png,74,99,Smoke,665,443,739,542
1554.png,32,170,Smoke,962,373,994,543
0968.png,80,48,Smoke,414,514,494,562
1272.png,130,227,Smoke,1016,327,1146,554
1781.png,76,258,Smoke,1625,385,1701,643
1088.png,57,57,Smoke,1773,313,1830,370
0038.png,32,158,Smoke,943,388,975,546
0755.png,124,174,Smoke,1251,379,1375,553
0085.png,95,176,Smoke,818,375,913,551
1495.png,141,67,Smoke,1756,375,1897,442
1637.png,55,80,Smoke,546,424,601,504
0127.png,107,195,Smoke,1021,352,1128,547
0602.png,29,218,Smoke,1163,355,1192,573
1029.png,76,250,Smoke,1614,391,1690,641
1746.png,76,258,Smoke,1624,380,1700,638
1798.png,32,170,Smoke,966,388,998,558
0086.png,23,113,Smoke,1214,464,1237,577
0453.png,86,107,Smoke,657,428,743,535
1435.png,90,67,Smoke,816,487,906,554
0808.png,32,158,Smoke,963,386,995,544
1509.png,155,48,Smoke,1719,581,1874,629
0174.png,147,97,Smoke,1773,449,1920,546
0409.png,107,221,Smoke,1021,318,1128,539
1166.png,55,80,Smoke,546,424,601,504
0716.png,174,109,Smoke,1746,449,1920,558
0831.png,99,59,Smoke,1690,577,1789,636
0685.png,99,59,Smoke,1691,576,1790,635
0426.png,55,84,Smoke,450,460,505,544
0889.png,50,128,Smoke,1431,425,1481,553
1712.png,132,155,Smoke,1246,397,1378,552
1038.png,76,250,Smoke,1615,391,1691,641
1070.png,50,128,Smoke,1431,422,1481,550
0618.png,55,80,Smoke,546,424,601,504
1633.png,32,170,Smoke,964,374,996,544
1212.png,124,174,Smoke,1255,377,1379,551
1560.png,32,170,Smoke,962,373,994,543
0089.png,107,195,Smoke,1022,357,1129,552
0234.png,32,158,Smoke,962,387,994,545
1535.png,29,218,Smoke,1164,343,1193,561
1612.png,122,78,Smoke,808,474,930,552
0759.png,29,218,Smoke,1163,355,1192,573
0091.png,57,57,Smoke,1773,313,1830,370
0729.png,50,128,Smoke,1432,424,1482,552
0512.png,95,155,Smoke,823,394,918,549
0410.png,95,139,Smoke,822,407,917,546
0640.png,124,174,Smoke,1251,377,1375,551
0900.png,57,57,Smoke,1773,313,1830,370
0435.png,124,174,Smoke,1250,378,1374,552
1177.png,29,218,Smoke,1164,333,1193,551
0210.png,145,86,Smoke,1775,460,1920,546
0781.png,80,48,Smoke,414,514,494,562
0114.png,57,57,Smoke,1773,313,1830,370
0854.png,174,109,Smoke,1746,452,1920,561
1292.png,57,57,Smoke,1773,313,1830,370
1280.png,23,113,Smoke,1212,466,1235,579
0404.png,55,80,Smoke,546,421,601,501
1445.png,32,170,Smoke,962,373,994,543
0519.png,69,59,Smoke,1688,578,1757,637
1208.png,179,109,Smoke,1741,458,1920,567
1795.png,80,48,Smoke,414,514,494,562
1363.png,181,109,Smoke,1739,460,1920,569
1133.png,99,57,Smoke,1771,391,1870,448
1092.png,111,246,Smoke,1029,309,1140,555
0522.png,76,118,Smoke,1772,309,1848,427
0075.png,95,176,Smoke,818,376,913,552
0489.png,23,113,Smoke,1214,464,1237,577
0082.png,57,48,Smoke,1704,577,1761,625
0785.png,76,118,Smoke,1772,302,1848,420
0997.png,76,250,Smoke,1614,390,1690,640
0898.png,32,158,Smoke,963,379,995,537
0314.png,32,158,Smoke,962,387,994,545
0624.png,32,158,Smoke,963,389,995,547
0620.png,50,128,Smoke,1434,423,1484,551
0857.png,174,109,Smoke,1746,452,1920,561
0438.png,107,221,Smoke,1021,317,1128,538
1591.png,141,67,Smoke,1759,377,1900,444
1514.png,80,48,Smoke,414,514,494,562
1677.png,55,80,Smoke,546,424,601,504
1421.png,50,128,Smoke,1431,414,1481,542
1793.png,181,109,Smoke,1739,458,1920,567
1059.png,57,57,Smoke,1773,313,1830,370
0932.png,76,118,Smoke,1769,316,1845,434
0149.png,57,48,Smoke,1705,577,1762,625
0424.png,107,221,Smoke,1021,318,1128,539
0398.png,29,218,Smoke,1163,357,1192,575
1192.png,32,158,Smoke,963,376,995,534
1356.png,29,218,Smoke,1164,337,1193,555
0360.png,65,197,Smoke,1617,423,1682,620
1431.png,57,57,Smoke,1755,305,1812,362
0826.png,170,67,Smoke,567,490,737,557
1595.png,80,48,Smoke,414,514,494,562
0662.png,23,113,Smoke,1213,465,1236,578
1304.png,101,107,Smoke,635,446,736,553
0720.png,174,109,Smoke,1746,449,1920,558
0013.png,50,147,Smoke,419,397,469,544
0122.png,57,57,Smoke,1773,313,1830,370
1263.png,97,82,Smoke,814,459,911,541
0104.png,57,57,Smoke,1773,313,1830,370
1234.png,99,59,Smoke,1687,574,1786,633
0774.png,76,118,Smoke,1771,303,1847,421
0703.png,124,174,Smoke,1251,378,1375,552
1279.png,29,218,Smoke,1164,335,1193,553
1301.png,55,80,Smoke,546,424,601,504
0973.png,80,48,Smoke,414,514,494,562
0155.png,50,116,Smoke,1433,430,1483,546
1542.png,141,67,Smoke,1757,375,1898,442
1267.png,29,218,Smoke,1164,335,1193,553
0637.png,23,113,Smoke,1213,465,1236,578
0841.png,55,80,Smoke,546,424,601,504
0266.png,143,86,Smoke,1777,456,1920,542
1308.png,80,48,Smoke,414,514,494,562
1620.png,130,227,Smoke,1026,313,1156,540
1359.png,141,67,Smoke,1759,375,1900,442
1598.png,29,218,Smoke,1163,337,1192,555
0734.png,174,109,Smoke,1746,449,1920,558
0427.png,55,84,Smoke,450,460,505,544
1340.png,124,174,Smoke,1256,377,1380,551
0709.png,29,218,Smoke,1163,357,1192,575
1336.png,124,174,Smoke,1256,377,1380,551
0196.png,95,176,Smoke,819,376,914,552
1337.png,101,107,Smoke,635,446,736,553
0268.png,65,197,Smoke,1617,423,1682,620
0996.png,179,109,Smoke,1741,456,1920,565
0694.png,80,48,Smoke,414,514,494,562
1326.png,90,67,Smoke,815,490,905,557
0260.png,107,221,Smoke,1022,324,1129,545
1313.png,50,128,Smoke,1431,419,1481,547
0070.png,76,92,Smoke,1769,309,1845,401
1200.png,50,128,Smoke,1431,420,1481,548
1178.png,124,174,Smoke,1254,377,1378,551
1676.png,32,170,Smoke,966,380,998,550
1345.png,57,57,Smoke,1773,313,1830,370
1629.png,29,218,Smoke,1161,337,1190,555
1357.png,90,67,Smoke,815,490,905,557
0474.png,50,116,Smoke,1431,428,1481,544
0595.png,124,174,Smoke,1251,377,1375,551
1445.png,76,227,Smoke,1620,384,1696,611
0898.png,50,128,Smoke,1431,424,1481,552
0617.png,50,128,Smoke,1434,422,1484,550
1031.png,55,80,Smoke,546,424,601,504
0745.png,124,174,Smoke,1251,379,1375,553
1209.png,55,80,Smoke,546,424,601,504
0087.png,74,99,Smoke,664,443,738,542
0882.png,32,158,Smoke,964,386,996,544
0967.png,55,80,Smoke,546,424,601,504
1659.png,32,170,Smoke,965,376,997,546
0191.png,57,57,Smoke,1773,313,1830,370
0224.png,29,218,Smoke,1162,368,1191,586
0657.png,23,113,Smoke,1213,466,1236,579
0413.png,86,107,Smoke,656,431,742,538
0947.png,101,160,Smoke,813,383,914,543
1475.png,132,155,Smoke,1247,397,1379,552
0880.png,111,233,Smoke,1021,318,1132,551
0604.png,109,155,Smoke,809,394,918,549
0220.png,55,46,Smoke,552,484,607,530
0531.png,23,113,Smoke,1214,464,1237,577
0011.png,29,170,Smoke,1136,380,1165,550
0210.png,32,158,Smoke,963,387,995,545
0702.png,50,128,Smoke,1433,424,1483,552
1169.png,179,109,Smoke,1741,457,1920,566
0377.png,76,92,Smoke,1767,310,1843,402
0321.png,107,221,Smoke,1021,321,1128,542
0089.png,50,116,Smoke,1433,433,1483,549
0315.png,69,59,Smoke,1690,578,1759,637
1111.png,99,59,Smoke,1689,575,1788,634
1171.png,23,113,Smoke,1213,471,1236,584
1601.png,32,170,Smoke,964,372,996,542
1618.png,23,151,Smoke,1210,421,1233,572
0317.png,124,174,Smoke,1250,378,1374,552
1080.png,76,250,Smoke,1615,389,1691,639
0321.png,145,113,Smoke,1775,445,1920,558
1697.png,80,48,Smoke,414,514,494,562
1155.png,80,48,Smoke,414,514,494,562
1002.png,124,174,Smoke,1253,379,1377,553
1653.png,80,57,Smoke,1760,301,1840,358
1627.png,132,155,Smoke,1246,399,1378,554
1542.png,130,227,Smoke,1025,313,1155,540
1658.png,80,48,Smoke,414,514,494,562
0920.png,55,80,Smoke,546,424,601,504
0637.png,29,218,Smoke,1163,357,1192,575
0022.png,48,34,Smoke,559,483,607,517
0789.png,80,48,Smoke,414,514,494,562
0265.png,107,221,Smoke,1022,323,1129,544
0674.png,50,128,Smoke,1434,424,1484,552
1479.png,80,48,Smoke,414,514,494,562
0162.png,55,143,Smoke,445,385,500,528
0448.png,124,174,Smoke,1250,378,1374,552
0360.png,124,174,Smoke,1251,378,1375,552
1300.png,23,113,Smoke,1212,466,1235,579
0923.png,76,250,Smoke,1612,390,1688,640
1306.png,80,48,Smoke,414,514,494,562
1459.png,55,80,Smoke,546,424,601,504
0888.png,57,57,Smoke,1773,313,1830,370
0351.png,107,221,Smoke,1021,319,1128,540
0556.png,23,113,Smoke,1214,465,1237,578
1619.png,80,57,Smoke,1764,302,1844,359
0024.png,107,195,Smoke,992,357,1099,552
0434.png,65,197,Smoke,1617,422,1682,619
1426.png,57,57,Smoke,1755,304,1812,361
1190.png,32,158,Smoke,963,376,995,534
1266.png,124,174,Smoke,1255,377,1379,551
1561.png,50,128,Smoke,1431,412,1481,540
0929.png,124,174,Smoke,1252,379,1376,553
0857.png,124,174,Smoke,1251,379,1375,553
0592.png,97,120,Smoke,647,430,744,550
1102.png,55,80,Smoke,546,424,601,504
1756.png,80,57,Smoke,1759,298,1839,355
0747.png,160,57,Smoke,580,501,740,558
0051.png,34,116,Smoke,1430,432,1464,548
1187.png,76,250,Smoke,1613,390,1689,640
0268.png,55,46,Smoke,552,484,607,530
1743.png,29,218,Smoke,1161,343,1190,561
1566.png,55,80,Smoke,546,424,601,504
1032.png,124,174,Smoke,1253,377,1377,551
0449.png,55,80,Smoke,546,424,601,504
0096.png,50,116,Smoke,1433,434,1483,550
0117.png,57,48,Smoke,1705,577,1762,625
1265.png,124,174,Smoke,1255,377,1379,551
0827.png,76,250,Smoke,1615,394,1691,644
1406.png,90,67,Smoke,814,489,904,556
0854.png,76,118,Smoke,1771,317,1847,435
0863.png,32,158,Smoke,963,386,995,544
0642.png,55,80,Smoke,546,424,601,504
0465.png,32,158,Smoke,962,387,994,545
0847.png,170,67,Smoke,567,490,737,557
1340.png,90,67,Smoke,816,490,906,557
1506.png,155,48,Smoke,1719,581,1874,629
0702.png,124,174,Smoke,1251,378,1375,552
1633.png,76,227,Smoke,1623,384,1699,611
1106.png,101,107,Smoke,635,446,736,553
1416.png,23,151,Smoke,1212,423,1235,574
0062.png,74,99,Smoke,662,445,736,544
1580.png,29,218,Smoke,1163,341,1192,559
1694.png,32,170,Smoke,966,382,998,552
1297.png,99,59,Smoke,1689,574,1788,633
0816.png,99,59,Smoke,1689,577,1788,636
0439.png,95,139,Smoke,820,401,915,540
1199.png,76,250,Smoke,1613,390,1689,640
1082.png,179,109,Smoke,1741,456,1920,565
0596.png,97,120,Smoke,647,430,744,550
1110.png,55,80,Smoke,546,424,601,504
1437.png,130,227,Smoke,1023,322,1153,549
1361.png,141,67,Smoke,1759,375,1900,442
0340.png,76,92,Smoke,1768,310,1844,402
1148.png,80,48,Smoke,414,514,494,562
0282.png,55,46,Smoke,552,484,607,530
0247.png,65,197,Smoke,1617,422,1682,619
1362.png,180,109,Smoke,1740,460,1920,569
0052.png,34,116,Smoke,1430,433,1464,549
1475.png,76,227,Smoke,1620,384,1696,611
0536.png,97,120,Smoke,647,425,744,545
1698.png,132,155,Smoke,1246,397,1378,552
1556.png,32,170,Smoke,962,373,994,543
0082.png,148,97,Smoke,1772,455,1920,552
1275.png,97,82,Smoke,815,458,912,540
1272.png,57,57,Smoke,1773,313,1830,370
0435.png,23,113,Smoke,1214,464,1237,577
0319.png,76,95,Smoke,665,435,741,530
1245.png,111,246,Smoke,1032,309,1143,555
1409.png,80,48,Smoke,414,514,494,562
0157.png,145,116,Smoke,1226,427,1371,543
1295.png,99,59,Smoke,1689,574,1788,633
0643.png,80,48,Smoke,415,515,495,563
1178.png,97,151,Smoke,816,393,913,544
1615.png,132,155,Smoke,1246,397,1378,552
1360.png,80,48,Smoke,414,514,494,562
0415.png,55,84,Smoke,450,460,505,544
1723.png,181,109,Smoke,1739,455,1920,564
1488.png,23,151,Smoke,1212,422,1235,573
0928.png,76,118,Smoke,1769,316,1845,434
1304.png,90,67,Smoke,815,491,905,558
1142.png,23,113,Smoke,1213,473,1236,586
0212.png,57,57,Smoke,1773,313,1830,370
0201.png,29,218,Smoke,1162,366,1191,584
0441.png,55,84,Smoke,450,460,505,544
1328.png,130,227,Smoke,1021,323,1151,550
1229.png,29,218,Smoke,1164,333,1193,551
0996.png,124,174,Smoke,1253,379,1377,553
1566.png,80,48,Smoke,414,514,494,562
0049.png,76,92,Smoke,1762,310,1838,402
0375.png,55,84,Smoke,450,460,505,544
0033.png,151,97,Smoke,1751,463,1902,560
1784.png,80,57,Smoke,1760,298,1840,355
1743.png,32,170,Smoke,966,382,998,552
1579.png,50,128,Smoke,1431,412,1481,540
0905.png,29,218,Smoke,1163,353,1192,571
0666.png,109,155,Smoke,810,394,919,549
1179.png,57,57,Smoke,1773,313,1830,370
0022.png,34,116,Smoke,1403,435,1437,551
1609.png,181,109,Smoke,1739,457,1920,566
0088.png,55,143,Smoke,446,387,501,530
1631.png,141,67,Smoke,1759,374,1900,441
1413.png,181,109,Smoke,1739,457,1920,566
1304.png,57,57,Smoke,1773,313,1830,370
1223.png,29,218,Smoke,1164,333,1193,551
0759.png,99,59,Smoke,1691,575,1790,634
0158.png,57,57,Smoke,1773,313,1830,370
1608.png,122,78,Smoke,807,474,929,552
1686.png,132,155,Smoke,1247,397,1379,552
1173.png,99,59,Smoke,1688,573,1787,632
0820.png,107,179,Smoke,816,369,923,548
0513.png,107,221,Smoke,1024,320,1131,541
0345.png,124,174,Smoke,1251,378,1375,552
0334.png,57,57,Smoke,1773,313,1830,370
0618.png,80,48,Smoke,414,516,494,564
1746.png,132,155,Smoke,1246,399,1378,554
1434.png,101,107,Smoke,635,446,736,553
1588.png,50,128,Smoke,1431,412,1481,540
0926.png,23,113,Smoke,1214,466,1237,579
1697.png,23,151,Smoke,1210,420,1233,571
0685.png,65,250,Smoke,1619,396,1684,646
1746.png,80,57,Smoke,1759,299,1839,356
0895.png,174,109,Smoke,1746,452,1920,561
1632.png,29,218,Smoke,1161,339,1190,557
1076.png,57,57,Smoke,1773,313,1830,370
1338.png,90,67,Smoke,816,490,906,557
1127.png,29,218,Smoke,1164,331,1193,549
0889.png,143,71,Smoke,595,485,738,556
0625.png,99,59,Smoke,1692,576,1791,635
0205.png,145,86,Smoke,1775,458,1920,544
1112.png,32,158,Smoke,963,377,995,535
1241.png,50,128,Smoke,1431,419,1481,547
1564.png,57,57,Smoke,1761,304,1818,361
1607.png,113,57,Smoke,630,497,743,554
1486.png,130,227,Smoke,1024,321,1154,548
1026.png,32,158,Smoke,962,381,994,539
0721.png,32,158,Smoke,963,388,995,546
1755.png,32,170,Smoke,966,384,998,554
0941.png,80,48,Smoke,414,514,494,562
0465.png,23,113,Smoke,1214,464,1237,577
0824.png,99,59,Smoke,1689,577,1788,636
1630.png,29,218,Smoke,1161,337,1190,555
0981.png,99,59,Smoke,1688,577,1787,636
0561.png,80,48,Smoke,415,514,495,562
0659.png,111,221,Smoke,1020,322,1131,543
0761.png,29,218,Smoke,1163,355,1192,573
1741.png,32,170,Smoke,966,382,998,552
0967.png,32,158,Smoke,962,381,994,539
0208.png,32,158,Smoke,962,387,994,545
0491.png,97,120,Smoke,646,423,743,543
0981.png,50,128,Smoke,1431,424,1481,552
0549.png,29,218,Smoke,1163,357,1192,575
0551.png,107,221,Smoke,1025,320,1132,541
1059.png,76,250,Smoke,1615,389,1691,639
1504.png,32,170,Smoke,962,373,994,543
1304.png,179,109,Smoke,1741,458,1920,567
0316.png,107,221,Smoke,1022,323,1129,544
0381.png,55,80,Smoke,546,422,601,502
1180.png,179,109,Smoke,1741,457,1920,566
0945.png,29,218,Smoke,1163,353,1192,571
0568.png,97,120,Smoke,647,424,744,544
0731.png,174,109,Smoke,1746,449,1920,558
1450.png,101,107,Smoke,635,446,736,553
1230.png,57,57,Smoke,1773,313,1830,370
1270.png,32,158,Smoke,963,376,995,534
0747.png,174,109,Smoke,1746,449,1920,558
0621.png,57,57,Smoke,1773,313,1830,370
1310.png,32,170,Smoke,962,378,994,548
1797.png,99,55,Smoke,642,499,741,554
0349.png,57,57,Smoke,1773,313,1830,370
0828.png,99,59,Smoke,1689,577,1788,636
0620.png,32,158,Smoke,963,389,995,547
1440.png,32,170,Smoke,962,373,994,543
0789.png,99,59,Smoke,1692,576,1791,635
0817.png,23,113,Smoke,1214,469,1237,582
0891.png,111,233,Smoke,1023,319,1134,552
0190.png,32,158,Smoke,962,387,994,545
0814.png,174,109,Smoke,1746,450,1920,559
0660.png,23,113,Smoke,1213,464,1236,577
0593.png,169,109,Smoke,1751,450,1920,559
1287.png,84,67,Smoke,1760,375,1844,442
1293.png,80,48,Smoke,414,514,494,562
0074.png,23,113,Smoke,1214,464,1237,577
1730.png,80,48,Smoke,414,514,494,562
0700.png,174,109,Smoke,1746,449,1920,558
0334.png,107,221,Smoke,1022,322,1129,543
1345.png,128,59,Smoke,1693,576,1821,635
1430.png,80,48,Smoke,414,514,494,562
1725.png,29,218,Smoke,1161,338,1190,556
0288.png,76,92,Smoke,1768,310,1844,402
1222.png,124,174,Smoke,1255,377,1379,551
0478.png,124,174,Smoke,1250,378,1374,552
0312.png,146,113,Smoke,1774,445,1920,558
0949.png,101,160,Smoke,813,383,914,543
0741.png,174,109,Smoke,1746,449,1920,558
0997.png,99,59,Smoke,1689,577,1788,636
0809.png,57,57,Smoke,1773,313,1830,370
1678.png,122,78,Smoke,812,474,934,552
1734.png,55,80,Smoke,546,424,601,504
0023.png,29,170,Smoke,1136,380,1165,550
1635.png,50,128,Smoke,1431,412,1481,540
0571.png,65,218,Smoke,1618,397,1683,615
0555.png,99,59,Smoke,1692,576,1791,635
1003.png,124,174,Smoke,1253,379,1377,553
0428.png,29,218,Smoke,1163,357,1192,575
0201.png,65,197,Smoke,1617,422,1682,619
1630.png,113,57,Smoke,629,496,742,553
0928.png,80,48,Smoke,414,514,494,562
1657.png,155,48,Smoke,1722,579,1877,627
0908.png,50,128,Smoke,1431,424,1481,552
1340.png,55,80,Smoke,546,424,601,504
1545.png,170,57,Smoke,568,497,738,554
1163.png,111,246,Smoke,1030,307,1141,553
1303.png,32,170,Smoke,962,378,994,548
1404.png,124,174,Smoke,1256,377,1380,551
0731.png,111,221,Smoke,1019,321,1130,542
0733.png,76,118,Smoke,1771,303,1847,421
0692.png,65,250,Smoke,1620,397,1685,647
1097.png,23,113,Smoke,1214,470,1237,583
0002.png,74,99,Smoke,628,447,702,546
1005.png,76,250,Smoke,1615,390,1691,640
0265.png,57,57,Smoke,1773,313,1830,370
0591.png,32,158,Smoke,962,389,994,547
0542.png,80,48,Smoke,415,514,495,562
0624.png,109,155,Smoke,809,395,918,550
0943.png,57,57,Smoke,1773,313,1830,370
0590.png,169,109,Smoke,1751,450,1920,559
1295.png,57,57,Smoke,1773,313,1830,370
0397.png,29,218,Smoke,1163,357,1192,575
0559.png,65,218,Smoke,1618,397,1683,615
1172.png,57,57,Smoke,1773,313,1830,370
0735.png,99,59,Smoke,1692,575,1791,634
1711.png,132,155,Smoke,1246,397,1378,552
0691.png,57,57,Smoke,1773,313,1830,370
0924.png,29,218,Smoke,1163,355,1192,573
0759.png,23,113,Smoke,1214,467,1237,580
0417.png,32,158,Smoke,962,387,994,545
0622.png,23,113,Smoke,1214,465,1237,578
0351.png,76,95,Smoke,665,433,741,528
1208.png,84,67,Smoke,1761,377,1845,444
0860.png,76,118,Smoke,1771,317,1847,435
0536.png,50,128,Smoke,1435,420,1485,548
0029.png,48,34,Smoke,559,483,607,517
0803.png,170,67,Smoke,567,490,737,557
0378.png,32,158,Smoke,962,387,994,545
1677.png,132,155,Smoke,1247,397,1379,552
1404.png,155,48,Smoke,1718,577,1873,625
0801.png,55,80,Smoke,546,424,601,504
0477.png,57,57,Smoke,1773,313,1830,370
1631.png,23,151,Smoke,1210,422,1233,573
0272.png,69,59,Smoke,1691,577,1760,636
0656.png,99,59,Smoke,1692,575,1791,634
1065.png,55,80,Smoke,546,424,601,504
1581.png,132,155,Smoke,1246,396,1378,551
1047.png,124,174,Smoke,1253,377,1377,551
0069.png,107,195,Smoke,1023,355,1130,550
0584.png,111,221,Smoke,1021,322,1132,543
1351.png,23,151,Smoke,1212,424,1235,575
1644.png,50,128,Smoke,1431,412,1481,540
0375.png,32,158,Smoke,962,387,994,545
0366.png,69,59,Smoke,1691,580,1760,639
1416.png,55,80,Smoke,546,424,601,504
0086.png,95,176,Smoke,818,376,913,552
0229.png,69,86,Smoke,670,445,739,531
1263.png,101,107,Smoke,635,446,736,553
0824.png,57,57,Smoke,1773,313,1830,370
0918.png,101,160,Smoke,813,387,914,547
1364.png,55,80,Smoke,546,424,601,504
1590.png,111,76,Smoke,816,477,927,553
1133.png,99,59,Smoke,1688,574,1787,633
1023.png,32,158,Smoke,962,381,994,539
1046.png,99,59,Smoke,1686,576,1785,635
1307.png,80,48,Smoke,414,514,494,562
0720.png,76,118,Smoke,1772,304,1848,422
1321.png,179,109,Smoke,1741,458,1920,567
0640.png,32,158,Smoke,963,389,995,547
1329.png,101,107,Smoke,635,446,736,553
0517.png,80,48,Smoke,415,514,495,562
1693.png,32,170,Smoke,966,380,998,550
1109.png,179,109,Smoke,1741,457,1920,566
0372.png,76,92,Smoke,1768,310,1844,402
1568.png,50,128,Smoke,1431,412,1481,540
1779.png,128,246,Smoke,1025,316,1153,562
0262.png,55,84,Smoke,450,460,505,544
1128.png,29,218,Smoke,1164,331,1193,549
0779.png,111,233,Smoke,1019,321,1130,554
1620.png,55,80,Smoke,546,424,601,504
1249.png,29,218,Smoke,1164,335,1193,553
0492.png,76,118,Smoke,1771,309,1847,427
0940.png,143,95,Smoke,595,462,738,557
0540.png,55,80,Smoke,546,424,601,504
1714.png,76,227,Smoke,1623,383,1699,610
0881.png,111,233,Smoke,1022,318,1133,551
1622.png,50,128,Smoke,1431,412,1481,540
0079.png,29,218,Smoke,1166,355,1195,573
1239.png,84,67,Smoke,1760,376,1844,443
0081.png,65,197,Smoke,1618,422,1683,619
1047.png,76,250,Smoke,1615,391,1691,641
0475.png,95,155,Smoke,822,395,917,550
1206.png,124,174,Smoke,1255,377,1379,551
0889.png,29,218,Smoke,1163,355,1192,573
0725.png,109,179,Smoke,813,368,922,547
0535.png,97,120,Smoke,647,425,744,545
1015.png,179,109,Smoke,1741,458,1920,567
0193.png,32,158,Smoke,962,387,994,545
0887.png,76,118,Smoke,1770,317,1846,435
0748.png,111,221,Smoke,1019,321,1130,542
0908.png,32,158,Smoke,963,380,995,538
1774.png,132,155,Smoke,1245,399,1377,554
1489.png,141,67,Smoke,1757,373,1898,440
0805.png,107,179,Smoke,815,367,922,546
1445.png,80,48,Smoke,414,514,494,562
0283.png,69,86,Smoke,670,443,739,529
0598.png,169,109,Smoke,1751,450,1920,559
1174.png,80,48,Smoke,414,514,494,562
0012.png,57,48,Smoke,1670,578,1727,626
1576.png,55,80,Smoke,546,424,601,504
0486.png,69,59,Smoke,1688,578,1757,637
0469.png,65,197,Smoke,1617,422,1682,619
1598.png,141,67,Smoke,1757,377,1898,444
1451.png,141,67,Smoke,1757,375,1898,442
0571.png,55,80,Smoke,546,424,601,504
0327.png,55,84,Smoke,450,460,505,544
1278.png,124,174,Smoke,1255,377,1379,551
1747.png,128,246,Smoke,1025,316,1153,562
0751.png,23,113,Smoke,1214,467,1237,580
1592.png,29,218,Smoke,1163,338,1192,556
1755.png,50,128,Smoke,1431,413,1481,541
0103.png,48,34,Smoke,559,483,607,517
0418.png,32,158,Smoke,962,387,994,545
0775.png,160,57,Smoke,580,501,740,558
1542.png,50,128,Smoke,1431,412,1481,540
1034.png,86,160,Smoke,814,379,900,539
0515.png,69,59,Smoke,1688,578,1757,637
1545.png,57,57,Smoke,1761,304,1818,361
1799.png,181,109,Smoke,1739,458,1920,567
1728.png,128,246,Smoke,1023,315,1151,561
0708.png,55,80,Smoke,546,424,601,504
0130.png,57,57,Smoke,1773,313,1830,370
1550.png,23,151,Smoke,1212,424,1235,575
1236.png,50,128,Smoke,1431,419,1481,547
0112.png,57,57,Smoke,1773,313,1830,370
0634.png,57,57,Smoke,1773,313,1830,370
1546.png,23,151,Smoke,1212,424,1235,575
0481.png,55,80,Smoke,546,424,601,504
1363.png,80,48,Smoke,414,514,494,562
1740.png,180,109,Smoke,1740,456,1920,565
0042.png,57,48,Smoke,1689,578,1746,626
0171.png,48,34,Smoke,559,483,607,517
1040.png,101,107,Smoke,635,446,736,553
1012.png,23,113,Smoke,1214,467,1237,580
1115.png,50,128,Smoke,1431,421,1481,549
1161.png,84,67,Smoke,1761,378,1845,445
0250.png,76,92,Smoke,1768,309,1844,401
1086.png,23,113,Smoke,1214,469,1237,582
0499.png,97,120,Smoke,646,423,743,543
0721.png,160,57,Smoke,580,501,740,558
1658.png,29,218,Smoke,1161,338,1190,556
0831.png,29,218,Smoke,1163,355,1192,573
1480.png,50,128,Smoke,1431,413,1481,541
0715.png,57,57,Smoke,1773,313,1830,370
0950.png,50,128,Smoke,1431,424,1481,552
1276.png,99,59,Smoke,1689,574,1788,633
0771.png,174,109,Smoke,1746,449,1920,558
1470.png,130,227,Smoke,1024,321,1154,548
1577.png,76,227,Smoke,1621,384,1697,611
0091.png,65,197,Smoke,1618,422,1683,619
0816.png,57,57,Smoke,1773,313,1830,370
0980.png,111,233,Smoke,1026,317,1137,550
1202.png,29,218,Smoke,1164,333,1193,551
0667.png,55,80,Smoke,546,424,601,504
0020.png,23,113,Smoke,1214,464,1237,577
1199.png,101,107,Smoke,635,446,736,553
1010.png,32,158,Smoke,962,381,994,539
1753.png,50,128,Smoke,1431,412,1481,540
0280.png,29,218,Smoke,1163,356,1192,574
1543.png,50,128,Smoke,1431,413,1481,541
0061.png,32,158,Smoke,961,388,993,546
1251.png,84,67,Smoke,1760,375,1844,442
1263.png,99,59,Smoke,1689,575,1788,634
1522.png,155,48,Smoke,1721,581,1876,629
0731.png,50,128,Smoke,1432,424,1482,552
1070.png,111,246,Smoke,1027,310,1138,556
1130.png,76,250,Smoke,1614,390,1690,640
1585.png,155,48,Smoke,1722,581,1877,629
1034.png,101,107,Smoke,635,446,736,553
0432.png,69,59,Smoke,1690,578,1759,637
0861.png,170,90,Smoke,567,466,737,556
1284.png,55,80,Smoke,546,424,601,504
0818.png,57,57,Smoke,1773,313,1830,370
0247.png,69,59,Smoke,1691,577,1760,636
1398.png,101,107,Smoke,635,446,736,553
1279.png,101,107,Smoke,635,446,736,553
0736.png,80,48,Smoke,414,514,494,562
0962.png,32,158,Smoke,962,381,994,539
0698.png,124,174,Smoke,1251,378,1375,552
1117.png,101,107,Smoke,635,446,736,553
1602.png,141,67,Smoke,1758,377,1899,444
0895.png,124,174,Smoke,1252,379,1376,553
0451.png,76,118,Smoke,1771,310,1847,428
1329.png,23,151,Smoke,1212,427,1235,578
0957.png,118,107,Smoke,620,447,738,554
1415.png,130,227,Smoke,1024,323,1154,550
1017.png,86,160,Smoke,814,379,900,539
0707.png,50,128,Smoke,1433,423,1483,551
1427.png,130,227,Smoke,1023,322,1153,549
1059.png,97,151,Smoke,813,393,910,544
1750.png,55,80,Smoke,546,424,601,504
0427.png,76,105,Smoke,1770,311,1846,416
0365.png,124,174,Smoke,1251,378,1375,552
0983.png,50,128,Smoke,1431,424,1481,552
1308.png,55,80,Smoke,546,424,601,504
1594.png,141,67,Smoke,1759,377,1900,444
1733.png,122,78,Smoke,813,473,935,551
0352.png,65,197,Smoke,1617,423,1682,620
0790.png,50,128,Smoke,1431,425,1481,553
0303.png,57,57,Smoke,1773,313,1830,370
0671.png,57,57,Smoke,1773,313,1830,370
0459.png,23,113,Smoke,1214,464,1237,577
1239.png,55,80,Smoke,546,424,601,504
1584.png,111,76,Smoke,815,477,926,553
1173.png,101,107,Smoke,635,446,736,553
0805.png,99,59,Smoke,1691,578,1790,637
1154.png,55,80,Smoke,546,424,601,504
0390.png,29,218,Smoke,1163,357,1192,575
0103.png,65,197,Smoke,1618,422,1683,619
0596.png,32,158,Smoke,962,389,994,547
1391.png,155,48,Smoke,1718,577,1873,625
0257.png,50,116,Smoke,1431,428,1481,544
0836.png,29,218,Smoke,1163,355,1192,573
0984.png,101,160,Smoke,812,379,913,539
0510.png,32,158,Smoke,962,387,994,545
0632.png,124,174,Smoke,1251,377,1375,551
1506.png,182,109,Smoke,1738,457,1920,566
1580.png,57,57,Smoke,1761,304,1818,361
1568.png,113,57,Smoke,625,497,738,554
1060.png,97,151,Smoke,813,394,910,545
1699.png,55,80,Smoke,546,424,601,504
0504.png,29,218,Smoke,1163,356,1192,574
0111.png,76,92,Smoke,1768,310,1844,402
0524.png,57,57,Smoke,1773,313,1830,370
0527.png,95,155,Smoke,823,394,918,549
0309.png,107,221,Smoke,1021,322,1128,543
0357.png,32,158,Smoke,962,387,994,545
1286.png,90,67,Smoke,815,492,905,559
0906.png,32,158,Smoke,963,380,995,538
0583.png,111,221,Smoke,1021,320,1132,541
1712.png,155,48,Smoke,1722,579,1877,627
1685.png,76,227,Smoke,1622,382,1698,609
0445.png,50,116,Smoke,1431,428,1481,544
0354.png,69,59,Smoke,1690,580,1759,639
0218.png,65,197,Smoke,1617,423,1682,620
1315.png,57,57,Smoke,1773,313,1830,370
1540.png,180,109,Smoke,1740,457,1920,566
0738.png,160,57,Smoke,580,501,740,558
1739.png,76,258,Smoke,1624,379,1700,637
0539.png,23,113,Smoke,1214,465,1237,578
1498.png,55,80,Smoke,546,424,601,504
0671.png,23,113,Smoke,1213,465,1236,578
1611.png,29,218,Smoke,1162,337,1191,555
1785.png,32,170,Smoke,966,388,998,558
0006.png,65,197,Smoke,1581,421,1646,618
1218.png,32,158,Smoke,963,376,995,534
1691.png,80,57,Smoke,1759,300,1839,357
0829.png,32,158,Smoke,963,386,995,544
0991.png,23,113,Smoke,1214,466,1237,579
1522.png,141,67,Smoke,1758,376,1899,443
1414.png,182,109,Smoke,1738,457,1920,566
0051.png,107,195,Smoke,1018,355,1125,550
0503.png,76,118,Smoke,1771,309,1847,427
0748.png,76,250,Smoke,1610,394,1686,644
0711.png,80,48,Smoke,414,514,494,562
0166.png,145,116,Smoke,1226,427,1371,543
0821.png,55,80,Smoke,546,424,601,504
0377.png,57,57,Smoke,1773,313,1830,370
1250.png,23,113,Smoke,1212,466,1235,579
1159.png,57,57,Smoke,1773,313,1830,370
1530.png,76,227,Smoke,1621,383,1697,610
0274.png,69,86,Smoke,670,444,739,530
1400.png,50,128,Smoke,1431,415,1481,543
0188.png,76,92,Smoke,1768,309,1844,401
1758.png,99,55,Smoke,642,498,741,553
1733.png,80,57,Smoke,1758,299,1838,356
1254.png,32,158,Smoke,963,376,995,534
0730.png,160,57,Smoke,580,501,740,558
0989.png,179,109,Smoke,1741,455,1920,564
0775.png,55,80,Smoke,546,424,601,504
1237.png,97,151,Smoke,816,393,913,544
1111.png,101,107,Smoke,635,446,736,553
1318.png,32,170,Smoke,962,378,994,548
1378.png,23,151,Smoke,1212,424,1235,575
1307.png,50,128,Smoke,1431,418,1481,546
0469.png,55,80,Smoke,546,424,601,504
1260.png,29,218,Smoke,1164,335,1193,553
0891.png,50,128,Smoke,1431,424,1481,552
1726.png,55,80,Smoke,546,424,601,504
1246.png,84,67,Smoke,1760,375,1844,442
0948.png,118,107,Smoke,619,448,737,555
0291.png,148,86,Smoke,1772,447,1920,533
0681.png,29,218,Smoke,1163,358,1192,576
1738.png,99,55,Smoke,642,498,741,553
1060.png,76,250,Smoke,1615,389,1691,639
1578.png,113,57,Smoke,626,496,739,553
0455.png,140,109,Smoke,1780,449,1920,558
1591.png,32,170,Smoke,964,372,996,542
1269.png,124,174,Smoke,1255,377,1379,551
1674.png,29,218,Smoke,1161,338,1190,556
0317.png,32,158,Smoke,962,387,994,545
0165.png,65,197,Smoke,1617,420,1682,617
1569.png,76,227,Smoke,1621,384,1697,611
1303.png,101,107,Smoke,635,446,736,553
1274.png,179,109,Smoke,1741,458,1920,567
0329.png,23,113,Smoke,1214,464,1237,577
0004.png,57,57,Smoke,1773,313,1830,370
0167.png,50,116,Smoke,1433,429,1483,545
0282.png,69,59,Smoke,1690,577,1759,636
0223.png,57,57,Smoke,1773,313,1830,370
1641.png,32,170,Smoke,963,376,995,546
1490.png,132,155,Smoke,1247,396,1379,551
0037.png,95,176,Smoke,799,381,894,557
1331.png,50,128,Smoke,1431,418,1481,546
0787.png,23,113,Smoke,1214,467,1237,580
0296.png,76,92,Smoke,1768,310,1844,402
0156.png,29,218,Smoke,1163,348,1192,566
0971.png,55,80,Smoke,546,424,601,504
1673.png,141,67,Smoke,1760,374,1901,441
1790.png,23,151,Smoke,1215,417,1238,568
1021.png,55,80,Smoke,546,424,601,504
1262.png,179,109,Smoke,1741,458,1920,567
1268.png,55,80,Smoke,546,424,601,504
1198.png,124,174,Smoke,1254,377,1378,551
1398.png,57,57,Smoke,1754,305,1811,362
0422.png,95,139,Smoke,821,406,916,545
1573.png,57,57,Smoke,1761,303,1818,360
0658.png,99,59,Smoke,1692,575,1791,634
1600.png,80,57,Smoke,1763,302,1843,359
0225.png,50,116,Smoke,1432,425,1482,541
1174.png,57,57,Smoke,1773,313,1830,370
0915.png,32,158,Smoke,963,380,995,538
0506.png,29,218,Smoke,1163,356,1192,574
1325.png,57,57,Smoke,1773,313,1830,370
1725.png,80,57,Smoke,1758,299,1838,356
0491.png,29,218,Smoke,1163,354,1192,572
1547.png,132,155,Smoke,1247,398,1379,553
0103.png,57,57,Smoke,1773,313,1830,370
1484.png,141,67,Smoke,1758,373,1899,440
1483.png,80,48,Smoke,414,514,494,562
0543.png,23,113,Smoke,1214,465,1237,578
1434.png,57,57,Smoke,1755,305,1812,362
0935.png,57,57,Smoke,1773,313,1830,370
1047.png,57,57,Smoke,1773,313,1830,370
0772.png,57,57,Smoke,1773,313,1830,370
1079.png,50,128,Smoke,1431,422,1481,550
0125.png,23,113,Smoke,1214,464,1237,577
0949.png,99,59,Smoke,1688,577,1787,636
0244.png,107,221,Smoke,1022,321,1129,542
0048.png,57,57,Smoke,1773,313,1830,370
0795.png,99,59,Smoke,1690,576,1789,635
1644.png,76,227,Smoke,1623,383,1699,610
0238.png,50,116,Smoke,1431,428,1481,544
0627.png,76,118,Smoke,1771,307,1847,425
1445.png,181,109,Smoke,1739,457,1920,566
0991.png,101,168,Smoke,812,378,913,546
1594.png,29,218,Smoke,1163,335,1192,553
1451.png,23,151,Smoke,1212,423,1235,574
0258.png,32,158,Smoke,962,387,994,545
0962.png,124,174,Smoke,1253,379,1377,553
1306.png,29,218,Smoke,1164,335,1193,553
1798.png,141,67,Smoke,1761,370,1902,437
1792.png,29,218,Smoke,1161,338,1190,556
0841.png,174,109,Smoke,1746,450,1920,559
1281.png,55,80,Smoke,546,424,601,504
1738.png,180,109,Smoke,1740,456,1920,565
1000.png,80,48,Smoke,414,514,494,562
0623.png,65,218,Smoke,1620,397,1685,615
0305.png,76,92,Smoke,1768,310,1844,402
0812.png,107,179,Smoke,815,369,922,548
1002.png,50,128,Smoke,1431,423,1481,551
0793.png,57,57,Smoke,1773,313,1830,370
1226.png,84,67,Smoke,1760,376,1844,443
0467.png,32,158,Smoke,962,387,994,545
1606.png,130,227,Smoke,1026,311,1156,538
1701.png,32,170,Smoke,966,380,998,550
1240.png,124,174,Smoke,1255,377,1379,551
0709.png,99,59,Smoke,1692,577,1791,636
0113.png,145,116,Smoke,1226,427,1371,543
0624.png,57,57,Smoke,1773,313,1830,370
0502.png,57,57,Smoke,1773,313,1830,370
0015.png,34,116,Smoke,1403,434,1437,550
0724.png,50,128,Smoke,1432,424,1482,552
1570.png,23,151,Smoke,1212,422,1235,573
1001.png,111,233,Smoke,1027,313,1138,546
1358.png,32,170,Smoke,962,378,994,548
1598.png,155,48,Smoke,1722,581,1877,629
1791.png,23,151,Smoke,1214,414,1237,565
1202.png,84,67,Smoke,1761,377,1845,444
0301.png,23,113,Smoke,1214,464,1237,577
0890.png,143,71,Smoke,596,483,739,554
1207.png,32,158,Smoke,963,376,995,534
1708.png,23,151,Smoke,1210,419,1233,570
0913.png,143,95,Smoke,597,460,740,555
0424.png,76,105,Smoke,1770,311,1846,416
0733.png,111,221,Smoke,1019,321,1130,542
0713.png,32,158,Smoke,963,388,995,546
1258.png,179,109,Smoke,1741,458,1920,567
0424.png,143,113,Smoke,1777,445,1920,558
0547.png,161,109,Smoke,1759,449,1920,558
0027.png,151,97,Smoke,1743,463,1894,560
1459.png,80,48,Smoke,414,514,494,562
1794.png,155,48,Smoke,1722,578,1877,626
0351.png,57,57,Smoke,1773,313,1830,370
0233.png,50,116,Smoke,1431,427,1481,543
1557.png,23,151,Smoke,1212,423,1235,574
1501.png,55,80,Smoke,546,424,601,504
0295.png,76,92,Smoke,1768,310,1844,402
0442.png,124,174,Smoke,1250,378,1374,552
0512.png,57,57,Smoke,1773,313,1830,370
1761.png,181,109,Smoke,1739,457,1920,566
0123.png,65,197,Smoke,1617,422,1682,619
1591.png,130,227,Smoke,1026,310,1156,537
1627.png,155,48,Smoke,1722,579,1877,627
1620.png,80,48,Smoke,414,514,494,562
0861.png,111,233,Smoke,1021,318,1132,551
1348.png,141,67,Smoke,1759,375,1900,442
0200.png,23,113,Smoke,1214,464,1237,577
1559.png,132,155,Smoke,1247,398,1379,553
0964.png,76,118,Smoke,1769,316,1845,434
0556.png,57,57,Smoke,1773,313,1830,370
0173.png,50,116,Smoke,1433,428,1483,544
1066.png,74,74,Smoke,1770,361,1844,435
1033.png,86,160,Smoke,814,379,900,539
0494.png,55,80,Smoke,546,424,601,504
0799.png,174,109,Smoke,1746,450,1920,559
0614.png,80,48,Smoke,414,515,494,563
0236.png,57,57,Smoke,1773,313,1830,370
0353.png,57,57,Smoke,1773,313,1830,370
0049.png,55,143,Smoke,440,388,495,531
0577.png,32,158,Smoke,962,389,994,547
0234.png,141,147,Smoke,1230,408,1371,555
0010.png,23,113,Smoke,1214,464,1237,577
0098.png,32,158,Smoke,961,386,993,544
0370.png,50,116,Smoke,1431,427,1481,543
1301.png,55,80,Smoke,546,424,601,504
0938.png,29,218,Smoke,1163,353,1192,571
0480.png,97,120,Smoke,647,425,744,545
0043.png,55,143,Smoke,434,391,489,534
1588.png,23,151,Smoke,1212,424,1235,575
0904.png,55,80,Smoke,546,424,601,504
0663.png,65,218,Smoke,1620,397,1685,615
0574.png,65,218,Smoke,1618,397,1683,615
0093.png,50,116,Smoke,1433,433,1483,549
1534.png,80,48,Smoke,414,514,494,562
0292.png,95,176,Smoke,821,373,916,549
1060.png,32,158,Smoke,963,377,995,535
0238.png,107,221,Smoke,1022,322,1129,543
0534.png,97,120,Smoke,647,425,744,545
1600.png,55,80,Smoke,546,424,601,504
1335.png,57,57,Smoke,1773,313,1830,370
0969.png,111,233,Smoke,1027,317,1138,550
0847.png,23,113,Smoke,1214,469,1237,582
1639.png,130,227,Smoke,1027,310,1157,537
0017.png,50,147,Smoke,418,397,468,544
0467.png,107,221,Smoke,1023,318,1130,539
0248.png,55,46,Smoke,552,484,607,530
0308.png,76,95,Smoke,664,437,740,532
1747.png,50,128,Smoke,1431,412,1481,540
1574.png,76,227,Smoke,1621,385,1697,612
0204.png,55,97,Smoke,450,445,505,542
0715.png,76,118,Smoke,1772,304,1848,422
1534.png,130,227,Smoke,1025,315,1155,542
0076.png,48,34,Smoke,559,483,607,517
0447.png,141,109,Smoke,1779,449,1920,558
0888.png,80,48,Smoke,414,514,494,562
0206.png,145,86,Smoke,1775,458,1920,544
0323.png,50,116,Smoke,1431,427,1481,543
0753.png,80,48,Smoke,414,514,494,562
0829.png,76,118,Smoke,1772,301,1848,419
1273.png,124,174,Smoke,1255,377,1379,551
0846.png,23,113,Smoke,1214,469,1237,582
1782.png,76,258,Smoke,1625,385,1701,643
0412.png,107,221,Smoke,1021,317,1128,538
1646.png,130,227,Smoke,1027,309,1157,536
1222.png,101,107,Smoke,635,446,736,553
0408.png,69,59,Smoke,1690,578,1759,637
1586.png,55,80,Smoke,546,424,601,504
1115.png,29,218,Smoke,1164,329,1193,547
1579.png,111,76,Smoke,814,477,925,553
0268.png,95,176,Smoke,820,371,915,547
1250.png,179,109,Smoke,1741,458,1920,567
0999.png,101,107,Smoke,636,447,737,554
0308.png,32,158,Smoke,962,387,994,545
0117.png,50,116,Smoke,1433,433,1483,549
0419.png,65,197,Smoke,1617,422,1682,619
0753.png,174,109,Smoke,1746,448,1920,557
0780.png,23,113,Smoke,1214,467,1237,580
0058.png,57,48,Smoke,1702,578,1759,626
0991.png,32,158,Smoke,962,381,994,539
1302.png,55,80,Smoke,546,424,601,504
1487.png,103,55,Smoke,818,498,921,553
1257.png,80,48,Smoke,414,514,494,562
0606.png,109,155,Smoke,810,395,919,550
0217.png,69,59,Smoke,1691,577,1760,636
0310.png,95,139,Smoke,821,409,916,548
1507.png,50,128,Smoke,1431,412,1481,540
1645.png,50,128,Smoke,1431,412,1481,540
1336.png,76,250,Smoke,1616,381,1692,631
0460.png,23,113,Smoke,1214,464,1237,577
1631.png,181,109,Smoke,1739,456,1920,565
0990.png,32,158,Smoke,962,381,994,539
1022.png,124,174,Smoke,1253,377,1377,551
0901.png,76,250,Smoke,1613,391,1689,641
0491.png,23,113,Smoke,1214,464,1237,577
1626.png,122,78,Smoke,809,475,931,553
1021.png,29,218,Smoke,1163,353,1192,571
0092.png,147,97,Smoke,1773,456,1920,553
0817.png,50,128,Smoke,1431,426,1481,554
0620.png,23,113,Smoke,1214,465,1237,578
1247.png,76,250,Smoke,1614,389,1690,639
1296.png,57,57,Smoke,1773,313,1830,370
1508.png,80,48,Smoke,414,514,494,562
0720.png,109,179,Smoke,813,368,922,547
0223.png,95,176,Smoke,819,376,914,552
1562.png,76,227,Smoke,1621,385,1697,612
1358.png,23,151,Smoke,1212,424,1235,575
1099.png,124,174,Smoke,1253,377,1377,551
0016.png,34,116,Smoke,1403,434,1437,550
0349.png,23,113,Smoke,1214,464,1237,577
0190.png,57,57,Smoke,1773,313,1830,370
1056.png,50,128,Smoke,1431,420,1481,548
1089.png,97,151,Smoke,814,393,911,544
0261.png,107,221,Smoke,1022,323,1129,544
1096.png,74,74,Smoke,1771,361,1845,435
0913.png,124,174,Smoke,1252,380,1376,554
1114.png,179,109,Smoke,1741,457,1920,566
0998.png,101,107,Smoke,636,448,737,555
0800.png,170,67,Smoke,567,490,737,557
1053.png,111,246,Smoke,1027,309,1138,555
1736.png,99,55,Smoke,642,498,741,553
0647.png,99,59,Smoke,1692,575,1791,634
0431.png,55,84,Smoke,450,460,505,544
0750.png,50,128,Smoke,1432,424,1482,552
1555.png,141,67,Smoke,1758,376,1899,443
1625.png,113,57,Smoke,630,497,743,554
1124.png,99,57,Smoke,1771,391,1870,448
0076.png,145,116,Smoke,1226,427,1371,543
0212.png,55,46,Smoke,552,484,607,530
0737.png,124,174,Smoke,1251,378,1375,552
0003.png,65,197,Smoke,1582,422,1647,619
0328.png,124,174,Smoke,1250,378,1374,552
0855.png,99,59,Smoke,1689,577,1788,636
0173.png,57,57,Smoke,1773,313,1830,370
1030.png,32,158,Smoke,962,381,994,539
0355.png,69,59,Smoke,1690,580,1759,639
0132.png,95,176,Smoke,818,375,913,551
1226.png,101,107,Smoke,635,446,736,553
1663.png,32,170,Smoke,965,378,997,548
0917.png,101,160,Smoke,813,387,914,547
1680.png,80,57,Smoke,1759,302,1839,359
0303.png,55,84,Smoke,450,460,505,544
0046.png,65,197,Smoke,1608,421,1673,618
0910.png,57,57,Smoke,1773,313,1830,370
1053.png,76,250,Smoke,1615,389,1691,639
1011.png,32,158,Smoke,962,381,994,539
0424.png,23,113,Smoke,1214,464,1237,577
1516.png,141,67,Smoke,1758,377,1899,444
0573.png,65,218,Smoke,1618,397,1683,615
0644.png,29,218,Smoke,1163,357,1192,575
0034.png,55,143,Smoke,424,397,479,540
0641.png,97,120,Smoke,647,432,744,552
0433.png,76,118,Smoke,1771,311,1847,429
1255.png,76,250,Smoke,1614,387,1690,637
0547.png,107,221,Smoke,1025,320,1132,541
1764.png,29,218,Smoke,1161,343,1190,561
1089.png,23,113,Smoke,1214,469,1237,582
0453.png,140,109,Smoke,1780,449,1920,558
1301.png,99,59,Smoke,1689,574,1788,633
1429.png,76,227,Smoke,1619,383,1695,610
0274.png,32,158,Smoke,962,387,994,545
0083.png,29,218,Smoke,1165,355,1194,573
0433.png,69,59,Smoke,1690,578,1759,637
1663.png,113,57,Smoke,629,495,742,552
0432.png,55,80,Smoke,546,422,601,502
1440.png,55,80,Smoke,546,424,601,504
0514.png,160,109,Smoke,1760,450,1920,559
0225.png,65,197,Smoke,1617,422,1682,619
1553.png,29,218,Smoke,1163,345,1192,563
1103.png,32,158,Smoke,963,375,995,533
0098.png,29,218,Smoke,1164,351,1193,569
1012.png,76,118,Smoke,1768,317,1844,435
1764.png,50,128,Smoke,1431,413,1481,541
1747.png,155,48,Smoke,1722,580,1877,628
1211.png,23,113,Smoke,1213,468,1236,581
0731.png,57,57,Smoke,1773,313,1830,370
1349.png,76,227,Smoke,1616,380,1692,607
1796.png,80,57,Smoke,1760,298,1840,355
1099.png,55,80,Smoke,546,424,601,504
0234.png,76,92,Smoke,1768,309,1844,401
1450.png,141,67,Smoke,1760,373,1901,440
0350.png,32,158,Smoke,962,387,994,545
1062.png,74,74,Smoke,1770,361,1844,435
1134.png,99,57,Smoke,1771,391,1870,448
1696.png,32,170,Smoke,966,382,998,552
1225.png,99,59,Smoke,1687,574,1786,633
0765.png,111,221,Smoke,1019,320,1130,541
1730.png,141,67,Smoke,1759,371,1900,438
1525.png,29,218,Smoke,1164,341,1193,559
1217.png,97,151,Smoke,816,393,913,544
1536.png,57,57,Smoke,1761,304,1818,361
1225.png,101,107,Smoke,635,446,736,553
0432.png,76,118,Smoke,1771,311,1847,429
0545.png,65,218,Smoke,1618,397,1683,615
0626.png,29,218,Smoke,1163,357,1192,575
1400.png,101,107,Smoke,635,446,736,553
0124.png,32,158,Smoke,962,387,994,545
1428.png,130,227,Smoke,1023,322,1153,549
1502.png,55,80,Smoke,546,424,601,504
0923.png,174,109,Smoke,1746,452,1920,561
0054.png,145,116,Smoke,1224,426,1369,542
0982.png,111,233,Smoke,1026,316,1137,549
0051.png,76,92,Smoke,1764,310,1840,402
1438.png,55,80,Smoke,546,424,601,504
0279.png,124,174,Smoke,1250,379,1374,553
0811.png,23,113,Smoke,1214,468,1237,581
1352.png,32,170,Smoke,962,378,994,548
0598.png,29,218,Smoke,1163,355,1192,573
1011.png,101,107,Smoke,636,446,737,553
0247.png,32,158,Smoke,962,387,994,545
0742.png,55,80,Smoke,546,424,601,504
0052.png,76,92,Smoke,1766,310,1842,402
0980.png,80,48,Smoke,414,514,494,562
1457.png,29,218,Smoke,1164,333,1193,551
0292.png,55,84,Smoke,450,460,505,544
0109.png,48,34,Smoke,559,483,607,517
1201.png,55,80,Smoke,546,424,601,504
0061.png,65,197,Smoke,1617,422,1682,619
0477.png,76,118,Smoke,1771,308,1847,426
0996.png,32,158,Smoke,962,381,994,539
0350.png,29,218,Smoke,1163,359,1192,577
0505.png,69,59,Smoke,1688,578,1757,637
1189.png,55,80,Smoke,546,424,601,504
1379.png,124,174,Smoke,1256,377,1380,551
0004.png,29,170,Smoke,1136,380,1165,550
0128.png,149,97,Smoke,1771,453,1920,550
0228.png,76,92,Smoke,1768,309,1844,401
0842.png,124,174,Smoke,1251,379,1375,553
1725.png,76,227,Smoke,1623,382,1699,609
0216.png,76,92,Smoke,1769,309,1845,401
1596.png,130,227,Smoke,1026,309,1156,536
0275.png,32,158,Smoke,962,387,994,545
0581.png,29,218,Smoke,1163,355,1192,573
0742.png,23,113,Smoke,1213,467,1236,580
0600.png,29,218,Smoke,1163,355,1192,573
0065.png,107,195,Smoke,1023,355,1130,550
0881.png,23,113,Smoke,1214,468,1237,581
0505.png,55,80,Smoke,546,424,601,504
0158.png,74,99,Smoke,665,435,739,534
1665.png,122,78,Smoke,811,474,933,552
0892.png,99,59,Smoke,1687,577,1786,636
1591.png,113,57,Smoke,628,497,741,554
1413.png,57,57,Smoke,1755,305,1812,362
0297.png,149,86,Smoke,1771,447,1920,533
1478.png,55,80,Smoke,546,424,601,504
0767.png,124,174,Smoke,1251,379,1375,553
1145.png,29,218,Smoke,1164,331,1193,549
0476.png,142,109,Smoke,1778,446,1920,555
1320.png,179,109,Smoke,1741,458,1920,567
0932.png,99,59,Smoke,1688,577,1787,636
0572.png,80,48,Smoke,415,515,495,563
1675.png,76,227,Smoke,1623,382,1699,609
1178.png,55,80,Smoke,546,424,601,504
0862.png,124,174,Smoke,1251,379,1375,553
0398.png,144,113,Smoke,1776,443,1920,556
1206.png,111,246,Smoke,1032,306,1143,552
1214.png,80,48,Smoke,414,514,494,562
0519.png,32,158,Smoke,962,387,994,545
1789.png,80,57,Smoke,1760,298,1840,355
1062.png,179,109,Smoke,1741,457,1920,566
0028.png,151,97,Smoke,1746,462,1897,559
1739.png,50,128,Smoke,1431,412,1481,540
0971.png,99,59,Smoke,1688,577,1787,636
0363.png,143,113,Smoke,1777,443,1920,556
0633.png,29,218,Smoke,1163,357,1192,575
0035.png,145,116,Smoke,1205,428,1350,544
1449.png,130,227,Smoke,1023,322,1153,549
1269.png,76,250,Smoke,1614,387,1690,637
1426.png,101,107,Smoke,635,446,736,553
1524.png,155,48,Smoke,1721,581,1876,629
1020.png,124,174,Smoke,1253,377,1377,551
1274.png,57,57,Smoke,1773,313,1830,370
1072.png,29,218,Smoke,1163,339,1192,557
0572.png,124,174,Smoke,1250,378,1374,552
0728.png,111,221,Smoke,1019,320,1130,541
1490.png,57,57,Smoke,1760,304,1817,361
1304.png,23,113,Smoke,1212,466,1235,579
0793.png,32,158,Smoke,963,388,995,546
1462.png,50,128,Smoke,1431,412,1481,540
0544.png,57,57,Smoke,1773,313,1830,370
1446.png,23,151,Smoke,1212,422,1235,573
1693.png,132,155,Smoke,1247,396,1379,551
0516.png,124,174,Smoke,1250,378,1374,552
1665.png,23,151,Smoke,1210,422,1233,573
0050.png,29,170,Smoke,1165,380,1194,550
1199.png,111,246,Smoke,1032,308,1143,554
1106.png,76,250,Smoke,1615,391,1691,641
1057.png,29,218,Smoke,1163,353,1192,571
1304.png,50,128,Smoke,1431,418,1481,546
1018.png,80,48,Smoke,414,514,494,562
1607.png,141,67,Smoke,1759,377,1900,444
1452.png,50,128,Smoke,1431,412,1481,540
0095.png,145,116,Smoke,1226,427,1371,543
0658.png,109,155,Smoke,810,394,919,549
1471.png,29,218,Smoke,1164,331,1193,549
1376.png,124,174,Smoke,1256,377,1380,551
0082.png,23,113,Smoke,1214,464,1237,577
1557.png,155,48,Smoke,1721,582,1876,630
1073.png,29,218,Smoke,1162,341,1191,559
0052.png,32,158,Smoke,956,388,988,546
0677.png,124,174,Smoke,1251,378,1375,552
1191.png,124,174,Smoke,1254,377,1378,551
0397.png,23,113,Smoke,1214,464,1237,577
1072.png,179,109,Smoke,1741,456,1920,565
1317.png,32,170,Smoke,962,378,994,548
1061.png,23,113,Smoke,1214,468,1237,581
0941.png,32,158,Smoke,962,381,994,539
1619.png,50,128,Smoke,1431,412,1481,540
1733.png,155,48,Smoke,1722,579,1877,627
1151.png,99,59,Smoke,1688,574,1787,633
0840.png,107,179,Smoke,815,369,922,548
0913.png,101,160,Smoke,813,387,914,547
0414.png,69,59,Smoke,1690,578,1759,637
1648.png,113,57,Smoke,629,495,742,552
1687.png,132,155,Smoke,1247,397,1379,552
0166.png,50,116,Smoke,1433,430,1483,546
0770.png,124,174,Smoke,1251,379,1375,553
0918.png,76,118,Smoke,1769,316,1845,434
0301.png,107,221,Smoke,1021,322,1128,543
0618.png,99,59,Smoke,1692,576,1791,635
0543.png,69,59,Smoke,1687,577,1756,636
1376.png,90,67,Smoke,815,490,905,557
0545.png,23,113,Smoke,1214,465,1237,578
1528.png,32,170,Smoke,962,375,994,545
0437.png,55,80,Smoke,546,421,601,501
1267.png,101,107,Smoke,635,446,736,553
1405.png,23,151,Smoke,1212,423,1235,574
1599.png,29,218,Smoke,1163,337,1192,555
0438.png,55,84,Smoke,450,460,505,544
1009.png,124,174,Smoke,1253,379,1377,553
1006.png,55,80,Smoke,546,424,601,504
0129.png,57,48,Smoke,1705,577,1762,625
0435.png,142,109,Smoke,1778,450,1920,559
1250.png,124,174,Smoke,1255,377,1379,551
1011.png,111,233,Smoke,1027,311,1138,544
0293.png,124,174,Smoke,1250,378,1374,552
1748.png,50,128,Smoke,1431,412,1481,540
0481.png,95,155,Smoke,822,395,917,550
1203.png,99,59,Smoke,1687,574,1786,633
0400.png,144,113,Smoke,1776,444,1920,557
1676.png,76,227,Smoke,1623,381,1699,608
1185.png,84,67,Smoke,1761,378,1845,445
1188.png,29,218,Smoke,1164,333,1193,551
1730.png,23,151,Smoke,1211,417,1234,568
0468.png,80,48,Smoke,423,506,503,554
0363.png,23,113,Smoke,1214,464,1237,577
0915.png,99,59,Smoke,1687,576,1786,635
0037.png,29,170,Smoke,1149,381,1178,551
0673.png,50,128,Smoke,1434,423,1484,551
0218.png,144,86,Smoke,1776,459,1920,545
0877.png,23,113,Smoke,1214,469,1237,582
0044.png,29,170,Smoke,1157,377,1186,547
0738.png,111,221,Smoke,1019,321,1130,542
1224.png,111,246,Smoke,1032,306,1143,552
0199.png,55,46,Smoke,552,484,607,530
0279.png,50,116,Smoke,1431,428,1481,544
1296.png,124,174,Smoke,1255,377,1379,551
0726.png,50,128,Smoke,1432,424,1482,552
0137.png,107,195,Smoke,1022,350,1129,545
0814.png,76,250,Smoke,1615,394,1691,644
0894.png,143,71,Smoke,596,483,739,554
0589.png,55,80,Smoke,546,424,601,504
1368.png,124,174,Smoke,1256,377,1380,551
0458.png,55,84,Smoke,450,460,505,544
1232.png,80,48,Smoke,414,514,494,562
0484.png,55,80,Smoke,546,424,601,504
1180.png,80,48,Smoke,414,514,494,562
1478.png,141,67,Smoke,1758,374,1899,441
1657.png,132,155,Smoke,1246,397,1378,552
1414.png,57,57,Smoke,1755,305,1812,362
1388.png,76,227,Smoke,1616,381,1692,608
0007.png,32,158,Smoke,929,387,961,545
1291.png,76,250,Smoke,1616,385,1692,635
0597.png,76,118,Smoke,1770,308,1846,426
0800.png,50,128,Smoke,1431,424,1481,552
1061.png,32,158,Smoke,963,377,995,535
0992.png,32,158,Smoke,962,381,994,539
0094.png,76,92,Smoke,1768,309,1844,401
0562.png,107,221,Smoke,1026,319,1133,540
1393.png,130,227,Smoke,1022,322,1152,549
0475.png,97,120,Smoke,647,426,744,546
1570.png,50,128,Smoke,1431,412,1481,540
0315.png,65,197,Smoke,1617,422,1682,619
0841.png,23,113,Smoke,1214,471,1237,584
1005.png,111,233,Smoke,1027,313,1138,546
0960.png,50,128,Smoke,1431,424,1481,552
0485.png,76,118,Smoke,1771,309,1847,427
0818.png,76,250,Smoke,1615,394,1691,644
1578.png,50,128,Smoke,1431,412,1481,540
1308.png,50,128,Smoke,1431,419,1481,547
1115.png,179,109,Smoke,1741,457,1920,566
0574.png,111,221,Smoke,1021,323,1132,544
0696.png,50,128,Smoke,1433,422,1483,550
0956.png,55,80,Smoke,546,424,601,504
0026.png,34,116,Smoke,1405,435,1439,551
0991.png,99,59,Smoke,1689,577,1788,636
0788.png,174,109,Smoke,1746,449,1920,558
0644.png,23,113,Smoke,1213,465,1236,578
0509.png,124,174,Smoke,1250,378,1374,552
1130.png,97,151,Smoke,814,394,911,545
0680.png,174,109,Smoke,1746,448,1920,557
1481.png,55,80,Smoke,546,424,601,504
1349.png,57,57,Smoke,1773,313,1830,370
0112.png,147,97,Smoke,1773,457,1920,554
0448.png,57,57,Smoke,1773,313,1830,370
0888.png,143,71,Smoke,595,485,738,556
1289.png,99,59,Smoke,1689,575,1788,634
1394.png,50,128,Smoke,1431,415,1481,543
1458.png,76,227,Smoke,1620,384,1696,611
0008.png,74,99,Smoke,628,448,702,547
0799.png,170,67,Smoke,567,489,737,556
1519.png,103,55,Smoke,820,502,923,557
1554.png,80,48,Smoke,414,514,494,562
1315.png,101,107,Smoke,635,446,736,553
1190.png,124,174,Smoke,1254,377,1378,551
1287.png,29,218,Smoke,1164,335,1193,553
0079.png,145,116,Smoke,1226,427,1371,543
0531.png,76,118,Smoke,1771,309,1847,427
0437.png,95,139,Smoke,821,403,916,542
1405.png,90,67,Smoke,815,489,905,556
0524.png,160,109,Smoke,1760,448,1920,557
1156.png,179,109,Smoke,1741,457,1920,566
1119.png,50,128,Smoke,1431,421,1481,549
0962.png,118,107,Smoke,620,447,738,554
0279.png,55,84,Smoke,450,460,505,544
0103.png,148,97,Smoke,1772,457,1920,554
0078.png,29,218,Smoke,1165,354,1194,572
1751.png,80,57,Smoke,1759,299,1839,356
1722.png,80,48,Smoke,414,514,494,562
0101.png,76,92,Smoke,1768,309,1844,401
1689.png,99,55,Smoke,642,498,741,553
0191.png,146,97,Smoke,1774,449,1920,546
0549.png,95,155,Smoke,825,394,920,549
0601.png,57,57,Smoke,1773,313,1830,370
0585.png,65,218,Smoke,1618,397,1683,615
0869.png,57,57,Smoke,1773,313,1830,370
0263.png,65,197,Smoke,1617,424,1682,621
0508.png,80,48,Smoke,415,515,495,563
0066.png,34,116,Smoke,1433,432,1467,548
0976.png,101,160,Smoke,812,380,913,540
1690.png,32,170,Smoke,966,380,998,550
0246.png,69,86,Smoke,669,444,738,530
1079.png,124,174,Smoke,1253,377,1377,551
0386.png,124,174,Smoke,1249,378,1373,552
0969.png,76,250,Smoke,1615,390,1691,640
1283.png,32,158,Smoke,963,376,995,534
0068.png,23,113,Smoke,1214,464,1237,577
0216.png,32,158,Smoke,962,387,994,545
0425.png,76,105,Smoke,1770,311,1846,416
1750.png,141,67,Smoke,1759,371,1900,438
0453.png,107,221,Smoke,1022,318,1129,539
0106.png,107,195,Smoke,1022,354,1129,549
0098.png,74,99,Smoke,665,442,739,541
0867.png,80,48,Smoke,414,514,494,562
1195.png,97,151,Smoke,816,393,913,544
0320.png,76,92,Smoke,1768,310,1844,402
0710.png,32,158,Smoke,963,388,995,546
1291.png,29,218,Smoke,1164,335,1193,553
0611.png,23,113,Smoke,1214,465,1237,578
0377.png,69,59,Smoke,1691,580,1760,639
1397.png,124,174,Smoke,1256,377,1380,551
0711.png,160,57,Smoke,580,500,740,557
1503.png,80,48,Smoke,414,514,494,562
1231.png,80,48,Smoke,414,514,494,562
0195.png,95,176,Smoke,819,376,914,552
1133.png,179,109,Smoke,1741,457,1920,566
1156.png,84,67,Smoke,1762,377,1846,444
0331.png,145,113,Smoke,1775,444,1920,557
1548.png,32,170,Smoke,962,373,994,543
0265.png,55,84,Smoke,450,460,505,544
0611.png,55,80,Smoke,546,424,601,504
0798.png,29,218,Smoke,1163,355,1192,573
0008.png,34,116,Smoke,1403,433,1437,549
0332.png,57,57,Smoke,1773,313,1830,370
0923.png,143,95,Smoke,596,460,739,555
0314.png,107,221,Smoke,1021,321,1128,542
0162.png,95,176,Smoke,818,375,913,551
1077.png,99,59,Smoke,1688,575,1787,634
1471.png,130,227,Smoke,1024,322,1154,549
0203.png,74,99,Smoke,666,431,740,530
0017.png,48,34,Smoke,559,483,607,517
1166.png,29,218,Smoke,1164,333,1193,551
1764.png,155,48,Smoke,1722,579,1877,627
0342.png,107,221,Smoke,1021,319,1128,540
1084.png,57,57,Smoke,1773,313,1830,370
0840.png,124,174,Smoke,1251,379,1375,553
0981.png,57,57,Smoke,1773,313,1830,370
1797.png,141,67,Smoke,1761,370,1902,437
1183.png,29,218,Smoke,1164,327,1193,545
1189.png,23,113,Smoke,1213,470,1236,583
0178.png,74,99,Smoke,666,432,740,531
0425.png,23,113,Smoke,1214,464,1237,577
1009.png,57,57,Smoke,1773,313,1830,370
0714.png,99,59,Smoke,1691,577,1790,636
0984.png,118,107,Smoke,619,448,737,555
0245.png,69,86,Smoke,669,443,738,529
0878.png,143,71,Smoke,595,483,738,554
1679.png,80,48,Smoke,414,514,494,562
1699.png,128,246,Smoke,1022,312,1150,558
0042.png,29,170,Smoke,1156,378,1185,548
1442.png,23,151,Smoke,1212,423,1235,574
0652.png,109,155,Smoke,810,394,919,549
0199.png,145,86,Smoke,1775,457,1920,543
0407.png,144,113,Smoke,1776,444,1920,557
1080.png,55,80,Smoke,546,424,601,504
0846.png,80,48,Smoke,414,514,494,562
0246.png,29,218,Smoke,1162,370,1191,588
0810.png,99,59,Smoke,1690,575,1789,634
0797.png,80,48,Smoke,414,514,494,562
0310.png,107,221,Smoke,1021,323,1128,544
0646.png,80,48,Smoke,415,515,495,563
1618.png,122,78,Smoke,808,474,930,552
1571.png,181,109,Smoke,1739,457,1920,566
0723.png,124,174,Smoke,1251,378,1375,552
1659.png,155,48,Smoke,1722,579,1877,627
1560.png,141,67,Smoke,1758,377,1899,444
0818.png,23,113,Smoke,1214,468,1237,581
1394.png,57,57,Smoke,1754,305,1811,362
0870.png,80,48,Smoke,414,514,494,562
0295.png,107,221,Smoke,1021,322,1128,543
0756.png,50,128,Smoke,1432,424,1482,552
1288.png,101,107,Smoke,635,446,736,553
0170.png,76,92,Smoke,1768,309,1844,401
1215.png,97,151,Smoke,816,393,913,544
0940.png,99,59,Smoke,1688,577,1787,636
1456.png,170,57,Smoke,565,489,735,546
1111.png,23,113,Smoke,1214,470,1237,583
0179.png,107,195,Smoke,1021,350,1128,545
0809.png,50,128,Smoke,1431,425,1481,553
1509.png,170,57,Smoke,568,499,738,556
1772.png,141,67,Smoke,1761,371,1902,438
0633.png,174,109,Smoke,1746,449,1920,558
0019.png,151,97,Smoke,1741,463,1892,560
0147.png,74,99,Smoke,666,437,740,536
1443.png,155,48,Smoke,1717,579,1872,627
0703.png,174,109,Smoke,1746,449,1920,558
0639.png,174,109,Smoke,1746,449,1920,558
1458.png,32,170,Smoke,962,373,994,543
1789.png,141,67,Smoke,1761,370,1902,437
1174.png,29,218,Smoke,1164,333,1193,551
0926.png,124,174,Smoke,1252,379,1376,553
0388.png,95,139,Smoke,821,409,916,548
0219.png,144,86,Smoke,1776,459,1920,545
1475.png,50,128,Smoke,1431,413,1481,541
0195.png,69,59,Smoke,1691,578,1760,637
0421.png,55,80,Smoke,546,420,601,500
0486.png,29,218,Smoke,1163,356,1192,574
1416.png,90,67,Smoke,816,489,906,556
1293.png,84,67,Smoke,1760,375,1844,442
1129.png,50,128,Smoke,1431,421,1481,549
1551.png,132,155,Smoke,1247,398,1379,553
1309.png,179,109,Smoke,1741,458,1920,567
1335.png,55,80,Smoke,546,424,601,504
0048.png,76,92,Smoke,1762,310,1838,402
0280.png,23,113,Smoke,1214,464,1237,577
1261.png,32,158,Smoke,963,376,995,534
1398.png,90,67,Smoke,816,489,906,556
0444.png,55,84,Smoke,450,460,505,544
1198.png,50,128,Smoke,1431,420,1481,548
1489.png,29,218,Smoke,1164,335,1193,553
1573.png,132,155,Smoke,1247,396,1379,551
1161.png,124,174,Smoke,1254,377,1378,551
0022.png,65,197,Smoke,1584,423,1649,620
0554.png,29,218,Smoke,1163,357,1192,575
0958.png,76,118,Smoke,1769,316,1845,434
1791.png,132,155,Smoke,1245,399,1377,554
1265.png,84,67,Smoke,1760,375,1844,442
0374.png,107,221,Smoke,1021,318,1128,539
0599.png,32,158,Smoke,962,389,994,547
1766.png,50,128,Smoke,1431,413,1481,541
0226.png,29,218,Smoke,1162,367,1191,585
1702.png,55,80,Smoke,546,424,601,504
0471.png,32,158,Smoke,962,387,994,545
1417.png,76,227,Smoke,1617,383,1693,610
0867.png,29,218,Smoke,1163,355,1192,573
1212.png,57,57,Smoke,1773,313,1830,370
0820.png,80,48,Smoke,414,514,494,562
0411.png,107,221,Smoke,1021,318,1128,539
1274.png,23,113,Smoke,1212,467,1235,580
0529.png,32,158,Smoke,962,386,994,544
1130.png,29,218,Smoke,1164,331,1193,549
1750.png,128,246,Smoke,1025,317,1153,563
0421.png,144,113,Smoke,1776,444,1920,557
1791.png,55,80,Smoke,546,424,601,504
1775.png,141,67,Smoke,1762,371,1903,438
0225.png,141,147,Smoke,1231,408,1372,555
0740.png,174,109,Smoke,1746,449,1920,558
0733.png,50,128,Smoke,1432,424,1482,552
0930.png,111,233,Smoke,1027,317,1138,550
1567.png,57,57,Smoke,1761,304,1818,361
1214.png,179,109,Smoke,1741,458,1920,567
1550.png,132,155,Smoke,1247,398,1379,553
1449.png,155,48,Smoke,1717,579,1872,627
0071.png,57,48,Smoke,1704,577,1761,625
1186.png,29,218,Smoke,1164,333,1193,551
1490.png,130,227,Smoke,1024,319,1154,546
1765.png,155,48,Smoke,1722,579,1877,627
1391.png,32,170,Smoke,962,375,994,545
1000.png,101,107,Smoke,636,447,737,554
0654.png,97,120,Smoke,647,432,744,552
1056.png,29,218,Smoke,1163,351,1192,569
0545.png,161,109,Smoke,1759,449,1920,558
1769.png,29,218,Smoke,1161,338,1190,556
0346.png,69,59,Smoke,1690,580,1759,639
1648.png,23,151,Smoke,1210,422,1233,573
0780.png,32,158,Smoke,963,388,995,546
1796.png,128,246,Smoke,1025,323,1153,569
0137.png,148,97,Smoke,1772,451,1920,548
0955.png,50,128,Smoke,1431,424,1481,552
0799.png,99,59,Smoke,1692,575,1791,634
1293.png,130,227,Smoke,1017,327,1147,554
1620.png,132,155,Smoke,1246,397,1378,552
0587.png,32,158,Smoke,962,389,994,547
0084.png,95,176,Smoke,818,376,913,552
0596.png,99,59,Smoke,1692,576,1791,635
0564.png,50,128,Smoke,1435,423,1485,551
1292.png,80,48,Smoke,414,514,494,562
1683.png,132,155,Smoke,1247,397,1379,552
1196.png,57,57,Smoke,1773,313,1830,370
1501.png,32,170,Smoke,962,373,994,543
1593.png,141,67,Smoke,1759,377,1900,444
1125.png,57,57,Smoke,1773,313,1830,370
0809.png,80,48,Smoke,414,514,494,562
0259.png,107,221,Smoke,1022,323,1129,544
0153.png,76,92,Smoke,1768,310,1844,402
0228.png,55,84,Smoke,450,458,505,542
0926.png,32,158,Smoke,962,381,994,539
1794.png,141,67,Smoke,1760,370,1901,437
1025.png,50,128,Smoke,1431,422,1481,550
0950.png,57,57,Smoke,1773,313,1830,370
0775.png,109,179,Smoke,813,367,922,546
1387.png,29,218,Smoke,1164,335,1193,553
1336.png,55,80,Smoke,546,424,601,504
1629.png,55,80,Smoke,546,424,601,504
0184.png,95,176,Smoke,818,375,913,551
0699.png,80,48,Smoke,414,514,494,562
0212.png,76,92,Smoke,1769,309,1845,401
1680.png,155,48,Smoke,1722,579,1877,627
1319.png,130,227,Smoke,1019,325,1149,552
0277.png,29,218,Smoke,1163,356,1192,574
0086.png,107,195,Smoke,1022,357,1129,552
0428.png,76,105,Smoke,1770,311,1846,416
1008.png,23,113,Smoke,1214,467,1237,580
0481.png,55,80,Smoke,546,424,601,504
0845.png,55,80,Smoke,546,424,601,504
1631.png,55,80,Smoke,546,424,601,504
1251.png,111,246,Smoke,1032,309,1143,555
1010.png,29,218,Smoke,1163,353,1192,571
1637.png,23,151,Smoke,1210,422,1233,573
0180.png,50,116,Smoke,1432,429,1482,545
0564.png,80,48,Smoke,415,514,495,562
0707.png,174,109,Smoke,1746,449,1920,558
0032.png,32,158,Smoke,936,390,968,548
1244.png,80,48,Smoke,414,514,494,562
0102.png,107,195,Smoke,1022,355,1129,550
0581.png,124,174,Smoke,1251,378,1375,552
1146.png,80,48,Smoke,414,514,494,562
0846.png,99,59,Smoke,1690,577,1789,636
0391.png,32,158,Smoke,962,387,994,545
1457.png,103,55,Smoke,816,497,919,552
1347.png,179,109,Smoke,1741,459,1920,568
1393.png,80,48,Smoke,414,514,494,562
1717.png,141,67,Smoke,1761,371,1902,438
0192.png,23,113,Smoke,1214,464,1237,577
0004.png,95,176,Smoke,784,380,879,556
1155.png,23,113,Smoke,1214,471,1237,584
0514.png,57,57,Smoke,1773,313,1830,370
1505.png,76,227,Smoke,1621,384,1697,611
0441.png,50,116,Smoke,1431,428,1481,544
0018.png,145,116,Smoke,1194,432,1339,548
1314.png,124,174,Smoke,1255,377,1379,551
0727.png,160,57,Smoke,580,501,740,558
0366.png,95,139,Smoke,821,406,916,545
0399.png,76,92,Smoke,1769,310,1845,402
0279.png,23,113,Smoke,1214,464,1237,577
0525.png,50,116,Smoke,1431,428,1481,544
1613.png,181,109,Smoke,1739,457,1920,566
0464.png,32,158,Smoke,962,387,994,545
1022.png,50,128,Smoke,1430,422,1480,550
0266.png,55,84,Smoke,450,460,505,544
0539.png,69,59,Smoke,1687,577,1756,636
1101.png,97,151,Smoke,814,393,911,544
0417.png,55,84,Smoke,450,460,505,544
1234.png,57,57,Smoke,1773,313,1830,370
1388.png,29,218,Smoke,1164,335,1193,553
0536.png,29,218,Smoke,1163,355,1192,573
1295.png,23,113,Smoke,1212,465,1235,578
0046.png,107,195,Smoke,1014,355,1121,550
0760.png,29,218,Smoke,1163,355,1192,573
0998.png,55,80,Smoke,546,424,601,504
0302.png,29,218,Smoke,1163,356,1192,574
1356.png,32,170,Smoke,962,376,994,546
1787.png,155,48,Smoke,1722,580,1877,628
1444.png,130,227,Smoke,1023,322,1153,549
0413.png,57,57,Smoke,1773,313,1830,370
0735.png,76,250,Smoke,1611,395,1687,645
1185.png,23,113,Smoke,1213,468,1236,581
0790.png,124,174,Smoke,1251,379,1375,553
1733.png,141,67,Smoke,1759,371,1900,438
0478.png,107,221,Smoke,1023,317,1130,538
0712.png,65,250,Smoke,1622,395,1687,645
0234.png,65,197,Smoke,1618,422,1683,619
1170.png,84,67,Smoke,1761,378,1845,445
0358.png,76,92,Smoke,1767,310,1843,402
1276.png,84,67,Smoke,1760,375,1844,442
1350.png,80,48,Smoke,414,514,494,562
0569.png,109,155,Smoke,809,395,918,550
1254.png,29,218,Smoke,1164,335,1193,553
0189.png,57,57,Smoke,1773,313,1830,370
0302.png,124,174,Smoke,1250,378,1374,552
0605.png,57,57,Smoke,1773,313,1830,370
0523.png,65,197,Smoke,1617,423,1682,620
0868.png,23,113,Smoke,1214,470,1237,583
1166.png,111,246,Smoke,1031,307,1142,553
0574.png,109,155,Smoke,809,395,918,550
1564.png,141,67,Smoke,1758,377,1899,444
1627.png,29,218,Smoke,1161,337,1190,555
0799.png,29,218,Smoke,1163,355,1192,573
1643.png,50,128,Smoke,1431,412,1481,540
0663.png,111,221,Smoke,1020,321,1131,542
1392.png,130,227,Smoke,1023,324,1153,551
1532.png,29,218,Smoke,1164,342,1193,560
0588.png,57,57,Smoke,1773,313,1830,370
0491.png,50,116,Smoke,1431,428,1481,544
0624.png,80,48,Smoke,414,514,494,562
0545.png,55,80,Smoke,546,424,601,504
1058.png,32,158,Smoke,962,380,994,538
0115.png,48,34,Smoke,559,483,607,517
1422.png,155,48,Smoke,1718,577,1873,625
0740.png,57,57,Smoke,1773,313,1830,370
0861.png,76,118,Smoke,1770,317,1846,435
0793.png,29,218,Smoke,1163,355,1192,573
1378.png,92,57,Smoke,1754,305,1846,362
0744.png,57,57,Smoke,1773,313,1830,370
1452.png,130,227,Smoke,1023,322,1153,549
0281.png,50,116,Smoke,1431,428,1481,544
1423.png,57,57,Smoke,1755,305,1812,362
0208.png,69,59,Smoke,1691,577,1760,636
0209.png,32,158,Smoke,963,387,995,545
0637.png,109,155,Smoke,809,394,918,549
1249.png,76,250,Smoke,1614,388,1690,638
0642.png,32,158,Smoke,963,389,995,547
1260.png,55,80,Smoke,546,424,601,504
1501.png,55,80,Smoke,546,424,601,504
1379.png,32,170,Smoke,962,375,994,545
1535.png,76,227,Smoke,1621,384,1697,611
0037.png,34,116,Smoke,1416,433,1450,549
1743.png,76,258,Smoke,1625,380,1701,638
0961.png,32,158,Smoke,962,381,994,539
0938.png,50,128,Smoke,1432,424,1482,552
0010.png,151,97,Smoke,1742,461,1893,558
1152.png,29,218,Smoke,1164,329,1193,547
0486.png,76,118,Smoke,1771,309,1847,427
1721.png,99,55,Smoke,642,498,741,553
0017.png,145,116,Smoke,1194,431,1339,547
1668.png,182,109,Smoke,1738,457,1920,566
1016.png,32,158,Smoke,962,381,994,539
1560.png,23,151,Smoke,1212,422,1235,573
0861.png,32,158,Smoke,963,386,995,544
0240.png,55,84,Smoke,450,460,505,544
0684.png,76,118,Smoke,1773,304,1849,422
0145.png,65,197,Smoke,1617,422,1682,619
0433.png,57,57,Smoke,1773,313,1830,370
1252.png,179,109,Smoke,1741,458,1920,567
0007.png,57,48,Smoke,1670,578,1727,626
1479.png,132,155,Smoke,1247,397,1379,552
1272.png,101,107,Smoke,635,446,736,553
1661.png,29,218,Smoke,1161,338,1190,556
1633.png,122,78,Smoke,809,474,931,552
1170.png,50,128,Smoke,1431,420,1481,548
1538.png,170,57,Smoke,568,497,738,554
1674.png,32,170,Smoke,966,380,998,550
0988.png,57,57,Smoke,1773,313,1830,370
1347.png,55,80,Smoke,546,424,601,504
0496.png,80,48,Smoke,415,515,495,563
0333.png,107,221,Smoke,1021,321,1128,542
1662.png,141,67,Smoke,1760,373,1901,440
1607.png,181,109,Smoke,1739,458,1920,567
1081.png,97,151,Smoke,814,393,911,544
0108.png,57,48,Smoke,1704,577,1761,625
0116.png,32,158,Smoke,962,387,994,545
1347.png,76,227,Smoke,1616,380,1692,607
1556.png,111,76,Smoke,814,478,925,554
1333.png,101,107,Smoke,635,446,736,553
1721.png,80,57,Smoke,1758,299,1838,356
0276.png,69,86,Smoke,670,444,739,530
1427.png,55,80,Smoke,546,424,601,504
1643.png,122,78,Smoke,810,475,932,553
1181.png,29,218,Smoke,1164,331,1193,549
0394.png,76,92,Smoke,1768,310,1844,402
1099.png,97,151,Smoke,814,393,911,544
0455.png,76,118,Smoke,1771,310,1847,428
0685.png,149,57,Smoke,591,501,740,558
1024.png,76,250,Smoke,1615,390,1691,640
1404.png,80,48,Smoke,414,514,494,562
1242.png,32,158,Smoke,963,376,995,534
0298.png,29,218,Smoke,1163,356,1192,574
0221.png,29,218,Smoke,1162,368,1191,586
1624.png,130,227,Smoke,1027,309,1157,536
0772.png,124,174,Smoke,1251,379,1375,553
1400.png,141,67,Smoke,1759,374,1900,441
0615.png,29,218,Smoke,1163,355,1192,573
0667.png,124,174,Smoke,1251,378,1375,552
0368.png,69,59,Smoke,1691,580,1760,639
0824.png,107,179,Smoke,817,369,924,548
0191.png,74,99,Smoke,666,431,740,530
0459.png,55,80,Smoke,546,424,601,504
1198.png,111,246,Smoke,1033,308,1144,554
1319.png,84,67,Smoke,1760,375,1844,442
1441.png,132,155,Smoke,1247,396,1379,551
1259.png,101,107,Smoke,635,446,736,553
1391.png,101,107,Smoke,635,446,736,553
0071.png,55,143,Smoke,446,387,501,530
0206.png,65,197,Smoke,1617,422,1682,619
1475.png,29,218,Smoke,1164,333,1193,551
1422.png,141,67,Smoke,1759,374,1900,441
1423.png,130,227,Smoke,1023,322,1153,549
0051.png,55,143,Smoke,442,388,497,531
1216.png,84,67,Smoke,1760,376,1844,443
0392.png,23,113,Smoke,1214,464,1237,577
0857.png,99,59,Smoke,1689,577,1788,636
1401.png,57,57,Smoke,1754,305,1811,362
0496.png,29,218,Smoke,1163,356,1192,574
1391.png,57,57,Smoke,1754,305,1811,362
0561.png,55,80,Smoke,546,424,601,504
0521.png,69,59,Smoke,1688,578,1757,637
0101.png,74,99,Smoke,665,442,739,541
0828.png,57,57,Smoke,1773,313,1830,370
0706.png,99,59,Smoke,1691,576,1790,635
1103.png,111,246,Smoke,1030,307,1141,553
0304.png,76,92,Smoke,1768,310,1844,402
1193.png,50,128,Smoke,1431,420,1481,548
1426.png,32,170,Smoke,962,373,994,543
0689.png,55,80,Smoke,546,424,601,504
0419.png,107,221,Smoke,1021,318,1128,539
0646.png,55,80,Smoke,546,424,601,504
0352.png,76,95,Smoke,665,433,741,528
0332.png,65,197,Smoke,1617,421,1682,618
1159.png,23,113,Smoke,1213,472,1236,585
0475.png,50,116,Smoke,1431,428,1481,544
0987.png,57,57,Smoke,1773,313,1830,370
1688.png,128,246,Smoke,1021,313,1149,559
0093.png,57,48,Smoke,1704,577,1761,625
0605.png,76,118,Smoke,1770,308,1846,426
0851.png,29,218,Smoke,1163,355,1192,573
0043.png,32,158,Smoke,948,388,980,546
0738.png,109,179,Smoke,814,368,923,547
0251.png,141,147,Smoke,1232,407,1373,554
1191.png,80,48,Smoke,414,514,494,562
0112.png,29,218,Smoke,1164,351,1193,569
1398.png,29,218,Smoke,1164,335,1193,553
0115.png,50,116,Smoke,1434,433,1484,549
1049.png,97,151,Smoke,813,393,910,544
1577.png,181,109,Smoke,1739,457,1920,566
0461.png,86,107,Smoke,657,428,743,535
0384.png,29,218,Smoke,1163,357,1192,575
1335.png,50,128,Smoke,1431,418,1481,546
0564.png,107,221,Smoke,1026,319,1133,540
1227.png,84,67,Smoke,1760,376,1844,443
1146.png,29,218,Smoke,1164,331,1193,549
1071.png,23,113,Smoke,1214,469,1237,582
1370.png,55,80,Smoke,546,424,601,504
0476.png,57,57,Smoke,1773,313,1830,370
0115.png,76,92,Smoke,1768,311,1844,403
0673.png,174,109,Smoke,1746,449,1920,558
1507.png,23,151,Smoke,1212,423,1235,574
0346.png,32,158,Smoke,962,387,994,545
0585.png,97,120,Smoke,647,427,744,547
0052.png,65,197,Smoke,1612,422,1677,619
0714.png,76,118,Smoke,1772,304,1848,422
0797.png,99,59,Smoke,1690,576,1789,635
0156.png,148,97,Smoke,1772,450,1920,547
0313.png,29,218,Smoke,1163,356,1192,574
0514.png,76,118,Smoke,1771,309,1847,427
1445.png,57,57,Smoke,1758,305,1815,362
0163.png,74,99,Smoke,666,433,740,532
0284.png,55,46,Smoke,552,484,607,530
0899.png,80,48,Smoke,414,514,494,562
0509.png,107,221,Smoke,1025,317,1132,538
0260.png,55,84,Smoke,450,460,505,544
0396.png,76,92,Smoke,1768,310,1844,402
0418.png,55,80,Smoke,546,420,601,500
0925.png,99,59,Smoke,1687,577,1786,636
0473.png,97,120,Smoke,647,425,744,545
0395.png,65,197,Smoke,1617,422,1682,619
0972.png,76,250,Smoke,1615,390,1691,640
0403.png,144,113,Smoke,1776,443,1920,556
1215.png,80,48,Smoke,414,514,494,562
1504.png,130,227,Smoke,1024,321,1154,548
0679.png,50,128,Smoke,1434,423,1484,551
0660.png,55,80,Smoke,546,424,601,504
0075.png,32,158,Smoke,962,387,994,545
0338.png,57,57,Smoke,1773,313,1830,370
1170.png,101,107,Smoke,635,446,736,553
1632.png,50,128,Smoke,1431,412,1481,540
0617.png,23,113,Smoke,1214,465,1237,578
0321.png,55,46,Smoke,552,484,607,530
0159.png,76,92,Smoke,1768,310,1844,402
1185.png,101,107,Smoke,635,446,736,553
1320.png,90,67,Smoke,815,490,905,557
1520.png,130,227,Smoke,1025,316,1155,543
0485.png,80,48,Smoke,423,503,503,551
0762.png,174,109,Smoke,1746,449,1920,558
0591.png,23,113,Smoke,1214,465,1237,578
0083.png,57,48,Smoke,1704,577,1761,625
1334.png,101,107,Smoke,635,446,736,553
0753.png,76,118,Smoke,1771,303,1847,421
1508.png,29,218,Smoke,1163,333,1192,551
0700.png,124,174,Smoke,1251,378,1375,552
1624.png,132,155,Smoke,1247,397,1379,552
1491.png,32,170,Smoke,962,373,994,543
0048.png,48,34,Smoke,559,483,607,517
0775.png,76,118,Smoke,1771,303,1847,421
0142.png,55,143,Smoke,445,385,500,528
0418.png,86,107,Smoke,656,431,742,538
1175.png,101,107,Smoke,635,446,736,553
0251.png,57,57,Smoke,1773,313,1830,370
0099.png,145,116,Smoke,1226,427,1371,543
0113.png,107,195,Smoke,1022,354,1129,549
1746.png,180,109,Smoke,1740,456,1920,565
0177.png,148,97,Smoke,1772,449,1920,546
1167.png,50,128,Smoke,1431,419,1481,547
0433.png,32,158,Smoke,962,387,994,545
0258.png,76,92,Smoke,1768,309,1844,401
0975.png,76,118,Smoke,1769,316,1845,434
1599.png,80,48,Smoke,414,514,494,562
1451.png,76,227,Smoke,1620,384,1696,611
1695.png,181,109,Smoke,1739,456,1920,565
0657.png,80,48,Smoke,414,514,494,562
0623.png,99,59,Smoke,1692,576,1791,635
0106.png,57,57,Smoke,1773,313,1830,370
1061.png,80,48,Smoke,414,514,494,562
0232.png,57,57,Smoke,1773,313,1830,370
0724.png,174,109,Smoke,1746,449,1920,558
0018.png,95,176,Smoke,785,381,880,557
1045.png,23,113,Smoke,1214,467,1237,580
0596.png,169,109,Smoke,1751,450,1920,559
0327.png,107,221,Smoke,1021,321,1128,542
1219.png,99,59,Smoke,1687,574,1786,633
1253.png,76,250,Smoke,1614,386,1690,636
0974.png,50,128,Smoke,1431,424,1481,552
1024.png,76,118,Smoke,1769,317,1845,435
0495.png,57,57,Smoke,1773,313,1830,370
1732.png,132,155,Smoke,1246,399,1378,554
0995.png,50,128,Smoke,1431,425,1481,553
0658.png,149,71,Smoke,588,487,737,558
0334.png,23,113,Smoke,1214,464,1237,577
1779.png,76,258,Smoke,1625,383,1701,641
1157.png,55,80,Smoke,546,424,601,504
0500.png,23,113,Smoke,1214,464,1237,577
1090.png,124,174,Smoke,1253,377,1377,551
1025.png,55,80,Smoke,546,424,601,504
0075.png,57,48,Smoke,1704,578,1761,626
0083.png,95,176,Smoke,818,375,913,551
0998.png,29,218,Smoke,1163,353,1192,571
0019.png,74,99,Smoke,629,448,703,547
1465.png,103,55,Smoke,817,497,920,552
0672.png,111,221,Smoke,1020,323,1131,544
0058.png,32,158,Smoke,960,388,992,546
0032.png,57,48,Smoke,1678,579,1735,627
0472.png,65,197,Smoke,1617,423,1682,620
0318.png,55,46,Smoke,552,484,607,530
1208.png,101,107,Smoke,635,446,736,553
1082.png,57,57,Smoke,1773,313,1830,370
0032.png,151,97,Smoke,1750,462,1901,559
0445.png,107,221,Smoke,1022,319,1129,540
0079.png,23,113,Smoke,1214,464,1237,577
0526.png,124,174,Smoke,1250,378,1374,552
1205.png,55,80,Smoke,546,424,601,504
0397.png,76,92,Smoke,1768,310,1844,402
1282.png,32,158,Smoke,963,376,995,534
1027.png,23,113,Smoke,1214,468,1237,581
0010.png,57,48,Smoke,1670,579,1727,627
0113.png,74,99,Smoke,665,440,739,539
1462.png,76,227,Smoke,1620,384,1696,611
1181.png,99,59,Smoke,1688,573,1787,632
1056.png,55,80,Smoke,546,424,601,504
0884.png,23,113,Smoke,1214,468,1237,581
1202.png,99,59,Smoke,1687,574,1786,633
1121.png,29,218,Smoke,1164,333,1193,551
0632.png,23,113,Smoke,1213,465,1236,578
0184.png,50,116,Smoke,1433,426,1483,542
0686.png,109,155,Smoke,811,393,920,548
0915.png,174,109,Smoke,1746,451,1920,560
1667.png,32,170,Smoke,966,378,998,548
0519.png,57,57,Smoke,1773,313,1830,370
1788.png,50,128,Smoke,1431,411,1481,539
0647.png,80,48,Smoke,414,515,494,563
1475.png,32,170,Smoke,962,373,994,543
1694.png,99,55,Smoke,642,499,741,554
0046.png,74,99,Smoke,652,447,726,546
1089.png,76,250,Smoke,1615,391,1691,641
1589.png,111,76,Smoke,816,477,927,553
1114.png,29,218,Smoke,1164,331,1193,549
1539.png,32,170,Smoke,962,373,994,543
1059.png,50,128,Smoke,1431,420,1481,548
1264.png,80,48,Smoke,414,514,494,562
1224.png,57,57,Smoke,1773,313,1830,370
0793.png,99,59,Smoke,1691,576,1790,635
0543.png,97,120,Smoke,647,425,744,545
1647.png,29,218,Smoke,1161,338,1190,556
1702.png,122,78,Smoke,812,473,934,551
0160.png,57,57,Smoke,1773,313,1830,370
1660.png,23,151,Smoke,1210,421,1233,572
1434.png,80,48,Smoke,414,514,494,562
0456.png,65,197,Smoke,1617,423,1682,620
0548.png,57,57,Smoke,1773,313,1830,370
0499.png,50,116,Smoke,1431,428,1481,544
0970.png,118,107,Smoke,620,442,738,549
0353.png,50,116,Smoke,1431,426,1481,542
0911.png,76,250,Smoke,1613,391,1689,641
1635.png,32,170,Smoke,964,374,996,544
1776.png,180,109,Smoke,1740,458,1920,567
0269.png,124,174,Smoke,1250,380,1374,554
0653.png,99,59,Smoke,1692,575,1791,634
0461.png,141,109,Smoke,1779,448,1920,557
1686.png,55,80,Smoke,546,424,601,504
1048.png,55,80,Smoke,546,424,601,504
1164.png,97,151,Smoke,816,394,913,545
1609.png,23,151,Smoke,1211,422,1234,573
1028.png,57,57,Smoke,1773,313,1830,370
0159.png,50,116,Smoke,1433,430,1483,546
0612.png,111,221,Smoke,1020,320,1131,541
0232.png,55,46,Smoke,552,484,607,530
0165.png,57,57,Smoke,1773,313,1830,370
0011.png,48,34,Smoke,559,483,607,517
1571.png,50,128,Smoke,1431,412,1481,540
1020.png,101,107,Smoke,636,446,737,553
1191.png,32,158,Smoke,963,376,995,534
0510.png,95,155,Smoke,823,394,918,549
1112.png,76,250,Smoke,1615,390,1691,640
1652.png,76,227,Smoke,1623,381,1699,608
1134.png,32,158,Smoke,963,376,995,534
0917.png,32,158,Smoke,963,380,995,538
0941.png,23,113,Smoke,1214,467,1237,580
0166.png,76,92,Smoke,1768,309,1844,401
0754.png,76,118,Smoke,1771,303,1847,421
1189.png,32,158,Smoke,963,376,995,534
0429.png,86,107,Smoke,656,431,742,538
1484.png,32,170,Smoke,962,373,994,543
1388.png,90,67,Smoke,815,489,905,556
1715.png,122,78,Smoke,812,473,934,551
0406.png,32,158,Smoke,962,387,994,545
0483.png,57,57,Smoke,1773,313,1830,370
0734.png,124,174,Smoke,1251,378,1375,552
1195.png,76,250,Smoke,1613,390,1689,640
1400.png,57,57,Smoke,1754,305,1811,362
0479.png,32,158,Smoke,962,387,994,545
1703.png,181,109,Smoke,1739,456,1920,565
1047.png,23,113,Smoke,1214,467,1237,580
1318.png,90,67,Smoke,815,490,905,557
0882.png,174,109,Smoke,1746,451,1920,560
1670.png,155,48,Smoke,1722,579,1877,627
1231.png,55,80,Smoke,546,424,601,504
0322.png,29,218,Smoke,1163,356,1192,574
0360.png,69,59,Smoke,1691,580,1760,639
0580.png,50,128,Smoke,1435,423,1485,551
1091.png,124,174,Smoke,1253,377,1377,551
0569.png,65,218,Smoke,1618,397,1683,615
0049.png,95,176,Smoke,812,381,907,557
1113.png,76,250,Smoke,1615,390,1691,640
0629.png,55,80,Smoke,546,424,601,504
0149.png,29,218,Smoke,1164,342,1193,560
1599.png,80,57,Smoke,1763,302,1843,359
0848.png,170,90,Smoke,567,466,737,556
0814.png,57,57,Smoke,1773,313,1830,370
1417.png,155,48,Smoke,1718,577,1873,625
0352.png,32,158,Smoke,962,387,994,545
1077.png,97,151,Smoke,814,393,911,544
0686.png,23,113,Smoke,1213,466,1236,579
0282.png,148,86,Smoke,1772,449,1920,535
0865.png,32,158,Smoke,963,386,995,544
1595.png,130,227,Smoke,1026,310,1156,537
1479.png,130,227,Smoke,1024,322,1154,549
1028.png,99,59,Smoke,1687,577,1786,636
0133.png,76,92,Smoke,1768,311,1844,403
0658.png,50,128,Smoke,1434,425,1484,553
1214.png,50,128,Smoke,1431,420,1481,548
1670.png,141,67,Smoke,1759,373,1900,440
0507.png,107,221,Smoke,1025,318,1132,539
1136.png,57,57,Smoke,1773,313,1830,370
0069.png,48,34,Smoke,559,483,607,517
1203.png,32,158,Smoke,963,376,995,534
1083.png,76,250,Smoke,1615,389,1691,639
0078.png,65,197,Smoke,1618,421,1683,618
0472.png,76,118,Smoke,1771,309,1847,427
1772.png,128,246,Smoke,1025,316,1153,562
1793.png,32,170,Smoke,966,388,998,558
0439.png,23,113,Smoke,1214,464,1237,577
0191.png,55,46,Smoke,552,484,607,530
1354.png,141,67,Smoke,1759,375,1900,442
0608.png,23,113,Smoke,1214,465,1237,578
0937.png,124,174,Smoke,1253,379,1377,553
1080.png,99,59,Smoke,1688,575,1787,634
0722.png,50,128,Smoke,1432,423,1482,551
0468.png,65,197,Smoke,1617,423,1682,620
1686.png,80,48,Smoke,414,514,494,562
1051.png,179,109,Smoke,1741,457,1920,566
0142.png,76,92,Smoke,1768,310,1844,402
0209.png,145,86,Smoke,1775,459,1920,545
1714.png,32,170,Smoke,966,380,998,550
1496.png,29,218,Smoke,1164,335,1193,553
0837.png,80,48,Smoke,414,514,494,562
0755.png,55,80,Smoke,546,424,601,504
0930.png,124,174,Smoke,1252,379,1376,553
1650.png,113,57,Smoke,628,495,741,552
0595.png,55,80,Smoke,546,424,601,504
1232.png,76,250,Smoke,1614,388,1690,638
0689.png,174,109,Smoke,1746,450,1920,559
0156.png,32,158,Smoke,962,387,994,545
0835.png,107,179,Smoke,815,368,922,547
0594.png,109,155,Smoke,809,395,918,550
0556.png,55,80,Smoke,546,424,601,504
0655.png,109,155,Smoke,810,394,919,549
0035.png,29,170,Smoke,1147,382,1176,552
1769.png,99,55,Smoke,642,498,741,553
0231.png,23,113,Smoke,1214,464,1237,577
1122.png,23,113,Smoke,1214,470,1237,583
0040.png,65,197,Smoke,1601,423,1666,620
0366.png,76,92,Smoke,1768,311,1844,403
1122.png,76,250,Smoke,1613,390,1689,640
1619.png,181,109,Smoke,1739,457,1920,566
0090.png,57,57,Smoke,1773,313,1830,370
0694.png,29,218,Smoke,1163,357,1192,575
1082.png,99,59,Smoke,1688,575,1787,634
0185.png,23,113,Smoke,1214,464,1237,577
0135.png,55,143,Smoke,445,386,500,529
0112.png,48,34,Smoke,559,483,607,517
1243.png,111,246,Smoke,1032,309,1143,555
1405.png,181,109,Smoke,1739,457,1920,566
0053.png,57,57,Smoke,1773,313,1830,370
1460.png,141,67,Smoke,1757,374,1898,441
1694.png,76,227,Smoke,1623,383,1699,610
0761.png,32,158,Smoke,963,388,995,546
1268.png,23,113,Smoke,1212,466,1235,579
0522.png,57,57,Smoke,1773,313,1830,370
1543.png,155,48,Smoke,1721,581,1876,629
1727.png,155,48,Smoke,1722,579,1877,627
1002.png,57,57,Smoke,1773,313,1830,370
0708.png,99,59,Smoke,1691,576,1790,635
1346.png,124,174,Smoke,1256,377,1380,551
0510.png,124,174,Smoke,1251,378,1375,552
0522.png,29,218,Smoke,1163,356,1192,574
0184.png,76,92,Smoke,1768,308,1844,400
0495.png,80,48,Smoke,416,515,496,563
0583.png,76,118,Smoke,1770,308,1846,426
1381.png,90,67,Smoke,815,489,905,556
0666.png,57,57,Smoke,1773,313,1830,370
0851.png,107,179,Smoke,815,369,922,548
1455.png,29,218,Smoke,1164,333,1193,551
0363.png,57,57,Smoke,1773,313,1830,370
1719.png,122,78,Smoke,812,473,934,551
1064.png,55,80,Smoke,546,424,601,504
1371.png,80,48,Smoke,414,514,494,562
0875.png,99,59,Smoke,1687,578,1786,637
1695.png,155,48,Smoke,1722,579,1877,627
0674.png,65,218,Smoke,1620,396,1685,614
0602.png,50,128,Smoke,1434,423,1484,551
1494.png,130,227,Smoke,1024,319,1154,546
1028.png,32,158,Smoke,962,381,994,539
0143.png,145,116,Smoke,1226,427,1371,543
0273.png,69,86,Smoke,670,444,739,530
0139.png,107,195,Smoke,1023,350,1130,545
1549.png,130,227,Smoke,1025,312,1155,539
1081.png,74,74,Smoke,1770,361,1844,435
1599.png,181,109,Smoke,1739,458,1920,567
1642.png,55,80,Smoke,546,424,601,504
1372.png,55,80,Smoke,546,424,601,504
1796.png,99,55,Smoke,642,499,741,554
1130.png,99,57,Smoke,1771,391,1870,448
0868.png,124,174,Smoke,1251,379,1375,553
0342.png,50,116,Smoke,1431,426,1481,542
0479.png,55,80,Smoke,546,424,601,504
0722.png,160,57,Smoke,580,501,740,558
1475.png,170,57,Smoke,563,502,733,559
0492.png,97,120,Smoke,646,423,743,543
0444.png,57,57,Smoke,1773,313,1830,370
1582.png,130,227,Smoke,1026,312,1156,539
0370.png,32,158,Smoke,962,387,994,545
1448.png,80,48,Smoke,414,514,494,562
1379.png,23,151,Smoke,1212,423,1235,574
0152.png,57,48,Smoke,1705,577,1762,625
0418.png,107,221,Smoke,1021,317,1128,538
0043.png,151,97,Smoke,1767,462,1918,559
1493.png,155,48,Smoke,1719,581,1874,629
1799.png,80,57,Smoke,1760,298,1840,355
0574.png,57,57,Smoke,1773,313,1830,370
0102.png,55,143,Smoke,446,386,501,529
0972.png,179,109,Smoke,1741,456,1920,565
0060.png,57,48,Smoke,1703,578,1760,626
1220.png,99,59,Smoke,1687,574,1786,633
0164.png,57,57,Smoke,1773,313,1830,370
0399.png,124,174,Smoke,1250,378,1374,552
0945.png,80,48,Smoke,414,514,494,562
1375.png,141,67,Smoke,1759,375,1900,442
1684.png,76,227,Smoke,1623,383,1699,610
1607.png,50,128,Smoke,1431,412,1481,540
1269.png,97,82,Smoke,815,459,912,541
1738.png,155,48,Smoke,1722,579,1877,627
1200.png,80,48,Smoke,414,514,494,562
1535.png,132,155,Smoke,1247,398,1379,553
0386.png,65,197,Smoke,1617,421,1682,618
1313.png,80,48,Smoke,414,514,494,562
0025.png,151,97,Smoke,1741,463,1892,560
0610.png,111,221,Smoke,1018,321,1129,542
0039.png,57,57,Smoke,1773,313,1830,370
0457.png,141,109,Smoke,1779,448,1920,557
0661.png,109,155,Smoke,810,394,919,549
1358.png,128,59,Smoke,1692,577,1820,636
1660.png,122,78,Smoke,811,476,933,554
0638.png,32,158,Smoke,963,389,995,547
1676.png,23,151,Smoke,1210,420,1233,571
1538.png,23,151,Smoke,1212,424,1235,575
0792.png,80,48,Smoke,414,514,494,562
0447.png,124,174,Smoke,1250,378,1374,552
0354.png,55,84,Smoke,450,460,505,544
0213.png,74,99,Smoke,666,431,740,530
0658.png,174,109,Smoke,1746,449,1920,558
0961.png,118,107,Smoke,620,447,738,554
0864.png,124,174,Smoke,1251,379,1375,553
0449.png,55,84,Smoke,450,460,505,544
0786.png,111,233,Smoke,1019,321,1130,554
0575.png,80,48,Smoke,415,515,495,563
1697.png,122,78,Smoke,812,473,934,551
1585.png,113,57,Smoke,628,498,741,555
0719.png,55,80,Smoke,546,424,601,504
1519.png,29,218,Smoke,1164,341,1193,559
1655.png,76,227,Smoke,1623,382,1699,609
1398.png,50,128,Smoke,1431,415,1481,543
0004.png,34,116,Smoke,1403,433,1437,549
0810.png,170,67,Smoke,567,490,737,557
0483.png,65,197,Smoke,1617,421,1682,618
0736.png,174,109,Smoke,1746,449,1920,558
0266.png,23,113,Smoke,1214,464,1237,577
1351.png,80,48,Smoke,414,514,494,562
0105.png,148,97,Smoke,1772,457,1920,554
1242.png,99,59,Smoke,1688,575,1787,634
0555.png,95,155,Smoke,824,394,919,549
1374.png,50,128,Smoke,1431,415,1481,543
0586.png,80,48,Smoke,415,515,495,563
0992.png,55,80,Smoke,546,424,601,504
1048.png,124,174,Smoke,1253,377,1377,551
1564.png,180,109,Smoke,1740,457,1920,566
0795.png,109,179,Smoke,813,367,922,546
0199.png,141,147,Smoke,1231,408,1372,555
1678.png,155,48,Smoke,1722,579,1877,627
1249.png,124,174,Smoke,1255,377,1379,551
1430.png,50,128,Smoke,1431,414,1481,542
0363.png,55,84,Smoke,450,460,505,544
1316.png,50,128,Smoke,1431,419,1481,547
1111.png,124,174,Smoke,1254,377,1378,551
1776.png,32,170,Smoke,966,388,998,558
1398.png,55,80,Smoke,546,424,601,504
1486.png,132,155,Smoke,1247,397,1379,552
0237.png,29,218,Smoke,1162,372,1191,590
0087.png,29,218,Smoke,1165,355,1194,573
0142.png,147,97,Smoke,1773,450,1920,547
0331.png,95,139,Smoke,822,409,917,548
0617.png,99,59,Smoke,1692,576,1791,635
0183.png,76,92,Smoke,1768,309,1844,401
1293.png,124,174,Smoke,1255,377,1379,551
1421.png,76,227,Smoke,1618,383,1694,610
0284.png,69,59,Smoke,1691,577,1760,636
0109.png,29,218,Smoke,1164,351,1193,569
0185.png,29,218,Smoke,1162,349,1191,567
0444.png,76,118,Smoke,1771,311,1847,429
0935.png,80,48,Smoke,414,514,494,562
0179.png,50,116,Smoke,1432,428,1482,544
0644.png,174,109,Smoke,1746,449,1920,558
1487.png,50,128,Smoke,1431,412,1481,540
0694.png,65,250,Smoke,1620,397,1685,647
1535.png,57,57,Smoke,1761,304,1818,361
1393.png,141,67,Smoke,1759,374,1900,441
0383.png,124,174,Smoke,1250,378,1374,552
0826.png,55,80,Smoke,546,424,601,504
1361.png,80,48,Smoke,414,514,494,562
0031.png,76,92,Smoke,1741,311,1817,403
0094.png,74,99,Smoke,666,442,740,541
1485.png,181,109,Smoke,1739,457,1920,566
0456.png,55,84,Smoke,450,460,505,544
0783.png,174,109,Smoke,1746,449,1920,558
0223.png,107,221,Smoke,1021,325,1128,546
0665.png,149,71,Smoke,589,486,738,557
0664.png,99,59,Smoke,1692,575,1791,634
0089.png,57,48,Smoke,1704,576,1761,624
1789.png,55,80,Smoke,546,424,601,504
0851.png,80,48,Smoke,414,514,494,562
1386.png,57,57,Smoke,1753,305,1810,362
0528.png,32,158,Smoke,962,386,994,544
0247.png,55,46,Smoke,552,484,607,530
0177.png,23,113,Smoke,1214,464,1237,577
1657.png,80,48,Smoke,414,514,494,562
1616.png,80,48,Smoke,414,514,494,562
1369.png,92,57,Smoke,1754,305,1846,362
1689.png,76,227,Smoke,1624,383,1700,610
0914.png,124,174,Smoke,1253,379,1377,553
1489.png,170,57,Smoke,563,500,733,557
0570.png,29,218,Smoke,1163,357,1192,575
1328.png,57,57,Smoke,1773,313,1830,370
0390.png,95,139,Smoke,821,409,916,548
1476.png,50,128,Smoke,1431,413,1481,541
0168.png,32,158,Smoke,962,387,994,545
0439.png,76,118,Smoke,1771,311,1847,429
0896.png,29,218,Smoke,1163,353,1192,571
1114.png,57,57,Smoke,1773,313,1830,370
0509.png,29,218,Smoke,1163,356,1192,574
1312.png,76,250,Smoke,1616,383,1692,633
0366.png,23,113,Smoke,1214,464,1237,577
0257.png,69,59,Smoke,1691,578,1760,637
0011.png,74,99,Smoke,628,447,702,546
1296.png,179,109,Smoke,1741,458,1920,567
0045.png,151,97,Smoke,1768,462,1919,559
0104.png,48,34,Smoke,559,483,607,517
0055.png,29,170,Smoke,1168,380,1197,550
0878.png,55,80,Smoke,546,424,601,504
1064.png,29,218,Smoke,1163,345,1192,563
0850.png,107,179,Smoke,815,369,922,548
1435.png,181,109,Smoke,1739,458,1920,567
0215.png,144,86,Smoke,1776,459,1920,545
1387.png,23,151,Smoke,1212,423,1235,574
0924.png,57,57,Smoke,1773,313,1830,370
1614.png,80,57,Smoke,1763,302,1843,359
0855.png,57,57,Smoke,1773,313,1830,370
1456.png,32,170,Smoke,962,373,994,543
0631.png,55,80,Smoke,546,424,601,504
0856.png,99,59,Smoke,1689,577,1788,636
0786.png,99,59,Smoke,1692,576,1791,635
1054.png,76,250,Smoke,1615,389,1691,639
0514.png,124,174,Smoke,1250,378,1374,552
0296.png,50,116,Smoke,1431,428,1481,544
1527.png,130,227,Smoke,1025,314,1155,541
0605.png,29,218,Smoke,1163,355,1192,573
0648.png,111,221,Smoke,1020,321,1131,542
0384.png,86,107,Smoke,654,432,740,539
0628.png,55,80,Smoke,546,424,601,504
0421.png,32,158,Smoke,962,387,994,545
0652.png,111,221,Smoke,1020,323,1131,544
1141.png,55,80,Smoke,546,424,601,504
1569.png,57,57,Smoke,1761,304,1818,361
1581.png,50,128,Smoke,1431,412,1481,540
0646.png,23,113,Smoke,1213,465,1236,578
0147.png,107,195,Smoke,1022,350,1129,545
0222.png,141,147,Smoke,1231,408,1372,555
0390.png,124,174,Smoke,1249,378,1373,552
0980.png,76,250,Smoke,1615,390,1691,640
1139.png,101,107,Smoke,635,446,736,553
0139.png,48,34,Smoke,559,483,607,517
0681.png,174,109,Smoke,1746,449,1920,558
1738.png,132,155,Smoke,1246,399,1378,554
0660.png,80,48,Smoke,414,514,494,562
1193.png,29,218,Smoke,1164,334,1193,552
0586.png,109,155,Smoke,809,395,918,550
1245.png,57,57,Smoke,1773,313,1830,370
1428.png,55,80,Smoke,546,424,601,504
0704.png,76,118,Smoke,1772,304,1848,422
0210.png,55,97,Smoke,450,445,505,542
1381.png,76,227,Smoke,1615,382,1691,609
0200.png,144,86,Smoke,1776,456,1920,542
0459.png,95,139,Smoke,822,399,917,538
1303.png,80,48,Smoke,414,514,494,562
0455.png,55,80,Smoke,546,424,601,504
1147.png,124,174,Smoke,1254,378,1378,552
0155.png,23,113,Smoke,1214,464,1237,577
0779.png,23,113,Smoke,1214,467,1237,580
0752.png,29,218,Smoke,1163,354,1192,572
0424.png,95,139,Smoke,821,406,916,545
0576.png,23,113,Smoke,1214,465,1237,578
0129.png,76,92,Smoke,1768,310,1844,402
1459.png,170,57,Smoke,565,489,735,546
1067.png,124,174,Smoke,1253,377,1377,551
1758.png,155,48,Smoke,1722,579,1877,627
1592.png,76,227,Smoke,1622,383,1698,610
1556.png,29,218,Smoke,1163,343,1192,561
1170.png,97,151,Smoke,817,393,914,544
1793.png,76,258,Smoke,1625,384,1701,642
1046.png,32,158,Smoke,962,381,994,539
1066.png,76,250,Smoke,1615,389,1691,639
0459.png,29,218,Smoke,1163,357,1192,575
0366.png,65,197,Smoke,1617,422,1682,619
1042.png,76,118,Smoke,1769,317,1845,435
0140.png,23,113,Smoke,1214,464,1237,577
0139.png,65,197,Smoke,1617,422,1682,619
0667.png,57,57,Smoke,1773,313,1830,370
0842.png,32,158,Smoke,963,386,995,544
0575.png,97,120,Smoke,647,426,744,546
1634.png,23,151,Smoke,1210,421,1233,572
0217.png,76,92,Smoke,1769,309,1845,401
0947.png,124,174,Smoke,1253,379,1377,553
0684.png,111,221,Smoke,1020,322,1131,543
0866.png,57,57,Smoke,1773,313,1830,370
0857.png,23,113,Smoke,1214,469,1237,582
0145.png,55,143,Smoke,445,385,500,528
0409.png,50,116,Smoke,1431,429,1481,545
1247.png,32,158,Smoke,963,376,995,534
1316.png,55,80,Smoke,546,424,601,504
1251.png,57,57,Smoke,1773,313,1830,370
0746.png,76,118,Smoke,1771,303,1847,421
0249.png,23,113,Smoke,1214,464,1237,577
0140.png,65,197,Smoke,1617,421,1682,618
1534.png,50,128,Smoke,1430,412,1480,540
0548.png,160,109,Smoke,1760,449,1920,558
1085.png,29,218,Smoke,1164,331,1193,549
1323.png,29,218,Smoke,1164,335,1193,553
0802.png,76,118,Smoke,1773,302,1849,420
1173.png,84,67,Smoke,1761,378,1845,445
0740.png,50,128,Smoke,1432,424,1482,552
1610.png,113,57,Smoke,630,497,743,554
1537.png,76,227,Smoke,1621,384,1697,611
0891.png,174,109,Smoke,1746,452,1920,561
1635.png,181,109,Smoke,1739,456,1920,565
1438.png,132,155,Smoke,1247,396,1379,551
0475.png,57,57,Smoke,1773,313,1830,370
0048.png,95,176,Smoke,811,380,906,556
0766.png,76,250,Smoke,1613,394,1689,644
0207.png,107,221,Smoke,1021,323,1128,544
0944.png,180,109,Smoke,1740,453,1920,562
1553.png,50,128,Smoke,1431,411,1481,539
0585.png,50,128,Smoke,1435,424,1485,552
0663.png,80,48,Smoke,414,514,494,562
0223.png,141,147,Smoke,1231,408,1372,555
0069.png,74,99,Smoke,663,445,737,544
1161.png,97,151,Smoke,816,393,913,544
1523.png,155,48,Smoke,1721,581,1876,629
1418.png,76,227,Smoke,1617,384,1693,611
0335.png,76,92,Smoke,1768,310,1844,402
1742.png,29,218,Smoke,1161,343,1190,561
0724.png,160,57,Smoke,581,502,741,559
0488.png,143,109,Smoke,1777,446,1920,555
0177.png,57,48,Smoke,1704,577,1761,625
1295.png,90,67,Smoke,815,492,905,559
1229.png,50,128,Smoke,1431,419,1481,547
0263.png,55,84,Smoke,450,460,505,544
1304.png,124,174,Smoke,1255,377,1379,551
1581.png,130,227,Smoke,1026,312,1156,539
1201.png,29,218,Smoke,1164,333,1193,551
1512.png,130,227,Smoke,1024,319,1154,546
1324.png,130,227,Smoke,1021,323,1151,550
1611.png,155,48,Smoke,1722,580,1877,628
0969.png,80,48,Smoke,414,514,494,562
0016.png,48,34,Smoke,559,483,607,517
0542.png,76,118,Smoke,1771,309,1847,427
1318.png,179,109,Smoke,1741,459,1920,568
1589.png,181,109,Smoke,1739,458,1920,567
0698.png,50,128,Smoke,1433,423,1483,551
0390.png,69,59,Smoke,1691,579,1760,638
1650.png,182,109,Smoke,1738,457,1920,566
0010.png,107,195,Smoke,992,354,1099,549
0776.png,111,233,Smoke,1019,321,1130,554
0911.png,124,174,Smoke,1252,379,1376,553
0283.png,124,174,Smoke,1250,379,1374,553
1547.png,55,80,Smoke,546,424,601,504
1345.png,130,227,Smoke,1022,325,1152,552
1431.png,132,155,Smoke,1247,396,1379,551
0604.png,76,118,Smoke,1770,308,1846,426
1542.png,55,80,Smoke,546,424,601,504
1673.png,50,128,Smoke,1431,412,1481,540
0451.png,55,80,Smoke,546,424,601,504
0537.png,161,109,Smoke,1759,449,1920,558
0061.png,29,170,Smoke,1169,375,1198,545
0912.png,57,57,Smoke,1773,313,1830,370
1691.png,76,227,Smoke,1623,382,1699,609
0898.png,107,179,Smoke,814,369,921,548
1744.png,23,151,Smoke,1214,417,1237,568
1209.png,23,113,Smoke,1213,470,1236,583
1170.png,99,59,Smoke,1688,574,1787,633
0719.png,160,57,Smoke,580,501,740,558
0546.png,160,109,Smoke,1760,449,1920,558
0746.png,124,174,Smoke,1251,379,1375,553
1546.png,55,80,Smoke,546,424,601,504
0356.png,95,139,Smoke,821,407,916,546
1610.png,80,57,Smoke,1762,302,1842,359
1404.png,141,67,Smoke,1758,374,1899,441
0951.png,23,113,Smoke,1214,468,1237,581
1202.png,55,80,Smoke,546,424,601,504
0319.png,29,218,Smoke,1163,356,1192,574
1663.png,29,218,Smoke,1161,338,1190,556
0278.png,95,176,Smoke,820,371,915,547
0014.png,151,97,Smoke,1741,462,1892,559
0119.png,95,176,Smoke,818,375,913,551
0447.png,29,218,Smoke,1163,355,1192,573
0187.png,95,176,Smoke,818,377,913,553
0700.png,23,113,Smoke,1213,467,1236,580
0376.png,76,92,Smoke,1767,310,1843,402
0276.png,65,197,Smoke,1617,423,1682,620
0904.png,111,233,Smoke,1024,318,1135,551
1792.png,141,67,Smoke,1761,370,1902,437
0273.png,69,59,Smoke,1691,578,1760,637
0487.png,97,120,Smoke,646,424,743,544
0116.png,57,57,Smoke,1773,313,1830,370
0820.png,50,128,Smoke,1431,426,1481,554
0643.png,29,218,Smoke,1163,357,1192,575
1110.png,99,57,Smoke,1771,391,1870,448
0677.png,23,113,Smoke,1213,465,1236,578
1026.png,179,109,Smoke,1741,458,1920,567
1232.png,124,174,Smoke,1255,377,1379,551
0367.png,65,197,Smoke,1617,422,1682,619
1185.png,97,151,Smoke,816,392,913,543
0973.png,179,109,Smoke,1741,456,1920,565
1359.png,57,57,Smoke,1773,313,1830,370
0094.png,50,116,Smoke,1433,433,1483,549
0015.png,95,176,Smoke,785,382,880,558
0003.png,107,195,Smoke,992,355,1099,550
1141.png,57,57,Smoke,1773,313,1830,370
0731.png,55,80,Smoke,546,424,601,504
1138.png,97,151,Smoke,814,390,911,541
1444.png,76,227,Smoke,1620,384,1696,611
0294.png,65,197,Smoke,1617,422,1682,619
0963.png,124,174,Smoke,1253,379,1377,553
1473.png,130,227,Smoke,1024,322,1154,549
0035.png,151,97,Smoke,1755,462,1906,559
0816.png,32,158,Smoke,963,386,995,544
1522.png,55,80,Smoke,546,424,601,504
0854.png,80,48,Smoke,414,514,494,562
1068.png,124,174,Smoke,1253,377,1377,551
1447.png,29,218,Smoke,1164,335,1193,553
0925.png,29,218,Smoke,1163,355,1192,573
1577.png,130,227,Smoke,1026,312,1156,539
0803.png,109,179,Smoke,815,367,924,546
1268.png,99,59,Smoke,1689,575,1788,634
1586.png,29,218,Smoke,1163,337,1192,555
1516.png,80,48,Smoke,414,514,494,562
0833.png,32,158,Smoke,963,386,995,544
0555.png,124,174,Smoke,1250,378,1374,552
0799.png,124,174,Smoke,1251,379,1375,553
1489.png,50,128,Smoke,1431,412,1481,540
0717.png,50,128,Smoke,1433,424,1483,552
1122.png,80,48,Smoke,414,514,494,562
1214.png,29,218,Smoke,1164,335,1193,553
0424.png,32,158,Smoke,962,387,994,545
1099.png,99,57,Smoke,1771,391,1870,448
1236.png,101,107,Smoke,635,446,736,553
1038.png,29,218,Smoke,1163,353,1192,571
1685.png,50,128,Smoke,1431,412,1481,540
1659.png,50,128,Smoke,1431,413,1481,541
0889.png,76,118,Smoke,1770,318,1846,436
0231.png,55,84,Smoke,450,459,505,543
1227.png,111,246,Smoke,1032,307,1143,553
0177.png,107,195,Smoke,1021,350,1128,545
0650.png,76,118,Smoke,1771,305,1847,423
0166.png,55,143,Smoke,445,385,500,528
1256.png,101,107,Smoke,635,446,736,553
0151.png,32,158,Smoke,962,387,994,545
0649.png,23,113,Smoke,1213,465,1236,578
0703.png,50,128,Smoke,1433,424,1483,552
0594.png,124,174,Smoke,1251,377,1375,551
0241.png,55,46,Smoke,552,484,607,530
0180.png,76,92,Smoke,1768,309,1844,401
1407.png,181,109,Smoke,1739,457,1920,566
0865.png,76,118,Smoke,1770,317,1846,435
0669.png,29,218,Smoke,1163,358,1192,576
0034.png,32,158,Smoke,938,388,970,546
0934.png,111,233,Smoke,1027,317,1138,550
0396.png,107,221,Smoke,1022,317,1129,538
0619.png,109,155,Smoke,810,395,919,550
1753.png,80,48,Smoke,414,514,494,562
1715.png,141,67,Smoke,1761,372,1902,439
1631.png,155,48,Smoke,1722,579,1877,627
0801.png,57,57,Smoke,1773,313,1830,370
0402.png,107,221,Smoke,1021,318,1128,539
1256.png,80,48,Smoke,414,514,494,562
1681.png,50,128,Smoke,1431,412,1481,540
0870.png,124,174,Smoke,1252,379,1376,553
0264.png,50,116,Smoke,1431,428,1481,544
1204.png,32,158,Smoke,963,376,995,534
0695.png,57,57,Smoke,1773,313,1830,370
0715.png,55,80,Smoke,546,424,601,504
1243.png,182,109,Smoke,1738,457,1920,566
1482.png,155,48,Smoke,1719,580,1874,628
0503.png,107,221,Smoke,1025,318,1132,539
0576.png,29,218,Smoke,1163,355,1192,573
1250.png,111,246,Smoke,1032,308,1143,554
0299.png,69,86,Smoke,670,438,739,524
1034.png,50,128,Smoke,1431,421,1481,549
1040.png,55,80,Smoke,546,424,601,504
1007.png,179,109,Smoke,1741,456,1920,565
0830.png,99,59,Smoke,1689,577,1788,636
0761.png,55,80,Smoke,546,424,601,504
1128.png,23,113,Smoke,1214,470,1237,583
0218.png,29,218,Smoke,1162,368,1191,586
1383.png,90,67,Smoke,815,489,905,556
0401.png,69,59,Smoke,1690,578,1759,637
1033.png,50,128,Smoke,1431,422,1481,550
0092.png,57,48,Smoke,1704,577,1761,625
0356.png,124,174,Smoke,1251,378,1375,552
0999.png,86,160,Smoke,813,387,899,547
1220.png,97,151,Smoke,816,394,913,545
1662.png,76,227,Smoke,1623,382,1699,609
0654.png,76,118,Smoke,1771,305,1847,423
0850.png,80,48,Smoke,414,514,494,562
1419.png,132,155,Smoke,1248,395,1380,550
0745.png,160,57,Smoke,580,500,740,557
0307.png,55,84,Smoke,450,460,505,544
0615.png,97,120,Smoke,647,430,744,550
1717.png,122,78,Smoke,812,473,934,551
0831.png,170,67,Smoke,567,490,737,557
1697.png,32,170,Smoke,966,382,998,552
0620.png,29,218,Smoke,1163,357,1192,575
1782.png,80,48,Smoke,414,514,494,562
0038.png,57,57,Smoke,1773,313,1830,370
0537.png,95,155,Smoke,824,394,919,549
1161.png,55,80,Smoke,546,424,601,504
0744.png,50,128,Smoke,1432,424,1482,552
0700.png,32,158,Smoke,963,388,995,546
1142.png,80,48,Smoke,414,514,494,562
1781.png,29,218,Smoke,1161,339,1190,557
0795.png,32,158,Smoke,963,388,995,546
1286.png,101,107,Smoke,635,446,736,553
1075.png,99,59,Smoke,1688,575,1787,634
0369.png,57,57,Smoke,1773,313,1830,370
0197.png,32,158,Smoke,962,387,994,545
0576.png,163,109,Smoke,1757,455,1920,564
0665.png,124,174,Smoke,1251,378,1375,552
0488.png,23,113,Smoke,1214,464,1237,577
0713.png,80,48,Smoke,414,514,494,562
1397.png,29,218,Smoke,1164,335,1193,553
1228.png,97,151,Smoke,816,394,913,545
1262.png,50,128,Smoke,1431,418,1481,546
0824.png,174,109,Smoke,1746,450,1920,559
0951.png,80,48,Smoke,414,514,494,562
1363.png,101,107,Smoke,635,446,736,553
1493.png,76,227,Smoke,1621,384,1697,611
1211.png,99,59,Smoke,1687,574,1786,633
0220.png,76,92,Smoke,1769,309,1845,401
1318.png,80,48,Smoke,414,514,494,562
0868.png,57,57,Smoke,1773,313,1830,370
0389.png,95,139,Smoke,821,409,916,548
1440.png,57,57,Smoke,1755,305,1812,362
0647.png,23,113,Smoke,1213,465,1236,578
1282.png,57,57,Smoke,1773,313,1830,370
0084.png,23,113,Smoke,1214,464,1237,577
0063.png,57,57,Smoke,1773,313,1830,370
1788.png,32,170,Smoke,966,388,998,558
1687.png,155,48,Smoke,1722,579,1877,627
1125.png,101,107,Smoke,635,446,736,553
0114.png,23,113,Smoke,1214,464,1237,577
0751.png,32,158,Smoke,963,388,995,546
1571.png,29,218,Smoke,1163,341,1192,559
0651.png,29,218,Smoke,1163,358,1192,576
0711.png,32,158,Smoke,963,388,995,546
0228.png,50,116,Smoke,1431,426,1481,542
0315.png,23,113,Smoke,1214,464,1237,577
0934.png,32,158,Smoke,962,381,994,539
0889.png,111,233,Smoke,1022,316,1133,549
1137.png,101,107,Smoke,635,446,736,553
0959.png,179,109,Smoke,1741,457,1920,566
1699.png,50,128,Smoke,1431,412,1481,540
1796.png,55,80,Smoke,546,424,601,504
1560.png,155,48,Smoke,1721,582,1876,630
1099.png,23,113,Smoke,1214,470,1237,583
0420.png,65,197,Smoke,1617,422,1682,619
0387.png,50,116,Smoke,1431,428,1481,544
0431.png,65,197,Smoke,1617,422,1682,619
0487.png,95,155,Smoke,822,395,917,550
1748.png,32,170,Smoke,966,382,998,552
1394.png,76,227,Smoke,1616,381,1692,608
0614.png,97,120,Smoke,647,430,744,550
0900.png,107,179,Smoke,814,369,921,548
1642.png,76,227,Smoke,1623,382,1699,609
0541.png,32,158,Smoke,962,389,994,547
0600.png,97,120,Smoke,647,430,744,550
0453.png,50,116,Smoke,1431,428,1481,544
0355.png,55,84,Smoke,450,460,505,544
0520.png,107,221,Smoke,1024,321,1131,542
0975.png,99,59,Smoke,1688,577,1787,636
1396.png,55,80,Smoke,546,424,601,504
0032.png,55,143,Smoke,422,396,477,539
1740.png,50,128,Smoke,1431,412,1481,540
0093.png,65,197,Smoke,1618,422,1683,619
1676.png,80,57,Smoke,1759,301,1839,358
0892.png,76,118,Smoke,1770,317,1846,435
1111.png,55,80,Smoke,546,424,601,504
0215.png,29,218,Smoke,1162,367,1191,585
1227.png,99,59,Smoke,1687,574,1786,633
0421.png,29,218,Smoke,1163,357,1192,575
1534.png,57,57,Smoke,1761,304,1818,361
1384.png,29,218,Smoke,1164,337,1193,555
1425.png,76,227,Smoke,1619,383,1695,610
1152.png,84,67,Smoke,1762,378,1846,445
0864.png,99,59,Smoke,1689,577,1788,636
0785.png,170,67,Smoke,569,490,739,557
0074.png,48,34,Smoke,559,483,607,517
1137.png,32,158,Smoke,963,376,995,534
1110.png,50,128,Smoke,1431,421,1481,549
1272.png,179,109,Smoke,1741,458,1920,567
0503.png,29,218,Smoke,1163,358,1192,576
0030.png,57,48,Smoke,1676,579,1733,627
0129.png,145,116,Smoke,1226,427,1371,543
1671.png,132,155,Smoke,1246,397,1378,552
0836.png,50,128,Smoke,1431,426,1481,554
0633.png,57,57,Smoke,1773,313,1830,370
0612.png,65,218,Smoke,1620,397,1685,615
1597.png,155,48,Smoke,1722,581,1877,629
0474.png,55,80,Smoke,546,424,601,504
1111.png,111,246,Smoke,1031,307,1142,553
0865.png,76,250,Smoke,1615,392,1691,642
0501.png,124,174,Smoke,1251,378,1375,552
0740.png,111,221,Smoke,1019,321,1130,542
0806.png,170,67,Smoke,567,490,737,557
0874.png,143,71,Smoke,594,483,737,554
0866.png,50,128,Smoke,1431,424,1481,552
1131.png,23,113,Smoke,1215,470,1238,583
1460.png,57,57,Smoke,1758,305,1815,362
0176.png,50,116,Smoke,1433,428,1483,544
0099.png,57,48,Smoke,1704,577,1761,625
1366.png,76,227,Smoke,1615,382,1691,609
0312.png,107,221,Smoke,1021,321,1128,542
1551.png,57,57,Smoke,1761,304,1818,361
0513.png,69,59,Smoke,1688,577,1757,636
0939.png,55,80,Smoke,546,424,601,504
1197.png,50,128,Smoke,1431,420,1481,548
1008.png,179,109,Smoke,1741,457,1920,566
0438.png,57,57,Smoke,1773,313,1830,370
1792.png,99,55,Smoke,642,499,741,554
0421.png,55,80,Smoke,547,420,602,500
1568.png,180,109,Smoke,1740,457,1920,566
1174.png,99,59,Smoke,1688,573,1787,632
0110.png,65,197,Smoke,1618,421,1683,618
1232.png,97,151,Smoke,816,394,913,545
1024.png,29,218,Smoke,1163,353,1192,571
1736.png,76,258,Smoke,1624,382,1700,640
0014.png,76,92,Smoke,1733,310,1809,402
0622.png,80,48,Smoke,414,514,494,562
1677.png,23,151,Smoke,1210,420,1233,571
0004.png,32,158,Smoke,928,387,960,545
1280.png,55,80,Smoke,546,424,601,504
0454.png,55,80,Smoke,546,424,601,504
0248.png,69,59,Smoke,1691,577,1760,636
0773.png,29,218,Smoke,1163,355,1192,573
0910.png,32,158,Smoke,963,380,995,538
1582.png,111,76,Smoke,815,477,926,553
0289.png,23,113,Smoke,1214,464,1237,577
0800.png,124,174,Smoke,1252,379,1376,553
1416.png,101,107,Smoke,635,446,736,553
0480.png,23,113,Smoke,1214,464,1237,577
0796.png,124,174,Smoke,1251,379,1375,553
1527.png,50,128,Smoke,1430,412,1480,540
1247.png,29,218,Smoke,1164,339,1193,557
0283.png,148,86,Smoke,1772,449,1920,535
1184.png,84,67,Smoke,1761,377,1845,444
1338.png,101,107,Smoke,635,446,736,553
1010.png,76,118,Smoke,1769,317,1845,435
1003.png,76,250,Smoke,1615,390,1691,640
0090.png,107,195,Smoke,1023,357,1130,552
1423.png,80,48,Smoke,414,514,494,562
1123.png,101,107,Smoke,635,446,736,553
0088.png,95,176,Smoke,818,374,913,550
1127.png,111,246,Smoke,1030,307,1141,553
1637.png,155,48,Smoke,1722,579,1877,627
1545.png,80,48,Smoke,414,514,494,562
1489.png,55,80,Smoke,546,424,601,504
0796.png,109,179,Smoke,814,367,923,546
0764.png,160,57,Smoke,580,501,740,558
1500.png,76,227,Smoke,1622,384,1698,611
1384.png,76,227,Smoke,1615,383,1691,610
0248.png,76,92,Smoke,1768,309,1844,401
1549.png,50,128,Smoke,1431,412,1481,540
1437.png,55,80,Smoke,546,424,601,504
1707.png,132,155,Smoke,1246,397,1378,552
0834.png,55,80,Smoke,546,424,601,504
0418.png,29,218,Smoke,1163,357,1192,575
0926.png,55,80,Smoke,546,424,601,504
0484.png,76,118,Smoke,1771,309,1847,427
0251.png,95,176,Smoke,819,372,914,548
1360.png,179,109,Smoke,1741,459,1920,568
0341.png,76,92,Smoke,1768,310,1844,402
1500.png,50,128,Smoke,1431,412,1481,540
0843.png,57,57,Smoke,1773,313,1830,370
0370.png,29,218,Smoke,1163,357,1192,575
1788.png,180,109,Smoke,1740,458,1920,567
0285.png,107,221,Smoke,1021,322,1128,543
0734.png,57,57,Smoke,1773,313,1830,370
0867.png,99,59,Smoke,1689,577,1788,636
1100.png,57,57,Smoke,1773,313,1830,370
1662.png,55,80,Smoke,546,424,601,504
0294.png,69,59,Smoke,1689,577,1758,636
0499.png,57,57,Smoke,1773,313,1830,370
1575.png,113,57,Smoke,625,496,738,553
1205.png,32,158,Smoke,963,376,995,534
1744.png,155,48,Smoke,1723,580,1878,628
1583.png,32,170,Smoke,963,371,995,541
0602.png,32,158,Smoke,962,389,994,547
0930.png,57,57,Smoke,1773,313,1830,370
1445.png,101,107,Smoke,635,446,736,553
1191.png,179,109,Smoke,1741,457,1920,566
1704.png,55,80,Smoke,546,424,601,504
1373.png,32,170,Smoke,962,373,994,543
1160.png,29,218,Smoke,1164,333,1193,551
0677.png,50,128,Smoke,1434,423,1484,551
0366.png,124,174,Smoke,1251,378,1375,552
1417.png,141,67,Smoke,1759,374,1900,441
0280.png,65,197,Smoke,1616,423,1681,620
0927.png,80,48,Smoke,414,514,494,562
0969.png,124,174,Smoke,1253,379,1377,553
0906.png,76,118,Smoke,1770,317,1846,435
0472.png,69,59,Smoke,1689,578,1758,637
1330.png,90,67,Smoke,815,490,905,557
0892.png,55,80,Smoke,546,424,601,504
0226.png,69,86,Smoke,669,445,738,531
1031.png,55,80,Smoke,546,424,601,504
0703.png,57,57,Smoke,1773,313,1830,370
0185.png,50,116,Smoke,1433,426,1483,542
0043.png,145,116,Smoke,1214,427,1359,543
1285.png,76,250,Smoke,1616,386,1692,636
1275.png,130,227,Smoke,1016,327,1146,554
0879.png,55,80,Smoke,546,424,601,504
0768.png,32,158,Smoke,963,388,995,546
0735.png,23,113,Smoke,1213,467,1236,580
0425.png,65,197,Smoke,1617,422,1682,619
1406.png,155,48,Smoke,1718,577,1873,625
0350.png,124,174,Smoke,1251,378,1375,552
0379.png,124,174,Smoke,1250,378,1374,552
0285.png,69,59,Smoke,1691,577,1760,636
1388.png,80,48,Smoke,414,514,494,562
0585.png,57,57,Smoke,1773,313,1830,370
0096.png,23,113,Smoke,1214,464,1237,577
1433.png,90,67,Smoke,816,488,906,555
1448.png,155,48,Smoke,1717,579,1872,627
1596.png,132,155,Smoke,1246,397,1378,552
0516.png,29,218,Smoke,1163,356,1192,574
1228.png,84,67,Smoke,1760,376,1844,443
0861.png,99,59,Smoke,1689,577,1788,636
0243.png,95,176,Smoke,819,372,914,548
0178.png,107,195,Smoke,1021,350,1128,545
0033.png,95,176,Smoke,794,381,889,557
0894.png,50,128,Smoke,1431,424,1481,552
1680.png,132,155,Smoke,1247,397,1379,552
0048.png,55,143,Smoke,439,390,494,533
0606.png,50,128,Smoke,1434,423,1484,551
0567.png,99,59,Smoke,1692,576,1791,635
0118.png,145,116,Smoke,1226,427,1371,543
0957.png,76,250,Smoke,1613,389,1689,639
0937.png,99,59,Smoke,1688,578,1787,637
0397.png,86,107,Smoke,656,431,742,538
0007.png,65,197,Smoke,1583,422,1648,619
1394.png,124,174,Smoke,1256,377,1380,551
1265.png,101,107,Smoke,635,446,736,553
1041.png,55,80,Smoke,546,424,601,504
1555.png,76,227,Smoke,1621,384,1697,611
1563.png,111,76,Smoke,814,478,925,554
0724.png,23,113,Smoke,1213,467,1236,580
1325.png,90,67,Smoke,815,490,905,557
1385.png,80,48,Smoke,414,514,494,562
1740.png,122,78,Smoke,814,474,936,552
0782.png,124,174,Smoke,1251,379,1375,553
0270.png,55,84,Smoke,450,460,505,544
1152.png,179,109,Smoke,1741,457,1920,566
0002.png,57,48,Smoke,1670,578,1727,626
0237.png,55,46,Smoke,552,484,607,530
0608.png,76,118,Smoke,1771,308,1847,426
1608.png,80,57,Smoke,1763,302,1843,359
0952.png,80,48,Smoke,414,514,494,562
0254.png,76,92,Smoke,1768,309,1844,401
0157.png,107,195,Smoke,1022,350,1129,545
0417.png,65,197,Smoke,1617,422,1682,619
0825.png,23,113,Smoke,1214,469,1237,582
0142.png,57,57,Smoke,1773,313,1830,370
0789.png,170,67,Smoke,569,490,739,557
0637.png,76,118,Smoke,1771,305,1847,423
1430.png,32,170,Smoke,962,371,994,541
1573.png,130,227,Smoke,1025,311,1155,538
1526.png,132,155,Smoke,1247,398,1379,553
1110.png,76,250,Smoke,1615,390,1691,640
0730.png,55,80,Smoke,546,424,601,504
1261.png,50,128,Smoke,1431,417,1481,545
0532.png,80,48,Smoke,415,514,495,562
0396.png,32,158,Smoke,962,387,994,545
1658.png,141,67,Smoke,1759,373,1900,440
1400.png,130,227,Smoke,1023,323,1153,550
0109.png,148,97,Smoke,1772,456,1920,553
0734.png,80,48,Smoke,414,514,494,562
1750.png,29,218,Smoke,1161,343,1190,561
0469.png,50,116,Smoke,1431,428,1481,544
0592.png,109,155,Smoke,809,395,918,550
1739.png,23,151,Smoke,1212,417,1235,568
0743.png,76,250,Smoke,1610,394,1686,644
0471.png,23,113,Smoke,1214,464,1237,577
0001.png,95,176,Smoke,784,380,879,556
0391.png,143,113,Smoke,1777,441,1920,554
0135.png,74,99,Smoke,666,438,740,537
0842.png,99,59,Smoke,1690,577,1789,636
0559.png,95,155,Smoke,824,394,919,549
0624.png,111,221,Smoke,1020,323,1131,544
1003.png,76,118,Smoke,1769,317,1845,435
1093.png,74,74,Smoke,1771,361,1845,435
1247.png,55,80,Smoke,546,424,601,504
1410.png,57,57,Smoke,1754,305,1811,362
1729.png,76,258,Smoke,1624,381,1700,639
1293.png,179,109,Smoke,1741,458,1920,567
1465.png,32,170,Smoke,962,373,994,543
1510.png,32,170,Smoke,962,375,994,545
0521.png,55,80,Smoke,546,424,601,504
1432.png,55,80,Smoke,546,424,601,504
1497.png,155,48,Smoke,1719,581,1874,629
1349.png,130,227,Smoke,1022,325,1152,552
1196.png,99,59,Smoke,1687,573,1786,632
0621.png,97,120,Smoke,647,430,744,550
0566.png,163,109,Smoke,1757,450,1920,559
1185.png,80,48,Smoke,414,514,494,562
1227.png,80,48,Smoke,414,514,494,562
1630.png,55,80,Smoke,546,424,601,504
0646.png,124,174,Smoke,1251,378,1375,552
0308.png,29,218,Smoke,1163,356,1192,574
1486.png,76,227,Smoke,1620,384,1696,611
0001.png,29,170,Smoke,1136,380,1165,550
0812.png,32,158,Smoke,963,386,995,544
1186.png,32,158,Smoke,963,376,995,534
0506.png,76,118,Smoke,1771,309,1847,427
1210.png,111,246,Smoke,1032,306,1143,552
1297.png,76,250,Smoke,1617,385,1693,635
1718.png,80,57,Smoke,1758,299,1838,356
1378.png,50,128,Smoke,1431,415,1481,543
0789.png,174,109,Smoke,1746,449,1920,558
1768.png,182,109,Smoke,1738,457,1920,566
0160.png,145,116,Smoke,1226,427,1371,543
1354.png,57,57,Smoke,1773,313,1830,370
0043.png,65,197,Smoke,1605,422,1670,619
1311.png,55,80,Smoke,546,424,601,504
0857.png,29,218,Smoke,1163,355,1192,573
1010.png,111,233,Smoke,1028,313,1139,546
0679.png,65,250,Smoke,1620,396,1685,646
0558.png,97,120,Smoke,647,425,744,545
1268.png,32,158,Smoke,963,376,995,534
0969.png,57,57,Smoke,1773,313,1830,370
0775.png,76,250,Smoke,1613,394,1689,644
0718.png,23,113,Smoke,1213,467,1236,580
1518.png,32,170,Smoke,962,375,994,545
0465.png,57,57,Smoke,1773,313,1830,370
1331.png,101,107,Smoke,635,446,736,553
1102.png,50,128,Smoke,1431,423,1481,551
1310.png,84,67,Smoke,1760,375,1844,442
0656.png,80,48,Smoke,414,514,494,562
1301.png,29,218,Smoke,1164,335,1193,553
0530.png,160,109,Smoke,1760,448,1920,557
1441.png,103,55,Smoke,815,498,918,553
1671.png,50,128,Smoke,1431,412,1481,540
0710.png,65,250,Smoke,1623,394,1688,644
1407.png,141,67,Smoke,1759,374,1900,441
0862.png,29,218,Smoke,1163,355,1192,573
0076.png,74,99,Smoke,663,444,737,543
1608.png,32,170,Smoke,965,372,997,542
0070.png,57,57,Smoke,1773,313,1830,370
0159.png,23,113,Smoke,1214,464,1237,577
1079.png,97,151,Smoke,814,393,911,544
1616.png,29,218,Smoke,1162,337,1191,555
0053.png,32,158,Smoke,958,388,990,546
1294.png,130,227,Smoke,1017,328,1147,555
0205.png,32,158,Smoke,962,387,994,545
0262.png,76,92,Smoke,1768,309,1844,401
0362.png,29,218,Smoke,1163,357,1192,575
1425.png,80,48,Smoke,414,514,494,562
0897.png,23,113,Smoke,1214,467,1237,580
1644.png,182,109,Smoke,1738,457,1920,566
1655.png,29,218,Smoke,1161,338,1190,556
0081.png,149,97,Smoke,1771,455,1920,552
1628.png,113,57,Smoke,629,496,742,553
0428.png,50,116,Smoke,1431,427,1481,543
1513.png,80,48,Smoke,414,514,494,562
0848.png,76,118,Smoke,1771,317,1847,435
0737.png,55,80,Smoke,546,424,601,504
1176.png,32,158,Smoke,963,376,995,534
0288.png,69,59,Smoke,1690,577,1759,636
0365.png,65,197,Smoke,1617,422,1682,619
0829.png,50,128,Smoke,1431,426,1481,554
0128.png,32,158,Smoke,962,387,994,545
1714.png,128,246,Smoke,1022,315,1150,561
0954.png,99,59,Smoke,1689,577,1788,636
0666.png,29,218,Smoke,1163,358,1192,576
0976.png,124,174,Smoke,1253,379,1377,553
1485.png,80,48,Smoke,414,514,494,562
1346.png,29,218,Smoke,1164,333,1193,551
0626.png,76,118,Smoke,1771,307,1847,425
0099.png,23,113,Smoke,1214,464,1237,577
0516.png,97,120,Smoke,646,423,743,543
0491.png,107,221,Smoke,1024,318,1131,539
1184.png,57,57,Smoke,1773,313,1830,370
0143.png,107,195,Smoke,1022,350,1129,545
1699.png,132,155,Smoke,1246,397,1378,552
0944.png,23,113,Smoke,1214,467,1237,580
1266.png,76,250,Smoke,1614,387,1690,637
0956.png,101,160,Smoke,812,383,913,543
0419.png,57,57,Smoke,1773,313,1830,370
0777.png,76,250,Smoke,1614,394,1690,644
1628.png,180,109,Smoke,1740,458,1920,567
1727.png,181,109,Smoke,1739,456,1920,565
0923.png,101,160,Smoke,813,385,914,545
1250.png,101,107,Smoke,635,446,736,553
0031.png,151,97,Smoke,1749,462,1900,559
1347.png,57,57,Smoke,1773,313,1830,370
0013.png,74,99,Smoke,629,446,703,545
0468.png,57,57,Smoke,1773,313,1830,370
0438.png,65,197,Smoke,1617,422,1682,619
1376.png,55,80,Smoke,546,424,601,504
0811.png,124,174,Smoke,1251,379,1375,553
0145.png,145,116,Smoke,1226,427,1371,543
1633.png,80,57,Smoke,1762,303,1842,360
0288.png,95,176,Smoke,821,373,916,549
0116.png,150,97,Smoke,1770,455,1920,552
0665.png,80,48,Smoke,414,515,494,563
1360.png,124,174,Smoke,1256,377,1380,551
1253.png,29,218,Smoke,1164,335,1193,553
1733.png,99,55,Smoke,642,498,741,553
1164.png,23,113,Smoke,1213,471,1236,584
1619.png,130,227,Smoke,1026,312,1156,539
0852.png,29,218,Smoke,1163,355,1192,573
1007.png,101,107,Smoke,636,447,737,554
1133.png,97,151,Smoke,814,393,911,544
0575.png,65,218,Smoke,1618,397,1683,615
0250.png,141,86,Smoke,1779,457,1920,543
1363.png,32,170,Smoke,962,375,994,545
0136.png,23,113,Smoke,1214,464,1237,577
1344.png,90,67,Smoke,816,490,906,557
0284.png,124,174,Smoke,1250,379,1374,553
0191.png,65,197,Smoke,1617,420,1682,617
0315.png,29,218,Smoke,1163,356,1192,574
0242.png,107,221,Smoke,1021,322,1128,543
1666.png,76,227,Smoke,1624,382,1700,609
0698.png,109,155,Smoke,811,392,920,547
1412.png,80,48,Smoke,414,514,494,562
0844.png,29,218,Smoke,1163,355,1192,573
0588.png,32,158,Smoke,962,389,994,547
0168.png,57,48,Smoke,1704,577,1761,625
1613.png,141,67,Smoke,1759,377,1900,444
0890.png,29,218,Smoke,1163,354,1192,572
1616.png,80,57,Smoke,1763,302,1843,359
1441.png,57,57,Smoke,1758,304,1815,361
0952.png,57,57,Smoke,1773,313,1830,370
0198.png,32,158,Smoke,962,387,994,545
0990.png,111,233,Smoke,1026,315,1137,548
1240.png,99,59,Smoke,1688,574,1787,633
0025.png,65,197,Smoke,1584,422,1649,619
1690.png,29,218,Smoke,1161,334,1190,552
1409.png,29,218,Smoke,1164,335,1193,553
1123.png,179,109,Smoke,1741,457,1920,566
1745.png,99,55,Smoke,642,498,741,553
1066.png,179,109,Smoke,1741,457,1920,566
1108.png,99,59,Smoke,1689,575,1788,634
0176.png,74,99,Smoke,666,432,740,531
1240.png,50,128,Smoke,1431,419,1481,547
1007.png,80,48,Smoke,414,514,494,562
1579.png,132,155,Smoke,1246,396,1378,551
1739.png,155,48,Smoke,1722,579,1877,627
1416.png,57,57,Smoke,1755,305,1812,362
0923.png,124,174,Smoke,1252,379,1376,553
0453.png,29,218,Smoke,1163,355,1192,573
0208.png,50,116,Smoke,1432,426,1482,542
0782.png,80,48,Smoke,414,514,494,562
1119.png,111,246,Smoke,1032,305,1143,551
1044.png,76,118,Smoke,1769,317,1845,435
1432.png,155,48,Smoke,1716,577,1871,625
0346.png,65,197,Smoke,1617,423,1682,620
0586.png,124,174,Smoke,1251,378,1375,552
0934.png,29,218,Smoke,1163,355,1192,573
0002.png,95,176,Smoke,784,380,879,556
1610.png,80,48,Smoke,414,514,494,562
0723.png,160,57,Smoke,580,501,740,558
0338.png,65,197,Smoke,1617,423,1682,620
0322.png,23,113,Smoke,1214,464,1237,577
0977.png,50,128,Smoke,1431,424,1481,552
0641.png,109,155,Smoke,809,394,918,549
1332.png,55,80,Smoke,546,424,601,504
1075.png,29,218,Smoke,1162,349,1191,567
0658.png,23,113,Smoke,1213,465,1236,578
1126.png,57,57,Smoke,1773,313,1830,370
1637.png,113,57,Smoke,629,495,742,552
0102.png,57,48,Smoke,1704,577,1761,625
0122.png,23,113,Smoke,1214,464,1237,577
1665.png,155,48,Smoke,1722,579,1877,627
1766.png,23,151,Smoke,1215,416,1238,567
0094.png,57,48,Smoke,1704,576,1761,624
1302.png,76,250,Smoke,1618,385,1694,635
0760.png,50,128,Smoke,1431,424,1481,552
0734.png,160,57,Smoke,580,501,740,558
0914.png,76,250,Smoke,1612,390,1688,640
1178.png,50,128,Smoke,1431,420,1481,548
0525.png,80,48,Smoke,415,514,495,562
0332.png,76,92,Smoke,1768,310,1844,402
1677.png,50,128,Smoke,1431,412,1481,540
1087.png,29,218,Smoke,1164,331,1193,549
1563.png,181,109,Smoke,1739,457,1920,566
0631.png,124,174,Smoke,1251,377,1375,551
0270.png,95,176,Smoke,820,371,915,547
0296.png,69,86,Smoke,670,439,739,525
0328.png,55,84,Smoke,450,460,505,544
0396.png,124,174,Smoke,1250,378,1374,552
0325.png,107,221,Smoke,1020,321,1127,542
0456.png,95,139,Smoke,821,400,916,539
0513.png,29,218,Smoke,1163,355,1192,573
0596.png,23,113,Smoke,1214,465,1237,578
1670.png,113,57,Smoke,629,495,742,552
0992.png,80,48,Smoke,414,514,494,562
0228.png,29,218,Smoke,1162,368,1191,586
0492.png,107,221,Smoke,1024,317,1131,538
0458.png,32,158,Smoke,962,387,994,545
0438.png,124,174,Smoke,1250,378,1374,552
0802.png,32,158,Smoke,963,386,995,544
0595.png,65,218,Smoke,1620,398,1685,616
1301.png,23,113,Smoke,1212,466,1235,579
1791.png,80,57,Smoke,1760,298,1840,355
0794.png,99,59,Smoke,1691,576,1790,635
0761.png,50,128,Smoke,1431,424,1481,552
0086.png,76,92,Smoke,1768,309,1844,401
0993.png,101,107,Smoke,636,448,737,555
1157.png,57,57,Smoke,1773,313,1830,370
0411.png,95,139,Smoke,822,407,917,546
1609.png,113,57,Smoke,630,497,743,554
0121.png,57,57,Smoke,1773,313,1830,370
0515.png,76,118,Smoke,1772,309,1848,427
1332.png,50,128,Smoke,1431,418,1481,546
0524.png,76,118,Smoke,1772,309,1848,427
1229.png,97,151,Smoke,816,393,913,544
1685.png,99,55,Smoke,642,498,741,553
1788.png,80,48,Smoke,414,514,494,562
0443.png,86,107,Smoke,656,430,742,537
1722.png,155,48,Smoke,1722,579,1877,627
0827.png,111,233,Smoke,1019,321,1130,554
0352.png,124,174,Smoke,1251,378,1375,552
0212.png,55,84,Smoke,450,458,505,542
1362.png,124,174,Smoke,1256,377,1380,551
0832.png,50,128,Smoke,1431,426,1481,554
1394.png,155,48,Smoke,1718,577,1873,625
0695.png,76,118,Smoke,1773,304,1849,422
0471.png,65,197,Smoke,1617,422,1682,619
1297.png,80,48,Smoke,414,514,494,562
1619.png,23,151,Smoke,1210,420,1233,571
1522.png,32,170,Smoke,962,375,994,545
0528.png,80,48,Smoke,415,514,495,562
1244.png,124,174,Smoke,1255,375,1379,549
1378.png,90,67,Smoke,815,490,905,557
0919.png,111,233,Smoke,1026,318,1137,551
1045.png,101,107,Smoke,635,446,736,553
1618.png,132,155,Smoke,1246,397,1378,552
1094.png,97,151,Smoke,814,394,911,545
1044.png,179,109,Smoke,1741,457,1920,566
0139.png,23,113,Smoke,1214,464,1237,577
1056.png,23,113,Smoke,1214,468,1237,581
1484.png,55,80,Smoke,546,424,601,504
0926.png,50,128,Smoke,1431,424,1481,552
0582.png,50,128,Smoke,1435,422,1485,550
0311.png,76,95,Smoke,664,436,740,531
0096.png,55,143,Smoke,446,387,501,530
1287.png,80,48,Smoke,414,514,494,562
0654.png,32,158,Smoke,963,389,995,547
1319.png,101,107,Smoke,635,446,736,553
1247.png,111,246,Smoke,1032,309,1143,555
0901.png,55,80,Smoke,546,424,601,504
0729.png,32,158,Smoke,963,388,995,546
1005.png,80,48,Smoke,414,514,494,562
0089.png,95,176,Smoke,818,375,913,551
0845.png,57,57,Smoke,1773,313,1830,370
0884.png,107,179,Smoke,814,369,921,548
0755.png,57,57,Smoke,1773,313,1830,370
0187.png,141,147,Smoke,1231,408,1372,555
1276.png,179,109,Smoke,1741,458,1920,567
1571.png,113,57,Smoke,625,497,738,554
0773.png,32,158,Smoke,963,388,995,546
1030.png,111,233,Smoke,1026,311,1137,544
1363.png,76,227,Smoke,1615,382,1691,609
0190.png,141,147,Smoke,1231,408,1372,555
1053.png,97,151,Smoke,813,393,910,544
0786.png,55,80,Smoke,546,424,601,504
1230.png,111,246,Smoke,1032,306,1143,552
1645.png,29,218,Smoke,1161,338,1190,556
1500.png,155,48,Smoke,1719,581,1874,629
0689.png,124,174,Smoke,1251,378,1375,552
0732.png,99,59,Smoke,1692,575,1791,634
0222.png,107,221,Smoke,1021,325,1128,546
1431.png,29,218,Smoke,1164,335,1193,553
1506.png,55,80,Smoke,546,424,601,504
1563.png,50,128,Smoke,1431,412,1481,540
1779.png,23,151,Smoke,1215,416,1238,567
0206.png,74,99,Smoke,666,431,740,530
0318.png,65,197,Smoke,1617,421,1682,618
0873.png,99,59,Smoke,1688,577,1787,636
1430.png,141,67,Smoke,1759,374,1900,441
0536.png,57,57,Smoke,1773,313,1830,370
0086.png,57,57,Smoke,1773,313,1830,370
1172.png,179,109,Smoke,1741,457,1920,566
0302.png,65,197,Smoke,1617,422,1682,619
1316.png,29,218,Smoke,1164,335,1193,553
1643.png,141,67,Smoke,1759,374,1900,441
0210.png,23,113,Smoke,1214,464,1237,577
0968.png,124,174,Smoke,1253,379,1377,553
0294.png,95,176,Smoke,822,374,917,550
0551.png,161,109,Smoke,1759,451,1920,560
0222.png,76,92,Smoke,1769,309,1845,401
1712.png,180,109,Smoke,1740,456,1920,565
0771.png,99,59,Smoke,1692,575,1791,634
0506.png,55,80,Smoke,546,424,601,504
0868.png,80,48,Smoke,414,514,494,562
0220.png,23,113,Smoke,1214,464,1237,577
0305.png,29,218,Smoke,1163,356,1192,574
0795.png,174,109,Smoke,1746,449,1920,558
1121.png,179,109,Smoke,1741,457,1920,566
1737.png,132,155,Smoke,1246,399,1378,554
0676.png,109,155,Smoke,811,394,920,549
0686.png,99,59,Smoke,1692,576,1791,635
0674.png,111,221,Smoke,1020,321,1131,542
1255.png,101,107,Smoke,635,446,736,553
1555.png,113,57,Smoke,624,498,737,555
0941.png,23,113,Smoke,1214,467,1237,580
1437.png,80,48,Smoke,414,514,494,562
0606.png,57,57,Smoke,1773,313,1830,370
1727.png,128,246,Smoke,1023,314,1151,560
0079.png,65,197,Smoke,1618,422,1683,619
0355.png,124,174,Smoke,1251,378,1375,552
0409.png,76,105,Smoke,1769,311,1845,416
0436.png,69,59,Smoke,1690,578,1759,637
0099.png,55,143,Smoke,446,385,501,528
0687.png,76,118,Smoke,1773,304,1849,422
0054.png,151,97,Smoke,1769,462,1920,559
0944.png,143,95,Smoke,595,460,738,555
1170.png,76,250,Smoke,1613,390,1689,640
1172.png,55,80,Smoke,546,424,601,504
1554.png,50,128,Smoke,1431,411,1481,539
0057.png,74,99,Smoke,660,444,734,543
0763.png,57,57,Smoke,1773,313,1830,370
1525.png,32,170,Smoke,962,373,994,543
0832.png,76,250,Smoke,1616,394,1692,644
1587.png,29,218,Smoke,1163,338,1192,556
0771.png,124,174,Smoke,1251,379,1375,553
1561.png,32,170,Smoke,962,373,994,543
0540.png,23,113,Smoke,1214,465,1237,578
0024.png,34,116,Smoke,1403,435,1437,551
1163.png,97,151,Smoke,816,393,913,544
1461.png,23,151,Smoke,1212,423,1235,574
1083.png,124,174,Smoke,1253,377,1377,551
1725.png,55,80,Smoke,546,424,601,504
0355.png,29,218,Smoke,1163,357,1192,575
1606.png,29,218,Smoke,1163,337,1192,555
1352.png,76,227,Smoke,1615,381,1691,608
1443.png,132,155,Smoke,1247,396,1379,551
1159.png,84,67,Smoke,1761,378,1845,445
1175.png,50,128,Smoke,1431,420,1481,548
1349.png,179,109,Smoke,1741,459,1920,568
0266.png,69,86,Smoke,669,444,738,530
0025.png,50,147,Smoke,420,398,470,545
0582.png,109,155,Smoke,809,395,918,550
0459.png,65,197,Smoke,1617,422,1682,619
0453.png,32,158,Smoke,962,387,994,545
0041.png,23,113,Smoke,1214,464,1237,577
1603.png,80,57,Smoke,1763,302,1843,359
1636.png,80,48,Smoke,414,514,494,562
0518.png,32,158,Smoke,962,387,994,545
0439.png,65,197,Smoke,1617,422,1682,619
1535.png,55,80,Smoke,546,424,601,504
1242.png,179,109,Smoke,1741,458,1920,567
0359.png,76,95,Smoke,666,433,742,528
1503.png,155,48,Smoke,1719,581,1874,629
1749.png,99,55,Smoke,642,498,741,553
0017.png,76,92,Smoke,1733,311,1809,403
0562.png,23,113,Smoke,1214,465,1237,578
0808.png,124,174,Smoke,1251,379,1375,553
0186.png,55,46,Smoke,552,484,607,530
1539.png,76,227,Smoke,1621,384,1697,611
0781.png,23,113,Smoke,1214,467,1237,580
1642.png,80,48,Smoke,414,514,494,562
0780.png,109,179,Smoke,814,367,923,546
0256.png,29,218,Smoke,1163,356,1192,574
1684.png,29,218,Smoke,1161,332,1190,550
0779.png,124,174,Smoke,1251,379,1375,553
1480.png,57,57,Smoke,1759,304,1816,361
0750.png,80,48,Smoke,414,514,494,562
0781.png,57,57,Smoke,1773,313,1830,370
0464.png,55,84,Smoke,450,460,505,544
0214.png,50,116,Smoke,1432,426,1482,542
0509.png,23,113,Smoke,1214,464,1237,577
0704.png,160,57,Smoke,580,500,740,557
0103.png,74,99,Smoke,665,443,739,542
0815.png,80,48,Smoke,414,514,494,562
0980.png,32,158,Smoke,962,381,994,539
0816.png,23,113,Smoke,1214,469,1237,582
1035.png,124,174,Smoke,1253,377,1377,551
0648.png,32,158,Smoke,963,389,995,547
0884.png,76,250,Smoke,1613,392,1689,642
0148.png,57,48,Smoke,1705,577,1762,625
0258.png,23,113,Smoke,1214,464,1237,577
0031.png,57,57,Smoke,1773,313,1830,370
0024.png,48,34,Smoke,559,483,607,517
0404.png,55,84,Smoke,450,460,505,544
1718.png,76,227,Smoke,1623,382,1699,609
1076.png,55,80,Smoke,546,424,601,504
0804.png,124,174,Smoke,1251,379,1375,553
1277.png,23,113,Smoke,1212,469,1235,582
1506.png,80,48,Smoke,414,514,494,562
0482.png,76,118,Smoke,1771,309,1847,427
0584.png,109,155,Smoke,808,394,917,549
1213.png,101,107,Smoke,635,446,736,553
0855.png,23,113,Smoke,1214,470,1237,583
0916.png,143,95,Smoke,598,460,741,555
1291.png,130,227,Smoke,1017,327,1147,554
1204.png,80,48,Smoke,414,514,494,562
1689.png,80,57,Smoke,1759,300,1839,357
1146.png,32,158,Smoke,963,376,995,534
0986.png,124,174,Smoke,1253,379,1377,553
0069.png,95,176,Smoke,819,378,914,554
0357.png,107,221,Smoke,1021,319,1128,540
0740.png,32,158,Smoke,963,388,995,546
0543.png,65,218,Smoke,1618,399,1683,617
0384.png,65,197,Smoke,1617,421,1682,618
1504.png,80,48,Smoke,414,514,494,562
1419.png,57,57,Smoke,1755,305,1812,362
1311.png,76,250,Smoke,1617,383,1693,633
1319.png,57,57,Smoke,1773,313,1830,370
1773.png,76,258,Smoke,1625,383,1701,641
1205.png,80,48,Smoke,414,514,494,562
0411.png,57,57,Smoke,1773,313,1830,370
1107.png,55,80,Smoke,546,424,601,504
0122.png,107,195,Smoke,1021,352,1128,547
0691.png,23,113,Smoke,1213,467,1236,580
0484.png,107,221,Smoke,1023,317,1130,538
0733.png,174,109,Smoke,1746,449,1920,558
0927.png,76,118,Smoke,1769,316,1845,434
1533.png,76,227,Smoke,1621,384,1697,611
0568.png,29,218,Smoke,1163,357,1192,575
1796.png,80,48,Smoke,414,514,494,562
0767.png,32,158,Smoke,963,388,995,546
0681.png,50,128,Smoke,1434,423,1484,551
0078.png,48,34,Smoke,559,483,607,517
1251.png,97,82,Smoke,815,460,912,542
0322.png,76,95,Smoke,665,435,741,530
0862.png,32,158,Smoke,963,386,995,544
1429.png,57,57,Smoke,1755,305,1812,362
1323.png,80,48,Smoke,414,514,494,562
0143.png,147,97,Smoke,1773,451,1920,548
1094.png,29,218,Smoke,1164,335,1193,553
0542.png,23,113,Smoke,1214,464,1237,577
0339.png,50,116,Smoke,1431,426,1481,542
0410.png,29,218,Smoke,1163,357,1192,575
1182.png,76,250,Smoke,1613,390,1689,640
1669.png,113,57,Smoke,629,495,742,552
0488.png,107,221,Smoke,1023,317,1130,538
0050.png,55,143,Smoke,441,388,496,531
1277.png,50,128,Smoke,1431,417,1481,545
0550.png,97,120,Smoke,647,424,744,544
1215.png,50,128,Smoke,1431,420,1481,548
0250.png,55,84,Smoke,450,460,505,544
0659.png,55,80,Smoke,546,424,601,504
0792.png,99,59,Smoke,1691,576,1790,635
0304.png,55,84,Smoke,450,460,505,544
0875.png,107,179,Smoke,814,371,921,550
0361.png,55,46,Smoke,552,484,607,530
1039.png,76,250,Smoke,1615,391,1691,641
1402.png,130,227,Smoke,1022,323,1152,550
1341.png,55,80,Smoke,546,424,601,504
1594.png,111,76,Smoke,816,477,927,553
0277.png,69,59,Smoke,1690,577,1759,636
1094.png,76,250,Smoke,1615,391,1691,641
0738.png,76,118,Smoke,1771,302,1847,420
0341.png,50,116,Smoke,1431,426,1481,542
1721.png,55,80,Smoke,546,424,601,504
0905.png,76,118,Smoke,1770,316,1846,434
0476.png,65,197,Smoke,1617,423,1682,620
0559.png,29,218,Smoke,1163,357,1192,575
1748.png,29,218,Smoke,1161,345,1190,563
0988.png,111,233,Smoke,1026,316,1137,549
1007.png,29,218,Smoke,1163,353,1192,571
1297.png,130,227,Smoke,1017,327,1147,554
0160.png,57,48,Smoke,1704,577,1761,625
1102.png,97,151,Smoke,814,392,911,543
0139.png,145,116,Smoke,1226,427,1371,543
0975.png,118,107,Smoke,619,447,737,554
0383.png,57,57,Smoke,1773,313,1830,370
1631.png,80,48,Smoke,414,514,494,562
0315.png,95,139,Smoke,821,409,916,548
1735.png,155,48,Smoke,1722,579,1877,627
0375.png,55,46,Smoke,552,484,607,530
0838.png,29,218,Smoke,1163,355,1192,573
0548.png,50,128,Smoke,1435,421,1485,549
0344.png,50,116,Smoke,1431,426,1481,542
1138.png,32,158,Smoke,963,376,995,534
0597.png,97,120,Smoke,647,430,744,550
1315.png,130,227,Smoke,1019,325,1149,552
0571.png,163,109,Smoke,1757,450,1920,559
0136.png,48,34,Smoke,559,483,607,517
0875.png,174,109,Smoke,1746,451,1920,560
1427.png,181,109,Smoke,1739,456,1920,565
0245.png,69,59,Smoke,1691,577,1760,636
1412.png,23,151,Smoke,1212,423,1235,574
1290.png,32,170,Smoke,962,376,994,546
0341.png,57,57,Smoke,1773,313,1830,370
1641.png,141,67,Smoke,1759,374,1900,441
0521.png,107,221,Smoke,1024,320,1131,541
1443.png,101,107,Smoke,635,446,736,553
0714.png,23,113,Smoke,1213,466,1236,579
0644.png,65,218,Smoke,1620,397,1685,615
0271.png,148,86,Smoke,1772,454,1920,540
0263.png,29,218,Smoke,1163,356,1192,574
0101.png,29,218,Smoke,1164,351,1193,569
1752.png,29,218,Smoke,1161,345,1190,563
0357.png,23,113,Smoke,1214,464,1237,577
1618.png,29,218,Smoke,1162,333,1191,551
0735.png,57,57,Smoke,1773,313,1830,370
0233.png,76,92,Smoke,1768,309,1844,401
0288.png,107,221,Smoke,1021,322,1128,543
1036.png,29,218,Smoke,1163,351,1192,569
1439.png,132,155,Smoke,1247,396,1379,551
0069.png,29,218,Smoke,1166,357,1195,575
0770.png,29,218,Smoke,1163,355,1192,573
1736.png,155,48,Smoke,1722,579,1877,627
0574.png,167,109,Smoke,1753,450,1920,559
0741.png,99,59,Smoke,1692,575,1791,634
1638.png,155,48,Smoke,1722,579,1877,627
0759.png,50,128,Smoke,1431,424,1481,552
1165.png,179,109,Smoke,1741,457,1920,566
1310.png,29,218,Smoke,1164,335,1193,553
1617.png,155,48,Smoke,1722,580,1877,628
0034.png,76,92,Smoke,1745,311,1821,403
0338.png,95,139,Smoke,821,409,916,548
1080.png,97,151,Smoke,814,394,911,545
1110.png,29,218,Smoke,1164,333,1193,551
0788.png,170,67,Smoke,569,490,739,557
0937.png,76,250,Smoke,1613,388,1689,638
0236.png,142,86,Smoke,1778,457,1920,543
0569.png,80,48,Smoke,415,515,495,563
1751.png,55,80,Smoke,546,424,601,504
0933.png,76,118,Smoke,1769,316,1845,434
1093.png,97,151,Smoke,814,393,911,544
0822.png,29,218,Smoke,1163,355,1192,573
0271.png,69,59,Smoke,1691,577,1760,636
0578.png,99,59,Smoke,1692,575,1791,634
1075.png,55,80,Smoke,546,424,601,504
0807.png,32,158,Smoke,963,388,995,546
0555.png,161,109,Smoke,1759,451,1920,560
0482.png,29,218,Smoke,1163,356,1192,574
0599.png,99,59,Smoke,1692,576,1791,635
1690.png,99,55,Smoke,642,499,741,554
0365.png,32,158,Smoke,962,387,994,545
0113.png,50,116,Smoke,1433,431,1483,547
0039.png,76,92,Smoke,1751,311,1827,403
0505.png,29,218,Smoke,1163,356,1192,574
0238.png,69,59,Smoke,1690,577,1759,636
0916.png,174,109,Smoke,1746,451,1920,560
1508.png,130,227,Smoke,1024,321,1154,548
1612.png,180,109,Smoke,1740,457,1920,566
0839.png,99,59,Smoke,1690,577,1789,636
1386.png,124,174,Smoke,1256,377,1380,551
1629.png,80,48,Smoke,414,514,494,562
0716.png,55,80,Smoke,546,424,601,504
1082.png,74,74,Smoke,1770,361,1844,435
1627.png,130,227,Smoke,1027,308,1157,535
0878.png,76,118,Smoke,1770,317,1846,435
0927.png,99,59,Smoke,1687,576,1786,635
1551.png,111,76,Smoke,814,477,925,553
0538.png,69,59,Smoke,1687,577,1756,636
0742.png,174,109,Smoke,1746,449,1920,558
1640.png,122,78,Smoke,810,475,932,553
0573.png,99,59,Smoke,1692,576,1791,635
0823.png,107,179,Smoke,817,369,924,548
0131.png,76,92,Smoke,1768,310,1844,402
1646.png,32,170,Smoke,963,378,995,548
1215.png,124,174,Smoke,1255,377,1379,551
0733.png,76,250,Smoke,1611,395,1687,645
1782.png,50,128,Smoke,1431,412,1481,540
1097.png,32,158,Smoke,963,375,995,533
0216.png,23,113,Smoke,1214,464,1237,577
1059.png,99,59,Smoke,1685,574,1784,633
0814.png,29,218,Smoke,1163,355,1192,573
0777.png,160,57,Smoke,580,501,740,558
0598.png,76,118,Smoke,1770,308,1846,426
0022.png,57,48,Smoke,1670,579,1727,627
1167.png,179,109,Smoke,1741,457,1920,566
1562.png,32,170,Smoke,962,373,994,543
0173.png,29,218,Smoke,1163,348,1192,566
1406.png,130,227,Smoke,1022,324,1152,551
0875.png,32,158,Smoke,963,386,995,544
1424.png,141,67,Smoke,1759,374,1900,441
0693.png,80,48,Smoke,414,514,494,562
1484.png,155,48,Smoke,1719,580,1874,628
0116.png,57,48,Smoke,1705,577,1762,625
1473.png,141,67,Smoke,1758,374,1899,441
1432.png,180,109,Smoke,1740,457,1920,566
0552.png,65,218,Smoke,1618,397,1683,615
0343.png,107,221,Smoke,1021,319,1128,540
0918.png,99,59,Smoke,1687,576,1786,635
1183.png,124,174,Smoke,1253,377,1377,551
0871.png,76,250,Smoke,1615,392,1691,642
0976.png,50,128,Smoke,1431,424,1481,552
0187.png,57,57,Smoke,1773,313,1830,370
0595.png,76,118,Smoke,1770,308,1846,426
1154.png,23,113,Smoke,1213,471,1236,584
1145.png,23,113,Smoke,1213,473,1236,586
1329.png,179,109,Smoke,1741,457,1920,566
1055.png,101,107,Smoke,635,446,736,553
1398.png,155,48,Smoke,1718,577,1873,625
0550.png,32,158,Smoke,962,389,994,547
0060.png,145,116,Smoke,1226,427,1371,543
1250.png,76,250,Smoke,1613,388,1689,638
1190.png,50,128,Smoke,1431,421,1481,549
0553.png,29,218,Smoke,1163,357,1192,575
1403.png,29,218,Smoke,1164,335,1193,553
1482.png,132,155,Smoke,1247,397,1379,552
0759.png,111,221,Smoke,1020,321,1131,542
0993.png,99,59,Smoke,1689,577,1788,636
1016.png,57,57,Smoke,1773,313,1830,370
0010.png,145,116,Smoke,1193,429,1338,545
1551.png,29,218,Smoke,1163,345,1192,563
0326.png,146,113,Smoke,1774,449,1920,562
1403.png,57,57,Smoke,1754,305,1811,362
1649.png,23,151,Smoke,1210,421,1233,572
0458.png,95,139,Smoke,822,399,917,538
0832.png,107,179,Smoke,815,369,922,548
1577.png,111,76,Smoke,814,477,925,553
0360.png,76,95,Smoke,666,433,742,528
0749.png,57,57,Smoke,1773,313,1830,370
0342.png,124,174,Smoke,1251,376,1375,550
0185.png,55,97,Smoke,450,446,505,543
1769.png,76,258,Smoke,1623,382,1699,640
1742.png,122,78,Smoke,814,474,936,552
0080.png,55,143,Smoke,446,387,501,530
1500.png,132,155,Smoke,1247,396,1379,551
1294.png,32,170,Smoke,962,376,994,546
0157.png,29,218,Smoke,1163,346,1192,564
1283.png,99,59,Smoke,1689,574,1788,633
0270.png,57,57,Smoke,1773,313,1830,370
0258.png,55,46,Smoke,552,484,607,530
0689.png,76,118,Smoke,1773,304,1849,422
1295.png,29,218,Smoke,1164,335,1193,553
0609.png,55,80,Smoke,546,424,601,504
1412.png,55,80,Smoke,546,424,601,504
0876.png,99,59,Smoke,1687,578,1786,637
0543.png,76,118,Smoke,1771,309,1847,427
0462.png,23,113,Smoke,1214,464,1237,577
0418.png,76,105,Smoke,1770,311,1846,416
1637.png,80,48,Smoke,414,514,494,562
0704.png,55,80,Smoke,546,424,601,504
1728.png,23,151,Smoke,1211,417,1234,568
1761.png,141,67,Smoke,1761,371,1902,438
0897.png,143,71,Smoke,596,483,739,554
0651.png,23,113,Smoke,1213,465,1236,578
1773.png,32,170,Smoke,966,388,998,558
1706.png,32,170,Smoke,966,380,998,550
0565.png,124,174,Smoke,1250,378,1374,552
0032.png,34,116,Smoke,1411,434,1445,550
0737.png,111,221,Smoke,1019,321,1130,542
0757.png,55,80,Smoke,546,424,601,504
1764.png,76,258,Smoke,1624,383,1700,641
1478.png,29,218,Smoke,1164,333,1193,551
1118.png,29,218,Smoke,1164,333,1193,551
0020.png,48,34,Smoke,559,483,607,517
0488.png,55,80,Smoke,546,424,601,504
0060.png,29,170,Smoke,1168,381,1197,551
0296.png,107,221,Smoke,1021,323,1128,544
1649.png,32,170,Smoke,963,378,995,548
1788.png,76,258,Smoke,1625,385,1701,643
0610.png,99,59,Smoke,1692,576,1791,635
1077.png,50,128,Smoke,1431,422,1481,550
0365.png,69,59,Smoke,1691,580,1760,639
1080.png,124,174,Smoke,1253,377,1377,551
0556.png,97,120,Smoke,647,425,744,545
1170.png,23,113,Smoke,1213,471,1236,584
1142.png,111,246,Smoke,1030,307,1141,553
0674.png,174,109,Smoke,1746,449,1920,558
0485.png,23,113,Smoke,1214,464,1237,577
1413.png,155,48,Smoke,1718,577,1873,625
1364.png,32,170,Smoke,962,375,994,545
1225.png,50,128,Smoke,1431,420,1481,548
0953.png,99,59,Smoke,1689,577,1788,636
0024.png,57,48,Smoke,1671,579,1728,627
1366.png,32,170,Smoke,962,376,994,546
0300.png,55,84,Smoke,451,459,506,543
1191.png,84,67,Smoke,1761,377,1845,444
0935.png,99,59,Smoke,1688,577,1787,636
1473.png,76,227,Smoke,1620,384,1696,611
1692.png,76,227,Smoke,1622,382,1698,609
0908.png,124,174,Smoke,1252,379,1376,553
0623.png,76,118,Smoke,1771,307,1847,425
1074.png,50,128,Smoke,1431,422,1481,550
0755.png,29,218,Smoke,1163,355,1192,573
1140.png,29,218,Smoke,1164,331,1193,549
0476.png,32,158,Smoke,962,387,994,545
1673.png,80,48,Smoke,414,514,494,562
0805.png,80,48,Smoke,414,514,494,562
0541.png,69,59,Smoke,1687,577,1756,636
1177.png,32,158,Smoke,963,376,995,534
0490.png,95,155,Smoke,822,395,917,550
1065.png,32,158,Smoke,963,377,995,535
1449.png,55,80,Smoke,546,424,601,504
1365.png,23,151,Smoke,1212,423,1235,574
0636.png,23,113,Smoke,1213,465,1236,578
0994.png,124,174,Smoke,1253,379,1377,553
1769.png,23,151,Smoke,1215,417,1238,568
1374.png,90,67,Smoke,815,490,905,557
0564.png,23,113,Smoke,1214,465,1237,578
1450.png,57,57,Smoke,1758,305,1815,362
0240.png,65,197,Smoke,1618,423,1683,620
0855.png,107,179,Smoke,815,369,922,548
0026.png,29,170,Smoke,1137,380,1166,550
1531.png,29,218,Smoke,1164,343,1193,561
0834.png,76,118,Smoke,1771,302,1847,420
0086.png,32,158,Smoke,961,387,993,545
1206.png,99,59,Smoke,1687,574,1786,633
1432.png,80,48,Smoke,414,514,494,562
0624.png,170,109,Smoke,1750,449,1920,558
0449.png,69,59,Smoke,1689,578,1758,637
0991.png,55,80,Smoke,546,424,601,504
0370.png,76,95,Smoke,666,432,742,527
1145.png,80,48,Smoke,414,514,494,562
1225.png,97,151,Smoke,816,393,913,544
0461.png,29,218,Smoke,1163,355,1192,573
0391.png,69,59,Smoke,1691,579,1760,638
0496.png,23,113,Smoke,1214,464,1237,577
1015.png,55,80,Smoke,546,424,601,504
1741.png,181,109,Smoke,1739,456,1920,565
1411.png,124,174,Smoke,1256,377,1380,551
1760.png,55,80,Smoke,546,424,601,504
0495.png,65,197,Smoke,1616,420,1681,617
0925.png,101,160,Smoke,813,385,914,545
1372.png,80,48,Smoke,414,514,494,562
0549.png,80,48,Smoke,415,513,495,561
0365.png,142,113,Smoke,1778,443,1920,556
0385.png,86,107,Smoke,654,432,740,539
0562.png,97,120,Smoke,647,425,744,545
1192.png,55,80,Smoke,546,424,601,504
0304.png,147,86,Smoke,1773,446,1920,532
0484.png,124,174,Smoke,1251,378,1375,552
1249.png,99,59,Smoke,1688,575,1787,634
1449.png,29,218,Smoke,1164,335,1193,553
1655.png,50,128,Smoke,1431,412,1481,540
0010.png,50,147,Smoke,418,397,468,544
0967.png,124,174,Smoke,1253,379,1377,553
0545.png,107,221,Smoke,1025,320,1132,541
0585.png,23,113,Smoke,1214,464,1237,577
0818.png,80,48,Smoke,414,514,494,562
1047.png,32,158,Smoke,962,381,994,539
0047.png,95,176,Smoke,810,381,905,557
0703.png,80,48,Smoke,414,514,494,562
1500.png,80,48,Smoke,414,514,494,562
0813.png,107,179,Smoke,815,368,922,547
0419.png,29,218,Smoke,1163,357,1192,575
0740.png,160,57,Smoke,580,501,740,558
1624.png,32,170,Smoke,965,372,997,542
0197.png,65,197,Smoke,1617,420,1682,617
1767.png,23,151,Smoke,1215,417,1238,568
0760.png,111,221,Smoke,1019,321,1130,542
1799.png,50,128,Smoke,1431,412,1481,540
1295.png,50,128,Smoke,1431,417,1481,545
1601.png,181,109,Smoke,1739,458,1920,567
1105.png,23,113,Smoke,1214,469,1237,582
1198.png,179,109,Smoke,1741,457,1920,566
0607.png,76,118,Smoke,1771,308,1847,426
1695.png,29,218,Smoke,1161,336,1190,554
0769.png,57,57,Smoke,1773,313,1830,370
1184.png,50,128,Smoke,1431,420,1481,548
0278.png,124,174,Smoke,1250,379,1374,553
1634.png,155,48,Smoke,1722,579,1877,627
1142.png,84,67,Smoke,1762,378,1846,445
1249.png,101,107,Smoke,635,446,736,553
1110.png,57,57,Smoke,1773,313,1830,370
1780.png,122,78,Smoke,814,476,936,554
1502.png,80,48,Smoke,414,514,494,562
0982.png,50,128,Smoke,1431,425,1481,553
0668.png,50,128,Smoke,1434,425,1484,553
1303.png,124,174,Smoke,1255,377,1379,551
0773.png,57,57,Smoke,1773,313,1830,370
0428.png,124,174,Smoke,1250,378,1374,552
0102.png,76,92,Smoke,1768,309,1844,401
0153.png,32,158,Smoke,962,387,994,545
0225.png,107,221,Smoke,1021,324,1128,545
1468.png,170,57,Smoke,563,503,733,560
1187.png,57,57,Smoke,1773,313,1830,370
0671.png,50,128,Smoke,1434,424,1484,552
0243.png,141,86,Smoke,1779,456,1920,542
0039.png,65,197,Smoke,1599,422,1664,619
1118.png,111,246,Smoke,1031,306,1142,552
0415.png,55,80,Smoke,546,420,601,500
1692.png,32,170,Smoke,966,380,998,550
1660.png,155,48,Smoke,1722,579,1877,627
1457.png,141,67,Smoke,1757,374,1898,441
0790.png,170,67,Smoke,569,490,739,557
0629.png,80,48,Smoke,415,514,495,562
0373.png,23,113,Smoke,1214,464,1237,577
1162.png,101,107,Smoke,635,446,736,553
1117.png,97,151,Smoke,814,393,911,544
1670.png,80,57,Smoke,1760,301,1840,358
1102.png,80,48,Smoke,414,514,494,562
1529.png,32,170,Smoke,962,375,994,545
1516.png,103,55,Smoke,820,502,923,557
0117.png,107,195,Smoke,1022,353,1129,548
0257.png,107,221,Smoke,1022,323,1129,544
0476.png,55,80,Smoke,546,424,601,504
0645.png,80,48,Smoke,415,515,495,563
0766.png,111,221,Smoke,1019,320,1130,541
1057.png,101,107,Smoke,635,446,736,553
1129.png,97,151,Smoke,814,393,911,544
1551.png,80,48,Smoke,414,514,494,562
1681.png,128,246,Smoke,1021,312,1149,558
0310.png,57,57,Smoke,1773,313,1830,370
0099.png,50,116,Smoke,1433,433,1483,549
1003.png,179,109,Smoke,1741,456,1920,565
0738.png,23,113,Smoke,1213,467,1236,580
1079.png,23,113,Smoke,1214,469,1237,582
1422.png,132,155,Smoke,1248,396,1380,551
1770.png,122,78,Smoke,814,476,936,554
0823.png,111,233,Smoke,1019,321,1130,554
0047.png,76,92,Smoke,1760,310,1836,402
1029.png,111,233,Smoke,1026,311,1137,544
0611.png,99,59,Smoke,1692,576,1791,635
0075.png,76,92,Smoke,1770,309,1846,401
0537.png,69,59,Smoke,1688,578,1757,637
1243.png,97,82,Smoke,815,460,912,542
0234.png,107,221,Smoke,1022,323,1129,544
0747.png,111,221,Smoke,1019,321,1130,542
1016.png,179,109,Smoke,1741,458,1920,567
0989.png,101,107,Smoke,636,447,737,554
1290.png,99,59,Smoke,1689,575,1788,634
1021.png,76,250,Smoke,1615,390,1691,640
0273.png,147,86,Smoke,1773,454,1920,540
0493.png,65,197,Smoke,1617,421,1682,618
0096.png,29,218,Smoke,1164,351,1193,569
0526.png,23,113,Smoke,1214,464,1237,577
1507.png,57,57,Smoke,1761,304,1818,361
0554.png,99,59,Smoke,1692,576,1791,635
0169.png,95,176,Smoke,818,375,913,551
1615.png,32,170,Smoke,964,372,996,542
0518.png,65,197,Smoke,1617,421,1682,618
0100.png,148,97,Smoke,1772,456,1920,553
1663.png,141,67,Smoke,1760,373,1901,440
0364.png,107,221,Smoke,1021,319,1128,540
0827.png,29,218,Smoke,1163,355,1192,573
1314.png,179,109,Smoke,1741,458,1920,567
0752.png,50,128,Smoke,1431,424,1481,552
1157.png,76,250,Smoke,1613,390,1689,640
0779.png,80,48,Smoke,414,514,494,562
0751.png,50,128,Smoke,1432,424,1482,552
1117.png,57,57,Smoke,1773,313,1830,370
0366.png,76,95,Smoke,666,430,742,525
0262.png,55,46,Smoke,552,484,607,530
0172.png,23,113,Smoke,1214,464,1237,577
0637.png,50,128,Smoke,1434,424,1484,552
0027.png,107,195,Smoke,995,357,1102,552
1229.png,124,174,Smoke,1255,377,1379,551
0490.png,80,48,Smoke,423,505,503,553
1045.png,29,218,Smoke,1163,353,1192,571
0467.png,142,109,Smoke,1778,447,1920,556
1541.png,23,151,Smoke,1212,423,1235,574
0300.png,65,197,Smoke,1617,422,1682,619
1334.png,179,109,Smoke,1741,457,1920,566
1488.png,170,57,Smoke,563,500,733,557
1435.png,50,128,Smoke,1431,413,1481,541
1465.png,141,67,Smoke,1757,374,1898,441
0456.png,55,80,Smoke,546,425,601,505
0136.png,95,176,Smoke,818,376,913,552
0901.png,99,59,Smoke,1688,577,1787,636
0940.png,124,174,Smoke,1253,379,1377,553
1487.png,181,109,Smoke,1739,456,1920,565
1690.png,128,246,Smoke,1021,311,1149,557
1441.png,23,151,Smoke,1212,424,1235,575
0804.png,76,118,Smoke,1773,302,1849,420
1275.png,124,174,Smoke,1255,377,1379,551
0718.png,109,179,Smoke,813,368,922,547
1217.png,32,158,Smoke,963,376,995,534
0624.png,23,113,Smoke,1214,465,1237,578
1780.png,180,109,Smoke,1740,458,1920,567
1487.png,170,57,Smoke,563,501,733,558
0250.png,29,218,Smoke,1162,370,1191,588
1095.png,76,250,Smoke,1615,391,1691,641
1207.png,84,67,Smoke,1761,377,1845,444
0360.png,32,158,Smoke,962,387,994,545
1565.png,55,80,Smoke,546,424,601,504
0271.png,29,218,Smoke,1163,356,1192,574
0229.png,29,218,Smoke,1162,368,1191,586
0788.png,23,113,Smoke,1214,468,1237,581
0559.png,124,174,Smoke,1250,378,1374,552
0169.png,23,113,Smoke,1214,464,1237,577
1301.png,101,107,Smoke,635,446,736,553
1694.png,50,128,Smoke,1431,412,1481,540
0801.png,109,179,Smoke,815,367,924,546
0961.png,50,128,Smoke,1431,424,1481,552
0689.png,65,250,Smoke,1620,397,1685,647
1754.png,80,57,Smoke,1759,298,1839,355
1442.png,32,170,Smoke,962,373,994,543
0649.png,80,48,Smoke,414,515,494,563
0226.png,107,221,Smoke,1021,326,1128,547
0583.png,109,155,Smoke,809,395,918,550
1188.png,111,246,Smoke,1032,307,1143,553
0295.png,124,174,Smoke,1250,378,1374,552
0172.png,57,48,Smoke,1704,577,1761,625
0686.png,111,221,Smoke,1020,323,1131,544
0855.png,170,90,Smoke,567,466,737,556
0365.png,23,113,Smoke,1214,464,1237,577
0496.png,55,80,Smoke,546,424,601,504
0743.png,124,174,Smoke,1251,379,1375,553
0004.png,76,92,Smoke,1733,309,1809,401
1239.png,124,174,Smoke,1255,377,1379,551
0798.png,80,48,Smoke,414,514,494,562
0164.png,57,48,Smoke,1704,577,1761,625
0917.png,143,95,Smoke,598,460,741,555
1047.png,101,107,Smoke,635,446,736,553
0527.png,29,218,Smoke,1163,356,1192,574
1034.png,80,48,Smoke,414,514,494,562
0444.png,142,109,Smoke,1778,449,1920,558
1203.png,101,107,Smoke,635,446,736,553
1595.png,111,76,Smoke,817,477,928,553
1418.png,29,218,Smoke,1164,333,1193,551
0080.png,95,176,Smoke,817,376,912,552
0274.png,107,221,Smoke,1023,323,1130,544
0119.png,23,113,Smoke,1214,464,1237,577
0828.png,76,250,Smoke,1615,394,1691,644
1735.png,23,151,Smoke,1212,417,1235,568
0242.png,29,218,Smoke,1162,368,1191,586
0711.png,29,218,Smoke,1163,357,1192,575
0753.png,109,179,Smoke,813,368,922,547
1122.png,97,151,Smoke,814,393,911,544
1540.png,55,80,Smoke,546,424,601,504
0194.png,95,176,Smoke,819,375,914,551
1112.png,57,57,Smoke,1773,313,1830,370
0445.png,32,158,Smoke,962,387,994,545
1069.png,76,250,Smoke,1615,389,1691,639
0708.png,174,109,Smoke,1746,449,1920,558
0477.png,55,80,Smoke,546,424,601,504
1136.png,179,109,Smoke,1741,458,1920,567
0187.png,146,97,Smoke,1774,449,1920,546
1520.png,132,155,Smoke,1247,398,1379,553
0055.png,150,97,Smoke,1770,462,1920,559
0139.png,50,116,Smoke,1433,432,1483,548
0964.png,57,57,Smoke,1773,313,1830,370
1371.png,101,107,Smoke,635,446,736,553
0818.png,170,67,Smoke,567,490,737,557
1519.png,32,170,Smoke,962,375,994,545
1330.png,23,151,Smoke,1212,426,1235,577
1580.png,113,57,Smoke,626,498,739,555
1236.png,124,174,Smoke,1255,377,1379,551
1158.png,179,109,Smoke,1741,457,1920,566
0013.png,57,48,Smoke,1670,579,1727,627
0980.png,55,80,Smoke,546,424,601,504
0844.png,32,158,Smoke,963,386,995,544
0660.png,111,221,Smoke,1020,323,1131,544
1475.png,181,109,Smoke,1739,457,1920,566
0297.png,55,46,Smoke,552,484,607,530
1469.png,170,57,Smoke,563,503,733,560
0920.png,80,48,Smoke,414,514,494,562
1292.png,99,59,Smoke,1689,574,1788,633
0315.png,76,95,Smoke,665,435,741,530
1480.png,155,48,Smoke,1717,578,1872,626
1668.png,155,48,Smoke,1722,579,1877,627
0981.png,111,233,Smoke,1026,316,1137,549
0179.png,23,113,Smoke,1214,464,1237,577
1110.png,99,59,Smoke,1689,575,1788,634
1747.png,80,57,Smoke,1759,299,1839,356
1564.png,130,227,Smoke,1025,311,1155,538
0211.png,50,116,Smoke,1432,426,1482,542
0073.png,48,34,Smoke,559,483,607,517
1055.png,74,74,Smoke,1770,361,1844,435
1785.png,29,218,Smoke,1161,339,1190,557
1379.png,76,227,Smoke,1615,382,1691,609
1628.png,141,67,Smoke,1758,373,1899,440
0095.png,74,99,Smoke,665,442,739,541
0957.png,23,113,Smoke,1214,468,1237,581
1078.png,111,246,Smoke,1027,308,1138,554
1165.png,76,250,Smoke,1613,390,1689,640
0257.png,57,57,Smoke,1773,313,1830,370
0631.png,97,120,Smoke,647,432,744,552
1609.png,76,227,Smoke,1623,384,1699,611
1525.png,50,128,Smoke,1431,412,1481,540
0199.png,74,99,Smoke,666,431,740,530
1657.png,55,80,Smoke,546,424,601,504
1235.png,101,107,Smoke,635,446,736,553
0242.png,69,59,Smoke,1691,577,1760,636
1333.png,76,250,Smoke,1617,381,1693,631
1600.png,29,218,Smoke,1163,337,1192,555
0241.png,107,221,Smoke,1021,323,1128,544
1617.png,32,170,Smoke,964,372,996,542
1156.png,76,250,Smoke,1613,390,1689,640
0595.png,50,128,Smoke,1434,423,1484,551
0540.png,107,221,Smoke,1024,319,1131,540
0858.png,57,57,Smoke,1773,313,1830,370
1763.png,181,109,Smoke,1739,457,1920,566
0865.png,50,128,Smoke,1431,424,1481,552
1073.png,76,250,Smoke,1615,389,1691,639
0284.png,23,113,Smoke,1214,464,1237,577
0960.png,23,113,Smoke,1214,468,1237,581
1184.png,32,158,Smoke,963,376,995,534
1125.png,32,158,Smoke,963,376,995,534
0286.png,65,197,Smoke,1617,421,1682,618
1252.png,76,250,Smoke,1614,386,1690,636
0037.png,48,34,Smoke,559,483,607,517
0478.png,55,80,Smoke,546,424,601,504
1769.png,132,155,Smoke,1245,399,1377,554
1726.png,80,57,Smoke,1758,299,1838,356
0865.png,23,113,Smoke,1214,470,1237,583
1183.png,97,151,Smoke,816,392,913,543
0281.png,69,59,Smoke,1691,577,1760,636
0470.png,141,109,Smoke,1779,444,1920,553
1105.png,32,158,Smoke,963,376,995,534
0667.png,23,113,Smoke,1213,465,1236,578
0634.png,174,109,Smoke,1746,449,1920,558
0149.png,76,92,Smoke,1768,310,1844,402
0464.png,55,80,Smoke,546,424,601,504
1611.png,76,227,Smoke,1623,384,1699,611
1427.png,76,227,Smoke,1619,383,1695,610
0470.png,50,116,Smoke,1431,428,1481,544
0351.png,29,218,Smoke,1163,359,1192,577
0146.png,74,99,Smoke,666,437,740,536
1226.png,50,128,Smoke,1431,420,1481,548
0285.png,124,174,Smoke,1250,379,1374,553
1657.png,181,109,Smoke,1739,456,1920,565
0754.png,124,174,Smoke,1251,379,1375,553
0751.png,76,118,Smoke,1771,303,1847,421
1502.png,180,109,Smoke,1740,457,1920,566
1005.png,101,107,Smoke,636,447,737,554
0508.png,76,118,Smoke,1771,309,1847,427
1018.png,111,233,Smoke,1027,311,1138,544
0079.png,57,48,Smoke,1703,578,1760,626
0230.png,50,116,Smoke,1431,426,1481,542
0881.png,76,118,Smoke,1770,318,1846,436
0553.png,95,155,Smoke,824,394,919,549
1638.png,50,128,Smoke,1431,412,1481,540
0070.png,107,195,Smoke,1023,357,1130,552
0157.png,65,197,Smoke,1617,421,1682,618
0628.png,80,48,Smoke,415,514,495,562
1590.png,180,109,Smoke,1740,458,1920,567
0719.png,50,128,Smoke,1433,424,1483,552
0199.png,55,97,Smoke,450,445,505,542
0033.png,29,170,Smoke,1144,387,1173,557
1434.png,32,170,Smoke,962,373,994,543
1010.png,101,107,Smoke,636,447,737,554
1149.png,124,174,Smoke,1254,378,1378,552
0620.png,111,221,Smoke,1020,321,1131,542
0656.png,29,218,Smoke,1163,358,1192,576
0443.png,141,109,Smoke,1779,448,1920,557
1160.png,179,109,Smoke,1741,457,1920,566
0395.png,32,158,Smoke,962,387,994,545
1045.png,179,109,Smoke,1741,458,1920,567
0313.png,95,139,Smoke,821,409,916,548
1348.png,55,80,Smoke,546,424,601,504
1128.png,80,48,Smoke,414,514,494,562
1754.png,29,218,Smoke,1161,345,1190,563
0322.png,145,113,Smoke,1775,446,1920,559
0762.png,109,179,Smoke,813,369,922,548
1491.png,155,48,Smoke,1719,581,1874,629
1383.png,80,48,Smoke,414,514,494,562
0441.png,86,107,Smoke,656,431,742,538
1731.png,80,57,Smoke,1758,299,1838,356
0861.png,76,250,Smoke,1615,392,1691,642
1547.png,111,76,Smoke,811,477,922,553
0008.png,95,176,Smoke,784,381,879,557
0826.png,99,59,Smoke,1690,577,1789,636
1006.png,101,107,Smoke,636,447,737,554
1375.png,92,57,Smoke,1754,305,1846,362
0356.png,29,218,Smoke,1163,357,1192,575
1454.png,57,57,Smoke,1758,305,1815,362
1205.png,57,57,Smoke,1773,313,1830,370
1096.png,97,151,Smoke,814,394,911,545
1537.png,111,76,Smoke,811,477,922,553
1314.png,76,250,Smoke,1616,383,1692,633
0589.png,29,218,Smoke,1163,355,1192,573
1750.png,32,170,Smoke,966,382,998,552
1793.png,99,55,Smoke,642,499,741,554
0958.png,57,57,Smoke,1773,313,1830,370
1749.png,80,57,Smoke,1759,299,1839,356
0888.png,50,128,Smoke,1431,425,1481,553
1293.png,29,218,Smoke,1164,335,1193,553
1043.png,57,57,Smoke,1773,313,1830,370
1061.png,55,80,Smoke,546,424,601,504
0688.png,50,128,Smoke,1434,423,1484,551
0386.png,76,92,Smoke,1768,310,1844,402
1199.png,99,59,Smoke,1687,573,1786,632
0205.png,55,46,Smoke,552,484,607,530
1416.png,29,218,Smoke,1164,333,1193,551
0240.png,95,176,Smoke,819,373,914,549
0283.png,65,197,Smoke,1617,422,1682,619
0379.png,95,139,Smoke,821,409,916,548
1326.png,80,48,Smoke,414,514,494,562
1226.png,97,151,Smoke,816,392,913,543
1103.png,76,250,Smoke,1615,391,1691,641
0367.png,69,59,Smoke,1691,580,1760,639
0281.png,55,46,Smoke,552,484,607,530
0738.png,29,218,Smoke,1163,355,1192,573
0828.png,107,179,Smoke,815,369,922,548
1194.png,101,107,Smoke,635,446,736,553
1197.png,23,113,Smoke,1213,469,1236,582
1460.png,80,48,Smoke,414,514,494,562
1566.png,57,57,Smoke,1761,304,1818,361
0399.png,95,139,Smoke,821,410,916,549
0108.png,76,92,Smoke,1768,309,1844,401
0771.png,111,233,Smoke,1019,321,1130,554
0445.png,95,139,Smoke,820,403,915,542
0435.png,69,59,Smoke,1690,578,1759,637
0381.png,23,113,Smoke,1214,464,1237,577
1735.png,122,78,Smoke,813,473,935,551
1729.png,128,246,Smoke,1023,314,1151,560
1107.png,101,107,Smoke,635,446,736,553
0666.png,76,118,Smoke,1771,305,1847,423
1508.png,55,80,Smoke,546,424,601,504
0746.png,57,57,Smoke,1773,313,1830,370
1325.png,124,174,Smoke,1256,377,1380,551
0144.png,48,34,Smoke,559,483,607,517
0137.png,57,48,Smoke,1705,577,1762,625
0035.png,48,34,Smoke,559,483,607,517
1198.png,29,218,Smoke,1164,333,1193,551
1239.png,32,158,Smoke,963,376,995,534
1559.png,57,57,Smoke,1761,304,1818,361
0730.png,99,59,Smoke,1692,576,1791,635
0884.png,29,218,Smoke,1163,355,1192,573
0171.png,29,218,Smoke,1163,348,1192,566
0883.png,50,128,Smoke,1431,424,1481,552
0342.png,32,158,Smoke,962,387,994,545
0935.png,55,80,Smoke,546,424,601,504
0217.png,32,158,Smoke,962,387,994,545
1001.png,99,59,Smoke,1689,577,1788,636
1367.png,23,151,Smoke,1212,423,1235,574
0272.png,50,116,Smoke,1431,428,1481,544
0289.png,148,86,Smoke,1772,448,1920,534
0980.png,23,113,Smoke,1214,468,1237,581
1769.png,32,170,Smoke,966,386,998,556
1671.png,23,151,Smoke,1210,420,1233,571
0599.png,65,218,Smoke,1620,397,1685,615
0632.png,174,109,Smoke,1746,449,1920,558
0545.png,76,118,Smoke,1771,309,1847,427
1604.png,29,218,Smoke,1163,337,1192,555
0570.png,57,57,Smoke,1773,313,1830,370
1494.png,141,67,Smoke,1757,373,1898,440
1660.png,76,227,Smoke,1623,383,1699,610
1774.png,141,67,Smoke,1763,371,1904,438
1404.png,101,107,Smoke,635,446,736,553
1129.png,99,57,Smoke,1771,391,1870,448
0238.png,65,197,Smoke,1618,423,1683,620
0876.png,57,57,Smoke,1773,313,1830,370
1123.png,124,174,Smoke,1254,377,1378,551
1338.png,80,48,Smoke,414,514,494,562
0490.png,29,218,Smoke,1163,356,1192,574
0336.png,55,84,Smoke,450,460,505,544
1170.png,32,158,Smoke,963,376,995,534
0659.png,174,109,Smoke,1746,449,1920,558
0865.png,107,179,Smoke,815,370,922,549
0361.png,23,113,Smoke,1214,464,1237,577
1241.png,32,158,Smoke,963,376,995,534
1607.png,29,218,Smoke,1163,337,1192,555
0064.png,74,99,Smoke,663,446,737,545
0050.png,107,195,Smoke,1017,355,1124,550
1377.png,50,128,Smoke,1431,415,1481,543
0555.png,65,218,Smoke,1618,397,1683,615
1311.png,29,218,Smoke,1164,335,1193,553
1196.png,124,174,Smoke,1254,377,1378,551
0874.png,111,233,Smoke,1020,318,1131,551
0382.png,69,59,Smoke,1691,579,1760,638
0955.png,76,118,Smoke,1769,316,1845,434
0561.png,65,218,Smoke,1618,397,1683,615
1152.png,32,158,Smoke,963,376,995,534
0448.png,76,118,Smoke,1772,311,1848,429
0175.png,57,48,Smoke,1704,577,1761,625
1469.png,23,151,Smoke,1212,423,1235,574
0211.png,65,197,Smoke,1617,422,1682,619
1478.png,57,57,Smoke,1759,304,1816,361
0761.png,23,113,Smoke,1214,467,1237,580
0067.png,23,113,Smoke,1214,464,1237,577
0040.png,74,99,Smoke,646,447,720,546
0013.png,145,116,Smoke,1194,430,1339,546
1179.png,111,246,Smoke,1032,307,1143,553
0668.png,65,218,Smoke,1620,397,1685,615
1264.png,99,59,Smoke,1689,575,1788,634
1568.png,55,80,Smoke,546,424,601,504
0783.png,57,57,Smoke,1773,313,1830,370
0806.png,57,57,Smoke,1773,313,1830,370
1379.png,90,67,Smoke,815,490,905,557
1613.png,80,57,Smoke,1763,302,1843,359
0458.png,65,197,Smoke,1617,423,1682,620
0033.png,55,143,Smoke,423,395,478,538
1524.png,170,57,Smoke,568,498,738,555
0803.png,76,118,Smoke,1773,302,1849,420
1318.png,23,113,Smoke,1212,466,1235,579
1277.png,99,59,Smoke,1689,574,1788,633
1649.png,55,80,Smoke,546,424,601,504
1356.png,23,151,Smoke,1212,422,1235,573
0108.png,107,195,Smoke,1022,354,1129,549
1651.png,80,48,Smoke,414,514,494,562
0091.png,32,158,Smoke,961,387,993,545
1348.png,130,227,Smoke,1022,325,1152,552
0114.png,76,92,Smoke,1769,310,1845,402
1106.png,99,57,Smoke,1771,391,1870,448
1311.png,179,109,Smoke,1741,458,1920,567
0379.png,55,80,Smoke,546,422,601,502
1512.png,76,227,Smoke,1621,384,1697,611
1417.png,23,151,Smoke,1212,423,1235,574
0292.png,76,92,Smoke,1768,311,1844,403
1341.png,76,250,Smoke,1616,380,1692,630
0312.png,55,84,Smoke,450,460,505,544
0501.png,65,197,Smoke,1617,421,1682,618
1735.png,80,57,Smoke,1758,299,1838,356
1780.png,55,80,Smoke,546,424,601,504
0871.png,57,57,Smoke,1773,313,1830,370
0020.png,34,116,Smoke,1403,434,1437,550
0504.png,32,158,Smoke,962,388,994,546
1011.png,179,109,Smoke,1741,458,1920,567
1126.png,23,113,Smoke,1214,470,1237,583
0127.png,50,116,Smoke,1433,434,1483,550
1732.png,29,218,Smoke,1161,339,1190,557
0401.png,50,116,Smoke,1431,428,1481,544
0768.png,174,109,Smoke,1746,448,1920,557
0285.png,50,116,Smoke,1431,429,1481,545
1568.png,32,170,Smoke,962,371,994,541
0012.png,48,34,Smoke,559,483,607,517
0621.png,99,59,Smoke,1692,576,1791,635
1280.png,130,227,Smoke,1017,326,1147,553
0504.png,65,197,Smoke,1617,421,1682,618
1711.png,181,109,Smoke,1739,456,1920,565
0525.png,97,120,Smoke,647,427,744,547
1621.png,141,67,Smoke,1759,374,1900,441
0298.png,65,197,Smoke,1617,422,1682,619
0563.png,29,218,Smoke,1163,357,1192,575
0190.png,50,116,Smoke,1432,426,1482,542
1770.png,23,151,Smoke,1215,416,1238,567
1634.png,141,67,Smoke,1758,374,1899,441
1263.png,84,67,Smoke,1760,375,1844,442
0537.png,50,128,Smoke,1435,420,1485,548
1254.png,55,80,Smoke,546,424,601,504
0909.png,76,118,Smoke,1770,316,1846,434
0820.png,32,158,Smoke,963,386,995,544
1127.png,99,57,Smoke,1771,391,1870,448
0449.png,50,116,Smoke,1431,428,1481,544
1623.png,132,155,Smoke,1246,399,1378,554
1061.png,124,174,Smoke,1253,377,1377,551
1232.png,99,59,Smoke,1687,574,1786,633
0558.png,50,128,Smoke,1434,421,1484,549
0054.png,55,143,Smoke,443,389,498,532
1145.png,84,67,Smoke,1762,378,1846,445
0190.png,55,46,Smoke,552,484,607,530
0559.png,55,80,Smoke,546,424,601,504
1365.png,90,67,Smoke,817,491,907,558
0891.png,55,80,Smoke,546,424,601,504
0642.png,76,118,Smoke,1771,305,1847,423
1083.png,32,158,Smoke,963,377,995,535
0794.png,76,250,Smoke,1615,394,1691,644
0798.png,170,67,Smoke,568,489,738,556
1351.png,57,57,Smoke,1773,313,1830,370
0942.png,80,48,Smoke,414,514,494,562
1780.png,32,170,Smoke,966,388,998,558
0460.png,140,109,Smoke,1780,446,1920,555
0771.png,55,80,Smoke,546,424,601,504
0236.png,23,113,Smoke,1214,464,1237,577
1301.png,179,109,Smoke,1741,458,1920,567
0017.png,23,113,Smoke,1214,464,1237,577
1138.png,50,128,Smoke,1431,420,1481,548
1728.png,80,48,Smoke,414,514,494,562
1248.png,55,80,Smoke,546,424,601,504
1273.png,97,82,Smoke,815,458,912,540
1336.png,50,128,Smoke,1431,418,1481,546
0837.png,23,113,Smoke,1214,468,1237,581
1396.png,80,48,Smoke,414,514,494,562
1150.png,29,218,Smoke,1164,331,1193,549
0252.png,23,113,Smoke,1214,464,1237,577
0685.png,55,80,Smoke,546,424,601,504
1512.png,55,80,Smoke,546,424,601,504
0235.png,32,158,Smoke,962,387,994,545
1216.png,55,80,Smoke,546,424,601,504
1352.png,179,109,Smoke,1741,459,1920,568
0800.png,23,113,Smoke,1214,467,1237,580
0276.png,69,59,Smoke,1691,577,1760,636
0895.png,76,118,Smoke,1770,317,1846,435
1626.png,29,218,Smoke,1161,337,1190,555
1708.png,128,246,Smoke,1022,313,1150,559
0401.png,55,84,Smoke,450,460,505,544
1376.png,92,57,Smoke,1754,305,1846,362
1310.png,23,113,Smoke,1212,466,1235,579
1044.png,97,151,Smoke,813,392,910,543
0977.png,111,233,Smoke,1026,317,1137,550
0727.png,32,158,Smoke,963,388,995,546
1475.png,141,67,Smoke,1758,374,1899,441
1078.png,101,107,Smoke,635,446,736,553
0379.png,29,218,Smoke,1163,357,1192,575
0644.png,111,221,Smoke,1021,323,1132,544
0151.png,145,116,Smoke,1226,427,1371,543
0921.png,101,160,Smoke,813,385,914,545
1758.png,80,48,Smoke,414,514,494,562
1038.png,76,118,Smoke,1769,317,1845,435
0237.png,142,86,Smoke,1778,457,1920,543
0098.png,95,176,Smoke,818,374,913,550
0312.png,50,116,Smoke,1431,427,1481,543
1439.png,29,218,Smoke,1164,335,1193,553
1018.png,23,113,Smoke,1214,467,1237,580
0974.png,99,59,Smoke,1688,577,1787,636
1527.png,170,57,Smoke,568,498,738,555
0261.png,69,86,Smoke,669,444,738,530
0435.png,32,158,Smoke,962,387,994,545
0560.png,29,218,Smoke,1163,357,1192,575
1334.png,29,218,Smoke,1164,336,1193,554
1449.png,80,48,Smoke,414,514,494,562
1701.png,155,48,Smoke,1722,579,1877,627
1763.png,80,48,Smoke,414,514,494,562
1438.png,155,48,Smoke,1717,578,1872,626
0845.png,107,179,Smoke,815,369,922,548
0536.png,95,155,Smoke,824,394,919,549
1770.png,141,67,Smoke,1761,371,1902,438
0574.png,99,59,Smoke,1692,576,1791,635
1147.png,23,113,Smoke,1213,472,1236,585
1329.png,32,170,Smoke,962,378,994,548
1621.png,132,155,Smoke,1246,397,1378,552
0404.png,65,197,Smoke,1617,422,1682,619
0921.png,80,48,Smoke,414,514,494,562
1481.png,132,155,Smoke,1247,397,1379,552
1584.png,32,170,Smoke,963,371,995,541
0532.png,65,197,Smoke,1617,424,1682,621
1725.png,99,55,Smoke,642,498,741,553
1720.png,80,48,Smoke,414,514,494,562
0422.png,32,158,Smoke,962,387,994,545
1535.png,80,48,Smoke,414,514,494,562
0769.png,29,218,Smoke,1163,355,1192,573
0483.png,29,218,Smoke,1163,356,1192,574
0766.png,57,57,Smoke,1773,313,1830,370
0908.png,174,109,Smoke,1746,452,1920,561
0896.png,111,233,Smoke,1023,317,1134,550
1048.png,74,74,Smoke,1769,361,1843,435
1295.png,55,80,Smoke,546,424,601,504
1246.png,50,128,Smoke,1431,419,1481,547
0298.png,124,174,Smoke,1250,378,1374,552
1319.png,32,170,Smoke,962,378,994,548
0034.png,34,116,Smoke,1413,433,1447,549
0322.png,95,139,Smoke,822,409,917,548
1336.png,80,48,Smoke,414,514,494,562
0089.png,65,197,Smoke,1618,422,1683,619
1768.png,76,258,Smoke,1624,384,1700,642
1420.png,132,155,Smoke,1248,396,1380,551
1310.png,50,128,Smoke,1431,419,1481,547
0663.png,76,118,Smoke,1771,305,1847,423
1462.png,103,55,Smoke,817,497,920,552
0616.png,76,118,Smoke,1770,308,1846,426
0679.png,23,113,Smoke,1213,465,1236,578
1069.png,29,218,Smoke,1163,343,1192,561
1632.png,80,48,Smoke,414,514,494,562
0532.png,97,120,Smoke,647,425,744,545
0637.png,55,80,Smoke,546,424,601,504
1280.png,101,107,Smoke,635,446,736,553
0496.png,95,155,Smoke,823,395,918,550
0746.png,99,59,Smoke,1692,575,1791,634
0949.png,23,113,Smoke,1214,468,1237,581
1735.png,76,258,Smoke,1624,381,1700,639
0243.png,65,197,Smoke,1617,422,1682,619
0917.png,111,233,Smoke,1025,318,1136,551
1696.png,180,109,Smoke,1740,456,1920,565
0085.png,48,34,Smoke,559,483,607,517
0718.png,174,109,Smoke,1746,449,1920,558
0595.png,32,158,Smoke,962,389,994,547
0561.png,32,158,Smoke,962,389,994,547
1281.png,55,80,Smoke,546,424,601,504
0721.png,55,80,Smoke,546,424,601,504
1554.png,130,227,Smoke,1025,311,1155,538
0726.png,99,59,Smoke,1692,576,1791,635
0266.png,55,46,Smoke,552,484,607,530
0185.png,57,57,Smoke,1773,313,1830,370
0860.png,99,59,Smoke,1689,577,1788,636
1583.png,111,76,Smoke,815,477,926,553
0305.png,76,95,Smoke,664,437,740,532
1384.png,101,107,Smoke,635,446,736,553
0122.png,48,34,Smoke,559,483,607,517
0349.png,124,174,Smoke,1251,378,1375,552
1711.png,55,80,Smoke,546,424,601,504
0478.png,95,155,Smoke,822,395,917,550
1539.png,170,57,Smoke,568,497,738,554
0936.png,76,250,Smoke,1613,388,1689,638
0850.png,55,80,Smoke,546,424,601,504
1686.png,23,151,Smoke,1210,421,1233,572
0688.png,55,80,Smoke,546,424,601,504
0806.png,99,59,Smoke,1690,576,1789,635
1059.png,23,113,Smoke,1214,468,1237,581
1465.png,132,155,Smoke,1247,397,1379,552
0120.png,29,218,Smoke,1164,347,1193,565
0423.png,50,116,Smoke,1431,428,1481,544
1615.png,80,57,Smoke,1763,302,1843,359
0852.png,107,179,Smoke,815,369,922,548
1253.png,111,246,Smoke,1032,309,1143,555
0488.png,124,174,Smoke,1251,378,1375,552
0080.png,107,195,Smoke,1022,357,1129,552
1225.png,76,250,Smoke,1614,389,1690,639
1041.png,76,250,Smoke,1615,391,1691,641
1749.png,55,80,Smoke,546,424,601,504
0081.png,76,92,Smoke,1768,309,1844,401
0943.png,111,233,Smoke,1027,317,1138,550
0951.png,179,109,Smoke,1741,456,1920,565
1568.png,155,48,Smoke,1722,582,1877,630
0299.png,69,59,Smoke,1690,577,1759,636
0571.png,99,59,Smoke,1692,576,1791,635
1000.png,86,160,Smoke,813,387,899,547
0882.png,111,233,Smoke,1023,318,1134,551
1027.png,101,107,Smoke,636,446,737,553
0072.png,74,99,Smoke,663,445,737,544
0162.png,76,92,Smoke,1769,310,1845,402
0346.png,23,113,Smoke,1214,464,1237,577
1645.png,113,57,Smoke,629,495,742,552
0210.png,65,197,Smoke,1617,422,1682,619
1008.png,55,80,Smoke,546,424,601,504
1640.png,132,155,Smoke,1246,397,1378,552
1773.png,99,55,Smoke,642,499,741,554
0592.png,124,174,Smoke,1251,377,1375,551
0704.png,174,109,Smoke,1746,449,1920,558
0594.png,65,218,Smoke,1619,397,1684,615
1269.png,179,109,Smoke,1741,458,1920,567
1231.png,29,218,Smoke,1164,333,1193,551
0666.png,80,48,Smoke,414,514,494,562
0482.png,97,120,Smoke,646,423,743,543
0849.png,80,48,Smoke,414,514,494,562
0423.png,86,107,Smoke,656,431,742,538
0327.png,29,218,Smoke,1163,356,1192,574
1112.png,55,80,Smoke,546,424,601,504
1074.png,29,218,Smoke,1163,341,1192,559
0922.png,124,174,Smoke,1252,379,1376,553
0202.png,23,113,Smoke,1214,464,1237,577
1657.png,113,57,Smoke,629,495,742,552
0041.png,34,116,Smoke,1420,433,1454,549
0055.png,32,158,Smoke,959,388,991,546
1528.png,55,80,Smoke,546,424,601,504
1324.png,99,59,Smoke,1689,575,1788,634
1150.png,55,80,Smoke,546,424,601,504
0870.png,76,250,Smoke,1615,392,1691,642
1438.png,90,67,Smoke,816,486,906,553
0784.png,23,113,Smoke,1214,467,1237,580
1722.png,50,128,Smoke,1431,412,1481,540
0276.png,57,57,Smoke,1773,313,1830,370
1275.png,76,250,Smoke,1615,387,1691,637
1611.png,55,80,Smoke,546,424,601,504
1002.png,76,250,Smoke,1615,390,1691,640
0786.png,23,113,Smoke,1214,467,1237,580
1521.png,57,57,Smoke,1761,304,1818,361
0914.png,143,95,Smoke,598,460,741,555
1347.png,128,59,Smoke,1693,577,1821,636
1569.png,50,128,Smoke,1431,412,1481,540
1485.png,132,155,Smoke,1247,396,1379,551
0994.png,101,107,Smoke,636,448,737,555
1572.png,182,109,Smoke,1738,457,1920,566
0143.png,50,116,Smoke,1433,430,1483,546
1331.png,90,67,Smoke,815,490,905,557
0766.png,99,59,Smoke,1692,575,1791,634
0609.png,32,158,Smoke,962,390,994,548
0326.png,76,92,Smoke,1768,310,1844,402
1419.png,141,67,Smoke,1759,374,1900,441
0848.png,32,158,Smoke,963,386,995,544
1103.png,124,174,Smoke,1253,377,1377,551
0251.png,76,92,Smoke,1768,309,1844,401
1657.png,50,128,Smoke,1431,412,1481,540
0560.png,95,155,Smoke,824,394,919,549
0297.png,50,116,Smoke,1431,428,1481,544
0592.png,50,128,Smoke,1434,423,1484,551
0838.png,23,113,Smoke,1214,469,1237,582
0738.png,57,57,Smoke,1773,313,1830,370
1134.png,50,128,Smoke,1431,421,1481,549
0971.png,76,118,Smoke,1769,316,1845,434
0044.png,151,97,Smoke,1768,462,1919,559
0079.png,55,143,Smoke,446,387,501,530
0825.png,111,233,Smoke,1019,321,1130,554
1710.png,50,128,Smoke,1431,412,1481,540
1006.png,99,59,Smoke,1688,577,1787,636
0916.png,111,233,Smoke,1025,318,1136,551
1470.png,23,151,Smoke,1212,424,1235,575
1413.png,50,128,Smoke,1431,415,1481,543
0297.png,57,57,Smoke,1773,313,1830,370
1267.png,80,48,Smoke,414,514,494,562
0869.png,23,113,Smoke,1214,470,1237,583
1132.png,80,48,Smoke,414,514,494,562
1725.png,23,151,Smoke,1211,418,1234,569
1236.png,99,59,Smoke,1687,574,1786,633
1571.png,132,155,Smoke,1246,396,1378,551
0713.png,50,128,Smoke,1433,425,1483,553
0450.png,50,116,Smoke,1431,428,1481,544
0132.png,48,34,Smoke,559,483,607,517
0711.png,57,57,Smoke,1773,313,1830,370
0136.png,50,116,Smoke,1433,432,1483,548
1356.png,50,128,Smoke,1431,415,1481,543
1790.png,32,170,Smoke,966,388,998,558
0901.png,174,109,Smoke,1746,451,1920,560
0897.png,174,109,Smoke,1746,452,1920,561
0249.png,55,46,Smoke,552,484,607,530
0281.png,149,86,Smoke,1771,450,1920,536
0840.png,80,48,Smoke,414,514,494,562
1032.png,50,128,Smoke,1431,422,1481,550
0850.png,174,109,Smoke,1746,451,1920,560
0855.png,174,109,Smoke,1746,452,1920,561
0931.png,29,218,Smoke,1163,355,1192,573
1100.png,99,59,Smoke,1689,575,1788,634
1087.png,99,59,Smoke,1687,574,1786,633
0702.png,99,59,Smoke,1692,576,1791,635
0006.png,23,113,Smoke,1214,464,1237,577
1212.png,84,67,Smoke,1760,377,1844,444
0083.png,48,34,Smoke,559,483,607,517
0310.png,29,218,Smoke,1163,356,1192,574
0356.png,107,221,Smoke,1021,318,1128,539
0138.png,148,97,Smoke,1772,452,1920,549
0138.png,65,197,Smoke,1617,421,1682,618
0837.png,76,118,Smoke,1771,302,1847,420
0578.png,57,57,Smoke,1773,313,1830,370
0767.png,76,250,Smoke,1612,394,1688,644
1161.png,32,158,Smoke,963,376,995,534
1044.png,111,233,Smoke,1027,308,1138,541
0368.png,50,116,Smoke,1431,427,1481,543
0542.png,95,155,Smoke,823,394,918,549
1087.png,23,113,Smoke,1214,469,1237,582
1306.png,179,109,Smoke,1741,458,1920,567
1002.png,29,218,Smoke,1163,353,1192,571
0998.png,99,59,Smoke,1689,577,1788,636
1149.png,55,80,Smoke,546,424,601,504
0295.png,95,176,Smoke,822,374,917,550
1317.png,57,57,Smoke,1773,313,1830,370
0449.png,107,221,Smoke,1023,318,1130,539
1008.png,99,59,Smoke,1688,577,1787,636
1533.png,155,48,Smoke,1721,582,1876,630
1483.png,29,218,Smoke,1164,333,1193,551
0110.png,145,116,Smoke,1226,427,1371,543
1380.png,76,227,Smoke,1615,382,1691,609
1274.png,50,128,Smoke,1431,417,1481,545
0206.png,107,221,Smoke,1021,323,1128,544
1138.png,124,174,Smoke,1254,377,1378,551
0784.png,174,109,Smoke,1746,449,1920,558
1447.png,141,67,Smoke,1759,374,1900,441
1346.png,179,109,Smoke,1741,459,1920,568
1246.png,80,48,Smoke,414,514,494,562
1016.png,124,174,Smoke,1253,379,1377,553
1414.png,130,227,Smoke,1024,323,1154,550
1484.png,23,151,Smoke,1212,422,1235,573
0588.png,109,155,Smoke,809,395,918,550
0815.png,99,59,Smoke,1689,577,1788,636
1780.png,23,151,Smoke,1215,416,1238,567
1056.png,76,250,Smoke,1615,389,1691,639
1771.png,76,258,Smoke,1625,384,1701,642
0109.png,95,176,Smoke,818,375,913,551
1519.png,155,48,Smoke,1721,581,1876,629
1067.png,32,158,Smoke,963,377,995,535
0120.png,32,158,Smoke,962,387,994,545
0239.png,69,59,Smoke,1690,577,1759,636
1497.png,141,67,Smoke,1756,374,1897,441
1090.png,55,80,Smoke,546,424,601,504
0241.png,57,57,Smoke,1773,313,1830,370
1503.png,170,57,Smoke,568,499,738,556
0933.png,99,59,Smoke,1688,577,1787,636
0053.png,29,170,Smoke,1163,384,1192,554
1128.png,111,246,Smoke,1030,308,1141,554
0490.png,124,174,Smoke,1251,378,1375,552
0235.png,29,218,Smoke,1162,368,1191,586
0870.png,76,118,Smoke,1770,317,1846,435
0945.png,111,233,Smoke,1027,317,1138,550
0931.png,55,80,Smoke,546,424,601,504
1462.png,170,57,Smoke,565,489,735,546
0160.png,32,158,Smoke,962,387,994,545
1605.png,55,80,Smoke,546,424,601,504
1481.png,103,55,Smoke,817,499,920,554
1701.png,80,48,Smoke,414,514,494,562
0366.png,107,221,Smoke,1021,319,1128,540
0634.png,23,113,Smoke,1213,465,1236,578
0984.png,55,80,Smoke,546,424,601,504
1514.png,103,55,Smoke,820,502,923,557
0098.png,57,57,Smoke,1773,313,1830,370
0966.png,101,160,Smoke,813,383,914,543
0822.png,50,128,Smoke,1431,426,1481,554
0943.png,180,109,Smoke,1740,453,1920,562
1114.png,111,246,Smoke,1031,308,1142,554
1157.png,29,218,Smoke,1164,333,1193,551
0386.png,55,84,Smoke,450,460,505,544
0205.png,95,176,Smoke,819,376,914,552
1748.png,23,151,Smoke,1214,417,1237,568
0027.png,74,99,Smoke,632,448,706,547
0276.png,50,116,Smoke,1431,428,1481,544
1222.png,76,250,Smoke,1614,389,1690,639
0687.png,55,80,Smoke,546,424,601,504
1294.png,84,67,Smoke,1760,375,1844,442
0284.png,65,197,Smoke,1617,422,1682,619
1095.png,111,246,Smoke,1030,307,1141,553
1168.png,32,158,Smoke,963,376,995,534
1137.png,179,109,Smoke,1741,458,1920,567
1659.png,80,57,Smoke,1759,301,1839,358
0984.png,32,158,Smoke,962,381,994,539
0424.png,55,84,Smoke,450,460,505,544
0628.png,76,118,Smoke,1771,307,1847,425
1249.png,179,109,Smoke,1741,458,1920,567
0254.png,29,218,Smoke,1163,356,1192,574
0625.png,55,80,Smoke,546,424,601,504
0292.png,29,218,Smoke,1163,356,1192,574
1337.png,179,109,Smoke,1741,459,1920,568
0623.png,32,158,Smoke,963,389,995,547
1539.png,130,227,Smoke,1026,315,1156,542
0973.png,76,118,Smoke,1769,316,1845,434
0395.png,76,92,Smoke,1768,310,1844,402
1526.png,130,227,Smoke,1025,315,1155,542
1263.png,57,57,Smoke,1773,313,1830,370
0043.png,74,99,Smoke,649,447,723,546
1351.png,141,67,Smoke,1759,375,1900,442
1224.png,29,218,Smoke,1164,333,1193,551
0305.png,95,139,Smoke,821,410,916,549
0151.png,74,99,Smoke,666,437,740,536
0557.png,23,113,Smoke,1214,465,1237,578
0201.png,55,46,Smoke,552,484,607,530
1746.png,99,55,Smoke,642,498,741,553
1580.png,23,151,Smoke,1211,424,1234,575
1768.png,32,170,Smoke,966,386,998,556
1098.png,32,158,Smoke,963,375,995,533
0798.png,76,118,Smoke,1772,302,1848,420
0247.png,141,86,Smoke,1779,456,1920,542
0051.png,29,170,Smoke,1165,382,1194,552
0153.png,107,195,Smoke,1022,350,1129,545
1544.png,50,128,Smoke,1430,413,1480,541
1100.png,29,218,Smoke,1164,331,1193,549
0507.png,76,118,Smoke,1771,309,1847,427
0771.png,32,158,Smoke,963,388,995,546
0791.png,32,158,Smoke,963,388,995,546
0505.png,23,113,Smoke,1214,464,1237,577
0978.png,118,107,Smoke,619,446,737,553
0945.png,76,250,Smoke,1613,388,1689,638
1357.png,128,59,Smoke,1692,577,1820,636
0750.png,23,113,Smoke,1213,468,1236,581
1764.png,180,109,Smoke,1740,457,1920,566
1177.png,111,246,Smoke,1031,306,1142,552
1103.png,50,128,Smoke,1431,422,1481,550
0791.png,174,109,Smoke,1746,449,1920,558
0272.png,57,57,Smoke,1773,313,1830,370
1457.png,132,155,Smoke,1247,398,1379,553
1161.png,76,250,Smoke,1613,390,1689,640
0388.png,55,84,Smoke,450,460,505,544
0215.png,74,99,Smoke,666,431,740,530
1161.png,80,48,Smoke,414,514,494,562
0981.png,118,107,Smoke,619,448,737,555
0253.png,69,86,Smoke,669,444,738,530
1627.png,80,57,Smoke,1763,302,1843,359
0326.png,95,139,Smoke,822,409,917,548
1060.png,55,80,Smoke,546,424,601,504
0457.png,76,118,Smoke,1770,310,1846,428
0692.png,80,48,Smoke,414,514,494,562
0970.png,101,160,Smoke,812,381,913,541
1778.png,50,128,Smoke,1431,412,1481,540
1195.png,23,113,Smoke,1213,469,1236,582
0387.png,107,221,Smoke,1022,319,1129,540
0478.png,80,48,Smoke,423,504,503,552
1789.png,181,109,Smoke,1739,458,1920,567
0998.png,32,158,Smoke,962,381,994,539
1121.png,32,158,Smoke,963,376,995,534
1375.png,76,227,Smoke,1615,382,1691,609
1369.png,55,80,Smoke,546,424,601,504
0126.png,29,218,Smoke,1164,346,1193,564
0002.png,34,116,Smoke,1403,433,1437,549
0659.png,99,59,Smoke,1692,575,1791,634
0186.png,107,195,Smoke,1021,350,1128,545
0287.png,32,158,Smoke,962,387,994,545
0593.png,57,57,Smoke,1773,313,1830,370
1312.png,101,107,Smoke,635,446,736,553
0414.png,107,221,Smoke,1021,317,1128,538
0577.png,99,59,Smoke,1692,576,1791,635
0854.png,76,250,Smoke,1615,392,1691,642
1232.png,55,80,Smoke,546,424,601,504
0596.png,76,118,Smoke,1770,308,1846,426
1184.png,97,151,Smoke,816,391,913,542
0764.png,57,57,Smoke,1773,313,1830,370
1684.png,23,151,Smoke,1210,421,1233,572
0714.png,160,57,Smoke,581,499,741,556
1471.png,181,109,Smoke,1739,457,1920,566
1343.png,101,107,Smoke,635,446,736,553
0394.png,69,59,Smoke,1691,579,1760,638
1099.png,111,246,Smoke,1030,307,1141,553
0866.png,55,80,Smoke,546,424,601,504
0395.png,69,59,Smoke,1691,579,1760,638
1032.png,76,118,Smoke,1769,317,1845,435
0479.png,57,57,Smoke,1773,313,1830,370
0962.png,111,233,Smoke,1027,317,1138,550
0514.png,69,59,Smoke,1688,578,1757,637
0465.png,69,59,Smoke,1689,578,1758,637
0734.png,32,158,Smoke,963,388,995,546
1578.png,130,227,Smoke,1025,311,1155,538
0843.png,124,174,Smoke,1251,379,1375,553
0313.png,76,95,Smoke,664,435,740,530
1320.png,57,57,Smoke,1773,313,1830,370
1596.png,155,48,Smoke,1722,581,1877,629
1105.png,101,107,Smoke,635,446,736,553
1713.png,155,48,Smoke,1722,579,1877,627
0484.png,141,109,Smoke,1779,446,1920,555
0671.png,29,218,Smoke,1163,358,1192,576
1035.png,50,128,Smoke,1431,422,1481,550
0703.png,32,158,Smoke,963,388,995,546
0381.png,69,59,Smoke,1691,580,1760,639
0313.png,146,113,Smoke,1774,445,1920,558
0916.png,124,174,Smoke,1252,379,1376,553
0587.png,99,59,Smoke,1692,575,1791,634
0027.png,32,158,Smoke,931,389,963,547
1365.png,57,57,Smoke,1773,311,1830,368
1552.png,80,48,Smoke,414,514,494,562
0516.png,76,118,Smoke,1772,309,1848,427
1548.png,141,67,Smoke,1757,376,1898,443
0146.png,65,197,Smoke,1617,421,1682,618
0628.png,57,57,Smoke,1773,313,1830,370
1532.png,32,170,Smoke,962,375,994,545
1653.png,32,170,Smoke,963,378,995,548
0735.png,109,179,Smoke,813,368,922,547
1668.png,76,227,Smoke,1624,381,1700,608
0027.png,23,113,Smoke,1214,464,1237,577
1614.png,55,80,Smoke,546,424,601,504
0745.png,80,48,Smoke,414,514,494,562
1431.png,23,151,Smoke,1212,423,1235,574
1246.png,179,109,Smoke,1741,458,1920,567
0377.png,65,197,Smoke,1617,422,1682,619
1573.png,29,218,Smoke,1163,341,1192,559
0594.png,97,120,Smoke,647,429,744,549
1767.png,132,155,Smoke,1245,399,1377,554
0338.png,107,221,Smoke,1021,319,1128,540
0269.png,69,59,Smoke,1691,577,1760,636
1503.png,130,227,Smoke,1024,319,1154,546
0409.png,95,139,Smoke,821,407,916,546
0662.png,50,128,Smoke,1434,426,1484,554
0147.png,32,158,Smoke,962,387,994,545
1175.png,97,151,Smoke,816,392,913,543
0118.png,23,113,Smoke,1214,464,1237,577
1091.png,179,109,Smoke,1741,457,1920,566
1218.png,23,113,Smoke,1213,468,1236,581
0841.png,29,218,Smoke,1163,355,1192,573
1023.png,57,57,Smoke,1773,313,1830,370
0068.png,95,176,Smoke,818,378,913,554
0527.png,124,174,Smoke,1250,378,1374,552
0287.png,148,86,Smoke,1772,449,1920,535
1013.png,29,218,Smoke,1163,353,1192,571
0901.png,32,158,Smoke,963,380,995,538
1412.png,130,227,Smoke,1023,324,1153,551
0716.png,76,250,Smoke,1611,397,1687,647
1386.png,23,151,Smoke,1212,422,1235,573
0129.png,50,116,Smoke,1433,434,1483,550
0275.png,50,116,Smoke,1431,428,1481,544
0818.png,76,118,Smoke,1772,302,1848,420
0642.png,23,113,Smoke,1213,465,1236,578
0406.png,57,57,Smoke,1773,313,1830,370
1037.png,23,113,Smoke,1214,467,1237,580
0152.png,65,197,Smoke,1617,421,1682,618
1679.png,23,151,Smoke,1210,422,1233,573
1380.png,50,128,Smoke,1431,415,1481,543
0691.png,29,218,Smoke,1163,357,1192,575
1212.png,101,107,Smoke,635,446,736,553
1600.png,132,155,Smoke,1246,397,1378,552
1088.png,99,59,Smoke,1687,574,1786,633
0541.png,23,113,Smoke,1214,465,1237,578
0976.png,29,218,Smoke,1163,355,1192,573
0272.png,55,84,Smoke,450,460,505,544
0234.png,23,113,Smoke,1214,464,1237,577
1485.png,76,227,Smoke,1620,384,1696,611
0075.png,23,113,Smoke,1214,464,1237,577
1126.png,179,109,Smoke,1741,457,1920,566
0807.png,29,218,Smoke,1163,355,1192,573
0381.png,76,92,Smoke,1767,310,1843,402
1602.png,113,57,Smoke,629,497,742,554
1591.png,50,128,Smoke,1431,412,1481,540
0520.png,124,174,Smoke,1250,378,1374,552
0525.png,76,118,Smoke,1772,309,1848,427
0758.png,76,250,Smoke,1610,392,1686,642
1489.png,80,48,Smoke,414,514,494,562
1485.png,155,48,Smoke,1719,580,1874,628
1490.png,103,55,Smoke,818,499,921,554
1017.png,76,118,Smoke,1769,317,1845,435
1797.png,50,128,Smoke,1431,412,1481,540
1263.png,130,227,Smoke,1016,328,1146,555
0059.png,95,176,Smoke,817,379,912,555
0385.png,55,80,Smoke,546,422,601,502
0994.png,57,57,Smoke,1773,313,1830,370
0904.png,99,59,Smoke,1688,577,1787,636
0534.png,95,155,Smoke,824,394,919,549
0981.png,76,118,Smoke,1769,316,1845,434
0130.png,55,143,Smoke,445,387,500,530
0541.png,124,174,Smoke,1250,378,1374,552
1091.png,23,113,Smoke,1214,470,1237,583
1396.png,29,218,Smoke,1164,335,1193,553
1070.png,29,218,Smoke,1163,343,1192,561
1025.png,57,57,Smoke,1773,313,1830,370
0860.png,124,174,Smoke,1251,379,1375,553
1258.png,84,67,Smoke,1760,375,1844,442
0422.png,65,197,Smoke,1617,423,1682,620
0717.png,55,80,Smoke,546,424,601,504
0197.png,145,86,Smoke,1775,459,1920,545
0347.png,55,46,Smoke,552,484,607,530
0720.png,55,80,Smoke,546,424,601,504
1183.png,50,128,Smoke,1431,420,1481,548
1358.png,80,48,Smoke,414,514,494,562
1451.png,132,155,Smoke,1247,396,1379,551
1781.png,32,170,Smoke,966,388,998,558
0930.png,174,109,Smoke,1746,452,1920,561
1630.png,23,151,Smoke,1210,421,1233,572
0485.png,107,221,Smoke,1023,316,1130,537
1564.png,32,170,Smoke,962,373,994,543
1553.png,76,227,Smoke,1621,384,1697,611
1272.png,76,250,Smoke,1616,387,1692,637
1375.png,29,218,Smoke,1164,337,1193,555
0403.png,57,57,Smoke,1773,313,1830,370
1007.png,57,57,Smoke,1773,313,1830,370
1780.png,29,218,Smoke,1161,339,1190,557
1282.png,99,59,Smoke,1689,574,1788,633
0755.png,160,57,Smoke,580,501,740,558
1239.png,179,109,Smoke,1741,458,1920,567
1684.png,122,78,Smoke,812,474,934,552
1681.png,122,78,Smoke,812,474,934,552
0139.png,57,48,Smoke,1705,577,1762,625
1461.png,181,109,Smoke,1739,456,1920,565
0730.png,23,113,Smoke,1213,467,1236,580
0459.png,107,221,Smoke,1022,318,1129,539
0980.png,76,118,Smoke,1769,316,1845,434
1632.png,180,109,Smoke,1740,456,1920,565
0481.png,107,221,Smoke,1023,318,1130,539
0358.png,107,221,Smoke,1021,319,1128,540
1575.png,29,218,Smoke,1163,341,1192,559
0502.png,32,158,Smoke,962,387,994,545
0017.png,74,99,Smoke,628,448,702,547
0947.png,76,250,Smoke,1613,388,1689,638
1700.png,32,170,Smoke,966,380,998,550
1571.png,76,227,Smoke,1621,384,1697,611
0650.png,23,113,Smoke,1213,465,1236,578
1683.png,80,48,Smoke,414,514,494,562
0210.png,55,46,Smoke,552,484,607,530
0441.png,107,221,Smoke,1022,318,1129,539
0613.png,57,57,Smoke,1773,313,1830,370
1007.png,76,250,Smoke,1615,390,1691,640
0024.png,50,147,Smoke,420,398,470,545
1522.png,50,128,Smoke,1431,412,1481,540
0463.png,86,107,Smoke,657,427,743,534
1158.png,101,107,Smoke,635,446,736,553
1690.png,76,227,Smoke,1623,383,1699,610
0329.png,32,158,Smoke,962,387,994,545
0175.png,148,97,Smoke,1772,449,1920,546
0499.png,95,155,Smoke,823,393,918,548
1730.png,76,258,Smoke,1624,382,1700,640
0412.png,32,158,Smoke,962,388,994,546
0619.png,80,48,Smoke,414,516,494,564
0860.png,55,80,Smoke,546,424,601,504
0170.png,74,99,Smoke,667,433,741,532
0371.png,32,158,Smoke,962,387,994,545
0708.png,23,113,Smoke,1213,466,1236,579
0074.png,57,48,Smoke,1704,577,1761,625
0342.png,55,46,Smoke,552,484,607,530
0774.png,32,158,Smoke,963,388,995,546
0446.png,32,158,Smoke,962,387,994,545
0135.png,32,158,Smoke,962,387,994,545
1712.png,99,55,Smoke,642,498,741,553
0570.png,80,48,Smoke,415,515,495,563
0520.png,76,118,Smoke,1772,309,1848,427
1050.png,111,246,Smoke,1027,309,1138,555
1651.png,23,151,Smoke,1210,423,1233,574
1200.png,111,246,Smoke,1032,307,1143,553
0187.png,76,92,Smoke,1768,309,1844,401
0625.png,32,158,Smoke,963,389,995,547
0149.png,145,116,Smoke,1226,427,1371,543
1293.png,99,59,Smoke,1689,574,1788,633
0632.png,50,128,Smoke,1434,424,1484,552
0956.png,29,218,Smoke,1163,353,1192,571
0008.png,76,92,Smoke,1734,309,1810,401
0919.png,99,59,Smoke,1687,576,1786,635
1688.png,155,48,Smoke,1722,579,1877,627
0606.png,65,218,Smoke,1620,397,1685,615
0007.png,34,116,Smoke,1403,433,1437,549
1691.png,128,246,Smoke,1022,312,1150,558
1695.png,55,80,Smoke,546,424,601,504
0369.png,32,158,Smoke,962,387,994,545
0209.png,74,99,Smoke,666,431,740,530
1204.png,84,67,Smoke,1761,377,1845,444
1525.png,76,227,Smoke,1622,384,1698,611
0654.png,111,221,Smoke,1021,321,1132,542
0025.png,107,195,Smoke,992,357,1099,552
1213.png,99,59,Smoke,1687,574,1786,633
0931.png,23,113,Smoke,1214,466,1237,579
0135.png,76,92,Smoke,1768,310,1844,402
1785.png,132,155,Smoke,1245,399,1377,554
1132.png,50,128,Smoke,1431,421,1481,549
0163.png,148,97,Smoke,1772,449,1920,546
0312.png,76,92,Smoke,1768,310,1844,402
0261.png,95,176,Smoke,819,372,914,548
0232.png,65,197,Smoke,1618,423,1683,620
1474.png,130,227,Smoke,1024,321,1154,548
0141.png,55,143,Smoke,445,386,500,529
0730.png,111,221,Smoke,1019,321,1130,542
0141.png,95,176,Smoke,818,377,913,553
1337.png,90,67,Smoke,815,490,905,557
0310.png,50,116,Smoke,1431,428,1481,544
0023.png,50,147,Smoke,419,397,469,544
1028.png,80,48,Smoke,414,514,494,562
1791.png,99,55,Smoke,642,499,741,554
1545.png,55,80,Smoke,546,424,601,504
1325.png,99,59,Smoke,1689,575,1788,634
1766.png,29,218,Smoke,1161,341,1190,559
1116.png,50,128,Smoke,1431,421,1481,549
0456.png,69,59,Smoke,1689,578,1758,637
0655.png,124,174,Smoke,1250,378,1374,552
1516.png,130,227,Smoke,1024,318,1154,545
1088.png,50,128,Smoke,1431,422,1481,550
1000.png,23,113,Smoke,1214,466,1237,579
1523.png,130,227,Smoke,1025,315,1155,542
1739.png,141,67,Smoke,1759,371,1900,438
1357.png,179,109,Smoke,1741,459,1920,568
0890.png,23,113,Smoke,1214,467,1237,580
1029.png,124,174,Smoke,1253,377,1377,551
0577.png,23,113,Smoke,1214,465,1237,578
0576.png,97,120,Smoke,647,426,744,546
1686.png,155,48,Smoke,1722,579,1877,627
1267.png,99,59,Smoke,1689,575,1788,634
0343.png,65,197,Smoke,1617,422,1682,619
1207.png,57,57,Smoke,1773,313,1830,370
0040.png,151,97,Smoke,1760,462,1911,559
0794.png,57,57,Smoke,1773,313,1830,370
0668.png,32,158,Smoke,963,389,995,547
0728.png,109,179,Smoke,813,368,922,547
0227.png,107,221,Smoke,1021,323,1128,544
0854.png,50,128,Smoke,1431,426,1481,554
1727.png,29,218,Smoke,1161,337,1190,555
0533.png,76,118,Smoke,1770,308,1846,426
1161.png,50,128,Smoke,1431,420,1481,548
0239.png,50,116,Smoke,1431,428,1481,544
0946.png,80,48,Smoke,414,514,494,562
1635.png,23,151,Smoke,1210,422,1233,573
0970.png,76,250,Smoke,1615,390,1691,640
0130.png,76,92,Smoke,1768,310,1844,402
0116.png,74,99,Smoke,665,439,739,538
1498.png,50,128,Smoke,1431,412,1481,540
0014.png,29,170,Smoke,1136,380,1165,550
1577.png,32,170,Smoke,962,371,994,541
1181.png,124,174,Smoke,1254,377,1378,551
1484.png,180,109,Smoke,1740,456,1920,565
0592.png,65,218,Smoke,1620,398,1685,616
1265.png,50,128,Smoke,1431,417,1481,545
1150.png,179,109,Smoke,1741,457,1920,566
0633.png,111,221,Smoke,1020,322,1131,543
0275.png,57,57,Smoke,1773,313,1830,370
1700.png,128,246,Smoke,1022,313,1150,559
0787.png,50,128,Smoke,1431,425,1481,553
1375.png,124,174,Smoke,1256,377,1380,551
1649.png,80,57,Smoke,1762,302,1842,359
1659.png,141,67,Smoke,1759,373,1900,440
0129.png,32,158,Smoke,962,387,994,545
1491.png,130,227,Smoke,1024,318,1154,545
1043.png,111,233,Smoke,1027,309,1138,542
1270.png,130,227,Smoke,1016,327,1146,554
0723.png,76,118,Smoke,1772,304,1848,422
1561.png,23,151,Smoke,1212,423,1235,574
1798.png,80,48,Smoke,414,514,494,562
1709.png,122,78,Smoke,812,474,934,552
1669.png,80,48,Smoke,414,514,494,562
0515.png,50,116,Smoke,1431,428,1481,544
0656.png,57,57,Smoke,1773,313,1830,370
1529.png,130,227,Smoke,1025,314,1155,541
1191.png,76,250,Smoke,1613,390,1689,640
0859.png,57,57,Smoke,1773,313,1830,370
1361.png,57,57,Smoke,1773,313,1830,370
1372.png,130,227,Smoke,1022,321,1152,548
1219.png,76,250,Smoke,1614,389,1690,639
1775.png,29,218,Smoke,1161,339,1190,557
1523.png,170,57,Smoke,568,498,738,555
0970.png,55,80,Smoke,546,424,601,504
1356.png,124,174,Smoke,1256,377,1380,551
1774.png,29,218,Smoke,1161,339,1190,557
0605.png,23,113,Smoke,1214,465,1237,578
1062.png,29,218,Smoke,1163,345,1192,563
0664.png,50,128,Smoke,1433,425,1483,553
0232.png,69,59,Smoke,1691,576,1760,635
0895.png,80,48,Smoke,414,514,494,562
0888.png,32,158,Smoke,964,384,996,542
1069.png,74,74,Smoke,1770,361,1844,435
0154.png,57,48,Smoke,1705,577,1762,625
0995.png,76,118,Smoke,1769,317,1845,435
0931.png,101,160,Smoke,813,383,914,543
1478.png,180,109,Smoke,1740,457,1920,566
0003.png,57,57,Smoke,1773,313,1830,370
0959.png,32,158,Smoke,962,381,994,539
1278.png,76,250,Smoke,1615,387,1691,637
0385.png,76,92,Smoke,1768,310,1844,402
0358.png,69,59,Smoke,1690,580,1759,639
1546.png,50,128,Smoke,1431,412,1481,540
1435.png,155,48,Smoke,1716,577,1871,625
0767.png,80,48,Smoke,414,514,494,562
1638.png,180,109,Smoke,1740,456,1920,565
0604.png,97,120,Smoke,647,431,744,551
0662.png,29,218,Smoke,1163,358,1192,576
1760.png,23,151,Smoke,1215,418,1238,569
1609.png,50,128,Smoke,1431,412,1481,540
0915.png,23,113,Smoke,1214,466,1237,579
1769.png,181,109,Smoke,1739,458,1920,567
1121.png,99,59,Smoke,1688,574,1787,633
0627.png,171,109,Smoke,1749,450,1920,559
1373.png,50,128,Smoke,1431,415,1481,543
1533.png,80,48,Smoke,414,514,494,562
1356.png,130,227,Smoke,1022,326,1152,553
1482.png,32,170,Smoke,962,373,994,543
0950.png,76,250,Smoke,1613,388,1689,638
0126.png,48,34,Smoke,559,483,607,517
0949.png,32,158,Smoke,962,381,994,539
0743.png,109,179,Smoke,813,368,922,547
1596.png,55,80,Smoke,546,424,601,504
0558.png,124,174,Smoke,1250,378,1374,552
0587.png,97,120,Smoke,647,427,744,547
1213.png,50,128,Smoke,1431,420,1481,548
0202.png,69,59,Smoke,1691,577,1760,636
1415.png,55,80,Smoke,546,424,601,504
1081.png,76,250,Smoke,1615,389,1691,639
0728.png,32,158,Smoke,963,388,995,546
0346.png,143,113,Smoke,1777,439,1920,552
0822.png,32,158,Smoke,963,386,995,544
1112.png,99,57,Smoke,1771,391,1870,448
0186.png,23,113,Smoke,1214,464,1237,577
0315.png,146,113,Smoke,1774,445,1920,558
1391.png,80,48,Smoke,414,514,494,562
0972.png,80,48,Smoke,414,514,494,562
0359.png,107,221,Smoke,1021,319,1128,540
0539.png,65,218,Smoke,1618,399,1683,617
0564.png,163,109,Smoke,1757,450,1920,559
0179.png,48,34,Smoke,559,483,607,517
0667.png,99,59,Smoke,1692,575,1791,634
0247.png,76,92,Smoke,1768,309,1844,401
0979.png,29,218,Smoke,1163,353,1192,571
1198.png,76,250,Smoke,1613,390,1689,640
0238.png,55,46,Smoke,552,484,607,530
0611.png,80,48,Smoke,414,515,494,563
1567.png,181,109,Smoke,1739,457,1920,566
0418.png,23,113,Smoke,1214,464,1237,577
1498.png,141,67,Smoke,1758,374,1899,441
1468.png,55,80,Smoke,546,424,601,504
1073.png,179,109,Smoke,1741,456,1920,565
1417.png,101,107,Smoke,635,446,736,553
0035.png,57,48,Smoke,1682,578,1739,626
0404.png,23,113,Smoke,1214,464,1237,577
1037.png,179,109,Smoke,1741,458,1920,567
0248.png,142,86,Smoke,1778,456,1920,542
1007.png,50,128,Smoke,1431,423,1481,551
0711.png,109,179,Smoke,813,368,922,547
0712.png,23,113,Smoke,1213,467,1236,580
1783.png,32,170,Smoke,966,388,998,558
1485.png,32,170,Smoke,962,373,994,543
1139.png,124,174,Smoke,1254,377,1378,551
1051.png,23,113,Smoke,1214,467,1237,580
1377.png,101,107,Smoke,635,446,736,553
0646.png,99,59,Smoke,1692,575,1791,634
1096.png,80,48,Smoke,414,514,494,562
0715.png,160,57,Smoke,580,501,740,558
0755.png,23,113,Smoke,1214,467,1237,580
1795.png,132,155,Smoke,1246,399,1378,554
1194.png,32,158,Smoke,963,376,995,534
1601.png,80,57,Smoke,1763,302,1843,359
0515.png,124,174,Smoke,1250,378,1374,552
0115.png,74,99,Smoke,666,439,740,538
1439.png,80,48,Smoke,414,514,494,562
0251.png,69,86,Smoke,669,444,738,530
1211.png,55,80,Smoke,546,424,601,504
1640.png,113,57,Smoke,629,495,742,552
0532.png,55,80,Smoke,546,424,601,504
0914.png,76,118,Smoke,1770,316,1846,434
1103.png,80,48,Smoke,414,514,494,562
1000.png,124,174,Smoke,1253,379,1377,553
0182.png,65,197,Smoke,1617,421,1682,618
0967.png,57,57,Smoke,1773,313,1830,370
1189.png,50,128,Smoke,1430,420,1480,548
1730.png,128,246,Smoke,1023,315,1151,561
0829.png,57,57,Smoke,1773,313,1830,370
1793.png,132,155,Smoke,1245,399,1377,554
0027.png,57,57,Smoke,1773,313,1830,370
1787.png,122,78,Smoke,814,477,936,555
1531.png,55,80,Smoke,546,424,601,504
1304.png,29,218,Smoke,1164,335,1193,553
0034.png,151,97,Smoke,1752,462,1903,559
0762.png,80,48,Smoke,414,514,494,562
1351.png,55,80,Smoke,546,424,601,504
0799.png,55,80,Smoke,546,424,601,504
0426.png,29,218,Smoke,1163,357,1192,575
0125.png,57,48,Smoke,1705,577,1762,625
1651.png,76,227,Smoke,1623,382,1699,609
1160.png,55,80,Smoke,546,424,601,504
0069.png,23,113,Smoke,1214,464,1237,577
0031.png,74,99,Smoke,636,447,710,546
0518.png,50,116,Smoke,1431,428,1481,544
0742.png,50,128,Smoke,1432,424,1482,552
0335.png,50,116,Smoke,1431,426,1481,542
0170.png,145,116,Smoke,1226,427,1371,543
1556.png,132,155,Smoke,1247,398,1379,553
1260.png,23,113,Smoke,1212,466,1235,579
0166.png,48,34,Smoke,559,483,607,517
1049.png,179,109,Smoke,1741,457,1920,566
1162.png,50,128,Smoke,1431,420,1481,548
0873.png,111,233,Smoke,1020,318,1131,551
0286.png,69,86,Smoke,670,442,739,528
1372.png,76,227,Smoke,1615,382,1691,609
0547.png,29,218,Smoke,1163,357,1192,575
1107.png,179,109,Smoke,1741,458,1920,567
1345.png,76,227,Smoke,1616,380,1692,607
0854.png,57,57,Smoke,1773,313,1830,370
0716.png,57,57,Smoke,1773,313,1830,370
0509.png,80,48,Smoke,415,515,495,563
1067.png,80,48,Smoke,414,514,494,562
1399.png,90,67,Smoke,815,489,905,556
0422.png,124,174,Smoke,1251,378,1375,552
1560.png,55,80,Smoke,546,424,601,504
0711.png,99,59,Smoke,1691,576,1790,635
1269.png,23,113,Smoke,1212,467,1235,580
1193.png,57,57,Smoke,1773,313,1830,370
1550.png,50,128,Smoke,1431,411,1481,539
1526.png,155,48,Smoke,1721,580,1876,628
0177.png,48,34,Smoke,559,483,607,517
1778.png,55,80,Smoke,546,424,601,504
1109.png,29,218,Smoke,1164,333,1193,551
0940.png,178,109,Smoke,1742,452,1920,561
0425.png,32,158,Smoke,962,387,994,545
1609.png,122,78,Smoke,807,474,929,552
0033.png,76,92,Smoke,1744,311,1820,403
0932.png,76,250,Smoke,1613,388,1689,638
1480.png,103,55,Smoke,818,499,921,554
1300.png,76,250,Smoke,1617,385,1693,635
1087.png,97,151,Smoke,814,393,911,544
1503.png,141,67,Smoke,1757,377,1898,444
1176.png,99,59,Smoke,1688,573,1787,632
0349.png,76,95,Smoke,665,433,741,528
1732.png,50,128,Smoke,1431,412,1481,540
1445.png,155,48,Smoke,1717,579,1872,627
0072.png,34,116,Smoke,1433,432,1467,548
0045.png,57,57,Smoke,1773,313,1830,370
0528.png,107,221,Smoke,1024,320,1131,541
1246.png,99,59,Smoke,1688,575,1787,634
1058.png,50,128,Smoke,1431,421,1481,549
0379.png,50,116,Smoke,1431,427,1481,543
0398.png,23,113,Smoke,1214,464,1237,577
0500.png,76,118,Smoke,1771,309,1847,427
0405.png,55,84,Smoke,450,460,505,544
1693.png,181,109,Smoke,1739,456,1920,565
0158.png,32,158,Smoke,962,387,994,545
0559.png,161,109,Smoke,1759,450,1920,559
1741.png,80,48,Smoke,414,514,494,562
1324.png,179,109,Smoke,1741,458,1920,567
1003.png,101,107,Smoke,636,448,737,555
0508.png,29,218,Smoke,1163,356,1192,574
1162.png,80,48,Smoke,414,514,494,562
0110.png,50,116,Smoke,1433,433,1483,549
1165.png,32,158,Smoke,963,376,995,534
1492.png,80,48,Smoke,414,514,494,562
1320.png,23,113,Smoke,1212,466,1235,579
0394.png,55,84,Smoke,450,460,505,544
1538.png,132,155,Smoke,1247,398,1379,553
0787.png,32,158,Smoke,963,388,995,546
1570.png,55,80,Smoke,546,424,601,504
0132.png,57,57,Smoke,1773,313,1830,370
1752.png,80,48,Smoke,414,514,494,562
1623.png,122,78,Smoke,809,475,931,553
0775.png,32,158,Smoke,963,388,995,546
0383.png,55,84,Smoke,450,460,505,544
0554.png,124,174,Smoke,1250,378,1374,552
1545.png,50,128,Smoke,1431,412,1481,540
0394.png,95,139,Smoke,821,410,916,549
0925.png,80,48,Smoke,414,514,494,562
0716.png,32,158,Smoke,963,388,995,546
1282.png,76,250,Smoke,1617,387,1693,637
0180.png,32,158,Smoke,962,387,994,545
0565.png,99,59,Smoke,1692,576,1791,635
1736.png,141,67,Smoke,1759,371,1900,438
0800.png,57,57,Smoke,1773,313,1830,370
0779.png,76,118,Smoke,1771,301,1847,419
1661.png,80,57,Smoke,1760,301,1840,358
1458.png,141,67,Smoke,1757,374,1898,441
0622.png,111,221,Smoke,1020,323,1131,544
1725.png,132,155,Smoke,1246,397,1378,552
0517.png,55,80,Smoke,546,424,601,504
1407.png,130,227,Smoke,1022,322,1152,549
1123.png,80,48,Smoke,414,514,494,562
0038.png,34,116,Smoke,1417,433,1451,549
0816.png,107,179,Smoke,816,369,923,548
0088.png,23,113,Smoke,1214,464,1237,577
0302.png,55,84,Smoke,450,459,505,543
0187.png,55,46,Smoke,552,484,607,530
0109.png,23,113,Smoke,1214,464,1237,577
0779.png,50,128,Smoke,1431,424,1481,552
1523.png,32,170,Smoke,962,375,994,545
1613.png,80,48,Smoke,414,514,494,562
1121.png,111,246,Smoke,1030,307,1141,553
0855.png,55,80,Smoke,546,424,601,504
1672.png,23,151,Smoke,1210,420,1233,571
0444.png,50,116,Smoke,1431,428,1481,544
1015.png,99,59,Smoke,1687,577,1786,636
0626.png,55,80,Smoke,546,424,601,504
0483.png,50,116,Smoke,1431,428,1481,544
0692.png,76,118,Smoke,1773,304,1849,422
0247.png,29,218,Smoke,1162,368,1191,586
0908.png,55,80,Smoke,546,424,601,504
1667.png,55,80,Smoke,546,424,601,504
1621.png,29,218,Smoke,1162,339,1191,557
0016.png,32,158,Smoke,928,387,960,545
1014.png,101,107,Smoke,636,446,737,553
0998.png,111,233,Smoke,1027,314,1138,547
1573.png,76,227,Smoke,1621,384,1697,611
0903.png,99,59,Smoke,1688,576,1787,635
0553.png,76,118,Smoke,1771,308,1847,426
1666.png,80,48,Smoke,414,514,494,562
0507.png,55,80,Smoke,546,424,601,504
1024.png,55,80,Smoke,546,424,601,504
1564.png,113,57,Smoke,625,497,738,554
0011.png,151,97,Smoke,1741,461,1892,558
0085.png,57,48,Smoke,1704,577,1761,625
0374.png,65,197,Smoke,1617,421,1682,618
1718.png,29,218,Smoke,1161,334,1190,552
0035.png,107,195,Smoke,1001,357,1108,552
0484.png,57,57,Smoke,1773,313,1830,370
1477.png,32,170,Smoke,962,373,994,543
1129.png,111,246,Smoke,1030,307,1141,553
1761.png,80,57,Smoke,1759,298,1839,355
1529.png,80,48,Smoke,414,514,494,562
0966.png,124,174,Smoke,1253,379,1377,553
0791.png,76,118,Smoke,1772,302,1848,420
0073.png,95,176,Smoke,818,375,913,551
0767.png,76,118,Smoke,1771,302,1847,420
1135.png,80,48,Smoke,414,514,494,562
0671.png,99,59,Smoke,1692,576,1791,635
0353.png,76,92,Smoke,1768,310,1844,402
1321.png,32,170,Smoke,962,378,994,548
0588.png,65,218,Smoke,1618,397,1683,615
0042.png,107,195,Smoke,1009,357,1116,552
0944.png,80,48,Smoke,414,514,494,562
1533.png,57,57,Smoke,1761,304,1818,361
1130.png,57,57,Smoke,1773,313,1830,370
1105.png,50,128,Smoke,1431,421,1481,549
0321.png,57,57,Smoke,1773,313,1830,370
0714.png,32,158,Smoke,963,388,995,546
0930.png,55,80,Smoke,546,424,601,504
1308.png,99,59,Smoke,1690,574,1789,633
1536.png,180,109,Smoke,1740,456,1920,565
1507.png,132,155,Smoke,1247,398,1379,553
1164.png,179,109,Smoke,1741,457,1920,566
1031.png,179,109,Smoke,1741,458,1920,567
0132.png,23,113,Smoke,1214,464,1237,577
1120.png,29,218,Smoke,1164,331,1193,549
1009.png,76,118,Smoke,1769,317,1845,435
1792.png,50,128,Smoke,1431,412,1481,540
1349.png,50,128,Smoke,1431,419,1481,547
0296.png,55,46,Smoke,552,484,607,530
1078.png,76,250,Smoke,1615,389,1691,639
0686.png,80,48,Smoke,414,514,494,562
1207.png,111,246,Smoke,1032,307,1143,553
1432.png,141,67,Smoke,1759,374,1900,441
1360.png,55,80,Smoke,546,424,601,504
1136.png,50,128,Smoke,1431,421,1481,549
1493.png,103,55,Smoke,818,499,921,554
0393.png,55,84,Smoke,450,460,505,544
0320.png,55,84,Smoke,450,460,505,544
0830.png,32,158,Smoke,963,386,995,544
1274.png,101,107,Smoke,635,446,736,553
0450.png,55,80,Smoke,546,424,601,504
0049.png,65,197,Smoke,1611,422,1676,619
1407.png,155,48,Smoke,1718,577,1873,625
0495.png,50,116,Smoke,1431,428,1481,544
1188.png,32,158,Smoke,963,376,995,534
1119.png,55,80,Smoke,546,424,601,504
0839.png,50,128,Smoke,1431,427,1481,555
0862.png,57,57,Smoke,1773,313,1830,370
0079.png,50,116,Smoke,1433,433,1483,549
1131.png,55,80,Smoke,546,424,601,504
0302.png,23,113,Smoke,1214,464,1237,577
1059.png,80,48,Smoke,414,514,494,562
1410.png,55,80,Smoke,546,424,601,504
0313.png,23,113,Smoke,1214,464,1237,577
1012.png,76,250,Smoke,1615,390,1691,640
1192.png,111,246,Smoke,1032,306,1143,552
0136.png,76,92,Smoke,1768,310,1844,402
1704.png,99,55,Smoke,642,500,741,555
1605.png,155,48,Smoke,1722,582,1877,630
0124.png,57,57,Smoke,1773,313,1830,370
0254.png,55,84,Smoke,450,460,505,544
0352.png,69,59,Smoke,1690,580,1759,639
1128.png,32,158,Smoke,963,376,995,534
1790.png,99,55,Smoke,642,498,741,553
0647.png,32,158,Smoke,963,389,995,547
0924.png,80,48,Smoke,414,514,494,562
1765.png,122,78,Smoke,814,476,936,554
0467.png,76,118,Smoke,1771,309,1847,427
0610.png,169,109,Smoke,1751,449,1920,558
1410.png,130,227,Smoke,1023,324,1153,551
0058.png,76,92,Smoke,1767,309,1843,401
1212.png,32,158,Smoke,963,376,995,534
0610.png,124,174,Smoke,1251,377,1375,551
1717.png,155,48,Smoke,1722,579,1877,627
0981.png,76,250,Smoke,1615,390,1691,640
1252.png,57,57,Smoke,1773,313,1830,370
1496.png,132,155,Smoke,1247,396,1379,551
0327.png,55,46,Smoke,552,484,607,530
0324.png,50,116,Smoke,1431,427,1481,543
0224.png,141,147,Smoke,1231,408,1372,555
0744.png,109,179,Smoke,813,366,922,545
1235.png,57,57,Smoke,1773,313,1830,370
1495.png,132,155,Smoke,1247,398,1379,553
1588.png,132,155,Smoke,1246,398,1378,553
1219.png,111,246,Smoke,1032,307,1143,553
1781.png,80,48,Smoke,414,514,494,562
1688.png,122,78,Smoke,812,474,934,552
0743.png,160,57,Smoke,580,500,740,557
1473.png,181,109,Smoke,1739,457,1920,566
1142.png,99,59,Smoke,1688,574,1787,633
1089.png,124,174,Smoke,1253,377,1377,551
0778.png,50,128,Smoke,1431,424,1481,552
1544.png,111,76,Smoke,811,477,922,553
1766.png,180,109,Smoke,1740,457,1920,566
1484.png,50,128,Smoke,1431,412,1481,540
0372.png,95,139,Smoke,821,408,916,547
0893.png,76,118,Smoke,1770,317,1846,435
1757.png,132,155,Smoke,1246,399,1378,554
0448.png,55,84,Smoke,450,460,505,544
0906.png,50,128,Smoke,1431,424,1481,552
0725.png,111,221,Smoke,1020,321,1131,542
0405.png,124,174,Smoke,1250,378,1374,552
0305.png,107,221,Smoke,1021,322,1128,543
0808.png,170,67,Smoke,567,490,737,557
0619.png,169,109,Smoke,1751,450,1920,559
0014.png,57,57,Smoke,1773,313,1830,370
1053.png,80,48,Smoke,414,514,494,562
1564.png,132,155,Smoke,1246,397,1378,552
1220.png,80,48,Smoke,414,514,494,562
0209.png,55,46,Smoke,552,484,607,530
0302.png,69,86,Smoke,671,438,740,524
1417.png,80,48,Smoke,414,514,494,562
0730.png,76,118,Smoke,1771,304,1847,422
1597.png,55,80,Smoke,546,424,601,504
1508.png,182,109,Smoke,1738,457,1920,566
1057.png,55,80,Smoke,546,424,601,504
1238.png,84,67,Smoke,1760,377,1844,444
1350.png,29,218,Smoke,1164,335,1193,553
0758.png,111,221,Smoke,1019,320,1130,541
0946.png,101,160,Smoke,813,381,914,541
1783.png,181,109,Smoke,1739,458,1920,567
0461.png,65,197,Smoke,1617,422,1682,619
1678.png,80,57,Smoke,1759,301,1839,358
1331.png,32,170,Smoke,962,378,994,548
0928.png,23,113,Smoke,1214,466,1237,579
0858.png,124,174,Smoke,1251,379,1375,553
1564.png,50,128,Smoke,1431,412,1481,540
0776.png,55,80,Smoke,546,424,601,504
1303.png,29,218,Smoke,1164,335,1193,553
1676.png,50,128,Smoke,1431,412,1481,540
0221.png,50,116,Smoke,1432,426,1482,542
1716.png,32,170,Smoke,966,380,998,550
0306.png,32,158,Smoke,962,387,994,545
1544.png,155,48,Smoke,1721,581,1876,629
1196.png,84,67,Smoke,1761,377,1845,444
1553.png,170,57,Smoke,568,497,738,554
0443.png,65,197,Smoke,1617,422,1682,619
0701.png,174,109,Smoke,1746,449,1920,558
0763.png,174,109,Smoke,1746,449,1920,558
0426.png,107,221,Smoke,1021,317,1128,538
0773.png,76,118,Smoke,1771,303,1847,421
1259.png,80,48,Smoke,414,514,494,562
1414.png,55,80,Smoke,546,424,601,504
1651.png,50,128,Smoke,1431,412,1481,540
1078.png,32,158,Smoke,963,375,995,533
0489.png,80,48,Smoke,423,505,503,553
0904.png,143,71,Smoke,596,483,739,554
1447.png,32,170,Smoke,962,373,994,543
1143.png,76,250,Smoke,1613,389,1689,639
1272.png,97,82,Smoke,815,458,912,540
0244.png,57,57,Smoke,1773,313,1830,370
1427.png,101,107,Smoke,635,446,736,553
1454.png,180,109,Smoke,1740,457,1920,566
0830.png,76,250,Smoke,1615,393,1691,643
0370.png,55,84,Smoke,450,460,505,544
1301.png,90,67,Smoke,815,492,905,559
1685.png,122,78,Smoke,812,474,934,552
0299.png,124,174,Smoke,1250,378,1374,552
1795.png,155,48,Smoke,1722,578,1877,626
0626.png,57,57,Smoke,1773,313,1830,370
1277.png,84,67,Smoke,1760,375,1844,442
0700.png,160,57,Smoke,580,500,740,557
0581.png,111,221,Smoke,1021,321,1132,542
1683.png,128,246,Smoke,1021,312,1149,558
1593.png,76,227,Smoke,1622,383,1698,610
0015.png,76,92,Smoke,1733,311,1809,403
0485.png,124,174,Smoke,1251,378,1375,552
0156.png,23,113,Smoke,1214,464,1237,577
0340.png,55,46,Smoke,552,484,607,530
1230.png,32,158,Smoke,963,376,995,534
1482.png,180,109,Smoke,1740,457,1920,566
0819.png,23,113,Smoke,1214,468,1237,581
0958.png,29,218,Smoke,1163,353,1192,571
0334.png,76,95,Smoke,665,434,741,529
1779.png,80,48,Smoke,414,514,494,562
0028.png,145,116,Smoke,1198,429,1343,545
1634.png,80,48,Smoke,414,514,494,562
1750.png,122,78,Smoke,814,474,936,552
1054.png,99,59,Smoke,1686,575,1785,634
1438.png,80,48,Smoke,414,514,494,562
1770.png,29,218,Smoke,1161,337,1190,555
1367.png,130,227,Smoke,1022,324,1152,551
1205.png,97,151,Smoke,816,393,913,544
0946.png,57,57,Smoke,1773,313,1830,370
1630.png,76,227,Smoke,1623,384,1699,611
1137.png,29,218,Smoke,1164,331,1193,549
1481.png,23,151,Smoke,1212,423,1235,574
1407.png,50,128,Smoke,1431,415,1481,543
1235.png,80,48,Smoke,414,514,494,562
1350.png,130,227,Smoke,1022,326,1152,553
1132.png,32,158,Smoke,963,376,995,534
1387.png,50,128,Smoke,1431,415,1481,543
1669.png,23,151,Smoke,1210,420,1233,571
0625.png,80,48,Smoke,414,515,494,563
0562.png,29,218,Smoke,1163,357,1192,575
0068.png,34,116,Smoke,1433,432,1467,548
0384.png,95,139,Smoke,821,409,916,548
1194.png,80,48,Smoke,414,514,494,562
0504.png,107,221,Smoke,1024,319,1131,540
1662.png,182,109,Smoke,1738,457,1920,566
1461.png,155,48,Smoke,1717,579,1872,627
0436.png,142,109,Smoke,1778,450,1920,559
0855.png,50,128,Smoke,1431,426,1481,554
0383.png,69,59,Smoke,1691,580,1760,639
1525.png,55,80,Smoke,546,424,601,504
1312.png,84,67,Smoke,1760,375,1844,442
1279.png,57,57,Smoke,1773,313,1830,370
0582.png,65,218,Smoke,1618,397,1683,615
0173.png,57,48,Smoke,1704,577,1761,625
1351.png,101,107,Smoke,635,446,736,553
0227.png,143,86,Smoke,1777,459,1920,545
0792.png,23,113,Smoke,1214,468,1237,581
1656.png,155,48,Smoke,1722,579,1877,627
0611.png,169,109,Smoke,1751,449,1920,558
0304.png,107,221,Smoke,1021,322,1128,543
0512.png,160,109,Smoke,1760,451,1920,560
1051.png,76,250,Smoke,1615,389,1691,639
1581.png,76,227,Smoke,1622,384,1698,611
0593.png,32,158,Smoke,962,389,994,547
0917.png,124,174,Smoke,1252,379,1376,553
0415.png,144,113,Smoke,1776,444,1920,557
0382.png,32,158,Smoke,962,387,994,545
0151.png,48,34,Smoke,559,483,607,517
1413.png,80,48,Smoke,414,514,494,562
1286.png,50,128,Smoke,1431,418,1481,546
1347.png,101,107,Smoke,635,446,736,553
1440.png,141,67,Smoke,1759,374,1900,441
0567.png,57,57,Smoke,1773,313,1830,370
1270.png,80,48,Smoke,414,514,494,562
0853.png,170,90,Smoke,567,466,737,556
1030.png,23,113,Smoke,1214,468,1237,581
0071.png,57,57,Smoke,1773,313,1830,370
1169.png,76,250,Smoke,1613,390,1689,640
1599.png,23,151,Smoke,1211,421,1234,572
0388.png,29,218,Smoke,1163,357,1192,575
1498.png,32,170,Smoke,962,373,994,543
1502.png,50,128,Smoke,1431,412,1481,540
0629.png,109,155,Smoke,809,394,918,549
1291.png,179,109,Smoke,1741,458,1920,567
1608.png,130,227,Smoke,1026,310,1156,537
1270.png,55,80,Smoke,546,424,601,504
1678.png,128,246,Smoke,1021,313,1149,559
0527.png,23,113,Smoke,1214,464,1237,577
0230.png,23,113,Smoke,1214,464,1237,577
0971.png,179,109,Smoke,1741,456,1920,565
0347.png,57,57,Smoke,1773,313,1830,370
0299.png,32,158,Smoke,962,387,994,545
1462.png,155,48,Smoke,1717,579,1872,627
1763.png,132,155,Smoke,1245,399,1377,554
0905.png,124,174,Smoke,1252,379,1376,553
0902.png,57,57,Smoke,1773,313,1830,370
0401.png,29,218,Smoke,1163,357,1192,575
0267.png,124,174,Smoke,1250,380,1374,554
1396.png,76,227,Smoke,1616,381,1692,608
0200.png,55,46,Smoke,552,483,607,529
1086.png,55,80,Smoke,546,424,601,504
0303.png,65,197,Smoke,1617,422,1682,619
1792.png,32,170,Smoke,966,388,998,558
1582.png,32,170,Smoke,963,371,995,541
1208.png,29,218,Smoke,1164,333,1193,551
1054.png,97,151,Smoke,813,392,910,543
1631.png,76,227,Smoke,1623,384,1699,611
0192.png,76,92,Smoke,1768,309,1844,401
0912.png,23,113,Smoke,1214,466,1237,579
1086.png,124,174,Smoke,1253,377,1377,551
0609.png,80,48,Smoke,414,515,494,563
1378.png,141,67,Smoke,1760,375,1901,442
0412.png,69,59,Smoke,1690,578,1759,637
1300.png,29,218,Smoke,1164,335,1193,553
1485.png,57,57,Smoke,1760,304,1817,361
1584.png,180,109,Smoke,1740,458,1920,567
1264.png,124,174,Smoke,1255,377,1379,551
1240.png,32,158,Smoke,963,376,995,534
0497.png,151,109,Smoke,1769,447,1920,556
0551.png,97,120,Smoke,647,425,744,545
0135.png,50,116,Smoke,1433,433,1483,549
1743.png,99,55,Smoke,642,498,741,553
1637.png,32,170,Smoke,964,376,996,546
0503.png,95,155,Smoke,823,394,918,549
1155.png,55,80,Smoke,546,424,601,504
1149.png,57,57,Smoke,1773,313,1830,370
0225.png,55,84,Smoke,450,459,505,543
0739.png,55,80,Smoke,546,424,601,504
0066.png,55,143,Smoke,446,387,501,530
0021.png,57,48,Smoke,1670,579,1727,627
1152.png,97,151,Smoke,815,394,912,545
1755.png,23,151,Smoke,1215,417,1238,568
0177.png,55,143,Smoke,445,384,500,527
0770.png,76,250,Smoke,1612,394,1688,644
0562.png,76,118,Smoke,1770,307,1846,425
1338.png,29,218,Smoke,1164,333,1193,551
1410.png,124,174,Smoke,1256,377,1380,551
0643.png,109,155,Smoke,809,394,918,549
0952.png,55,80,Smoke,546,424,601,504
0011.png,95,176,Smoke,785,380,880,556
0101.png,55,143,Smoke,446,386,501,529
0325.png,55,46,Smoke,552,484,607,530
1020.png,99,59,Smoke,1687,577,1786,636
0968.png,29,218,Smoke,1163,353,1192,571
0141.png,29,218,Smoke,1164,346,1193,564
1209.png,97,151,Smoke,816,393,913,544
1006.png,76,250,Smoke,1615,390,1691,640
0814.png,76,118,Smoke,1772,302,1848,420
1640.png,76,227,Smoke,1623,383,1699,610
1533.png,111,76,Smoke,812,478,923,554
1649.png,50,128,Smoke,1431,412,1481,540
0783.png,50,128,Smoke,1431,424,1481,552
0080.png,23,113,Smoke,1214,464,1237,577
0132.png,57,48,Smoke,1705,577,1762,625
1605.png,32,170,Smoke,965,372,997,542
0508.png,32,158,Smoke,962,387,994,545
1640.png,23,151,Smoke,1210,421,1233,572
0844.png,111,233,Smoke,1019,320,1130,553
0014.png,65,197,Smoke,1583,423,1648,620
0999.png,50,128,Smoke,1431,424,1481,552
1413.png,90,67,Smoke,815,488,905,555
1528.png,76,227,Smoke,1621,384,1697,611
1278.png,23,113,Smoke,1212,467,1235,580
0714.png,57,57,Smoke,1773,313,1830,370
0039.png,145,116,Smoke,1210,428,1355,544
0532.png,23,113,Smoke,1214,464,1237,577
1016.png,86,160,Smoke,814,379,900,539
1330.png,57,57,Smoke,1773,313,1830,370
1642.png,29,218,Smoke,1161,338,1190,556
1616.png,76,227,Smoke,1623,385,1699,612
0556.png,124,174,Smoke,1250,378,1374,552
1246.png,101,107,Smoke,635,446,736,553
1142.png,124,174,Smoke,1254,377,1378,551
0561.png,50,128,Smoke,1435,423,1485,551
1193.png,101,107,Smoke,635,446,736,553
0066.png,48,34,Smoke,559,483,607,517
1246.png,29,218,Smoke,1164,337,1193,555
0942.png,99,59,Smoke,1688,577,1787,636
1116.png,124,174,Smoke,1254,377,1378,551
1766.png,132,155,Smoke,1245,399,1377,554
0664.png,174,109,Smoke,1746,449,1920,558
0791.png,23,113,Smoke,1214,469,1237,582
0085.png,23,113,Smoke,1214,464,1237,577
1601.png,55,80,Smoke,546,424,601,504
0830.png,174,109,Smoke,1746,450,1920,559
0555.png,55,80,Smoke,546,424,601,504
0582.png,80,48,Smoke,415,515,495,563
1277.png,55,80,Smoke,546,424,601,504
0270.png,65,197,Smoke,1617,423,1682,620
0937.png,55,80,Smoke,546,424,601,504
0453.png,57,57,Smoke,1773,313,1830,370
0912.png,55,80,Smoke,546,424,601,504
0480.png,32,158,Smoke,962,387,994,545
0834.png,29,218,Smoke,1163,355,1192,573
0322.png,32,158,Smoke,962,387,994,545
1386.png,155,48,Smoke,1718,577,1873,625
0808.png,174,109,Smoke,1746,450,1920,559
1180.png,50,128,Smoke,1431,420,1481,548
1394.png,90,67,Smoke,816,490,906,557
0172.png,147,97,Smoke,1773,449,1920,546
1078.png,55,80,Smoke,546,424,601,504
0387.png,76,92,Smoke,1768,311,1844,403
0741.png,55,80,Smoke,546,424,601,504
1738.png,50,128,Smoke,1431,412,1481,540
1359.png,90,67,Smoke,816,490,906,557
0008.png,32,158,Smoke,928,387,960,545
1115.png,111,246,Smoke,1031,307,1142,553
1386.png,55,80,Smoke,546,424,601,504
0295.png,50,116,Smoke,1431,428,1481,544
1362.png,141,67,Smoke,1759,375,1900,442
1449.png,181,109,Smoke,1739,456,1920,565
1295.png,32,170,Smoke,962,376,994,546
0134.png,57,57,Smoke,1773,313,1830,370
1252.png,97,82,Smoke,815,460,912,542
1430.png,55,80,Smoke,546,424,601,504
0587.png,55,80,Smoke,546,424,601,504
1675.png,55,80,Smoke,546,424,601,504
1009.png,99,59,Smoke,1688,577,1787,636
0706.png,111,221,Smoke,1020,323,1131,544
0785.png,23,113,Smoke,1214,467,1237,580
1727.png,80,57,Smoke,1758,299,1838,356
1284.png,179,109,Smoke,1741,458,1920,567
0874.png,80,48,Smoke,414,514,494,562
1630.png,32,170,Smoke,965,372,997,542
1786.png,50,128,Smoke,1431,412,1481,540
1059.png,111,246,Smoke,1028,309,1139,555
1052.png,74,74,Smoke,1769,361,1843,435
0225.png,57,57,Smoke,1773,313,1830,370
0096.png,57,57,Smoke,1773,313,1830,370
0049.png,145,116,Smoke,1220,427,1365,543
1121.png,55,80,Smoke,546,424,601,504
0445.png,23,113,Smoke,1214,464,1237,577
1713.png,99,55,Smoke,642,498,741,553
1264.png,50,128,Smoke,1431,417,1481,545
1460.png,103,55,Smoke,816,497,919,552
0480.png,57,57,Smoke,1773,313,1830,370
0798.png,124,174,Smoke,1251,379,1375,553
1126.png,50,128,Smoke,1431,421,1481,549
0366.png,142,113,Smoke,1778,443,1920,556
0596.png,65,218,Smoke,1620,398,1685,616
0104.png,29,218,Smoke,1164,351,1193,569
0240.png,32,158,Smoke,962,387,994,545
1064.png,97,151,Smoke,813,392,910,543
0323.png,124,174,Smoke,1250,378,1374,552
1278.png,90,67,Smoke,815,492,905,559
0019.png,23,113,Smoke,1214,464,1237,577
0706.png,57,57,Smoke,1773,313,1830,370
1005.png,99,59,Smoke,1688,577,1787,636
1556.png,80,48,Smoke,414,514,494,562
0591.png,55,80,Smoke,546,424,601,504
0056.png,55,143,Smoke,445,388,500,531
1574.png,57,57,Smoke,1761,304,1818,361
1590.png,57,57,Smoke,1761,304,1818,361
0410.png,55,84,Smoke,450,460,505,544
0511.png,23,113,Smoke,1214,464,1237,577
0900.png,50,128,Smoke,1431,424,1481,552
1547.png,141,67,Smoke,1757,377,1898,444
0835.png,80,48,Smoke,414,514,494,562
0634.png,109,155,Smoke,809,395,918,550
0661.png,99,59,Smoke,1692,575,1791,634
1288.png,50,128,Smoke,1431,418,1481,546
1635.png,80,48,Smoke,414,514,494,562
0252.png,50,116,Smoke,1431,428,1481,544
0891.png,29,218,Smoke,1163,353,1192,571
0266.png,69,59,Smoke,1691,577,1760,636
0573.png,32,158,Smoke,962,389,994,547
0383.png,95,139,Smoke,821,409,916,548
0677.png,65,250,Smoke,1620,397,1685,647
1216.png,29,218,Smoke,1164,333,1193,551
0413.png,69,59,Smoke,1690,578,1759,637
0919.png,55,80,Smoke,546,424,601,504
0079.png,32,158,Smoke,961,386,993,544
1614.png,155,48,Smoke,1722,580,1877,628
0255.png,65,197,Smoke,1617,421,1682,618
0211.png,55,97,Smoke,450,445,505,542
0403.png,50,116,Smoke,1431,428,1481,544
1212.png,80,48,Smoke,414,514,494,562
0373.png,141,113,Smoke,1779,443,1920,556
0474.png,107,221,Smoke,1023,317,1130,538
1715.png,50,128,Smoke,1431,412,1481,540
0755.png,109,179,Smoke,813,368,922,547
0586.png,50,128,Smoke,1434,423,1484,551
0529.png,107,221,Smoke,1024,320,1131,541
1742.png,180,109,Smoke,1740,456,1920,565
1390.png,101,107,Smoke,635,446,736,553
1131.png,99,57,Smoke,1771,391,1870,448
0224.png,76,92,Smoke,1769,309,1845,401
1050.png,124,174,Smoke,1253,377,1377,551
1522.png,103,55,Smoke,819,503,922,558
0534.png,65,218,Smoke,1618,399,1683,617
0105.png,76,92,Smoke,1768,309,1844,401
1157.png,84,67,Smoke,1761,378,1845,445
0343.png,69,59,Smoke,1690,579,1759,638
1466.png,155,48,Smoke,1717,579,1872,627
1108.png,23,113,Smoke,1214,469,1237,582
1281.png,32,158,Smoke,963,376,995,534
1256.png,32,158,Smoke,963,376,995,534
1552.png,141,67,Smoke,1759,376,1900,443
0571.png,76,118,Smoke,1770,307,1846,425
1186.png,99,59,Smoke,1688,572,1787,631
0754.png,57,57,Smoke,1773,313,1830,370
0066.png,57,48,Smoke,1703,578,1760,626
0614.png,57,57,Smoke,1773,313,1830,370
0810.png,57,57,Smoke,1773,313,1830,370
0801.png,50,128,Smoke,1431,425,1481,553
0984.png,50,128,Smoke,1431,424,1481,552
0225.png,69,86,Smoke,670,445,739,531
0655.png,57,57,Smoke,1773,313,1830,370
1512.png,80,48,Smoke,414,514,494,562
0923.png,57,57,Smoke,1773,313,1830,370
1053.png,57,57,Smoke,1773,313,1830,370
0372.png,69,59,Smoke,1691,580,1760,639
1426.png,29,218,Smoke,1164,333,1193,551
0896.png,99,59,Smoke,1688,577,1787,636
0154.png,76,92,Smoke,1768,310,1844,402
1637.png,76,227,Smoke,1623,384,1699,611
1459.png,50,128,Smoke,1431,412,1481,540
1172.png,99,59,Smoke,1688,573,1787,632
0933.png,50,128,Smoke,1431,424,1481,552
1464.png,141,67,Smoke,1757,373,1898,440
0369.png,50,116,Smoke,1431,427,1481,543
0408.png,144,113,Smoke,1776,443,1920,556
0801.png,32,158,Smoke,963,386,995,544
1397.png,23,151,Smoke,1212,423,1235,574
0264.png,124,174,Smoke,1250,380,1374,554
1531.png,170,57,Smoke,568,498,738,555
0300.png,107,221,Smoke,1021,323,1128,544
0219.png,65,197,Smoke,1617,422,1682,619
0024.png,65,197,Smoke,1584,423,1649,620
1462.png,29,218,Smoke,1164,333,1193,551
0854.png,29,218,Smoke,1163,355,1192,573
0906.png,29,218,Smoke,1163,353,1192,571
1436.png,29,218,Smoke,1164,333,1193,551
0906.png,107,179,Smoke,814,369,921,548
1080.png,23,113,Smoke,1214,469,1237,582
0559.png,99,59,Smoke,1692,576,1791,635
0667.png,32,158,Smoke,963,389,995,547
1588.png,32,170,Smoke,963,371,995,541
1342.png,90,67,Smoke,816,490,906,557
1285.png,99,59,Smoke,1689,574,1788,633
0676.png,111,221,Smoke,1020,323,1131,544
0214.png,74,99,Smoke,666,431,740,530
0224.png,23,113,Smoke,1214,464,1237,577
0617.png,97,120,Smoke,647,430,744,550
0251.png,29,218,Smoke,1163,356,1192,574
0693.png,174,109,Smoke,1746,449,1920,558
1406.png,23,151,Smoke,1212,424,1235,575
0867.png,76,250,Smoke,1615,392,1691,642
0801.png,99,59,Smoke,1690,576,1789,635
1471.png,155,48,Smoke,1717,579,1872,627
1191.png,101,107,Smoke,635,446,736,553
1549.png,155,48,Smoke,1721,582,1876,630
0511.png,57,57,Smoke,1773,313,1830,370
1233.png,99,59,Smoke,1687,574,1786,633
0711.png,174,109,Smoke,1746,449,1920,558
0234.png,55,46,Smoke,552,484,607,530
1111.png,80,48,Smoke,414,514,494,562
0504.png,95,155,Smoke,824,394,919,549
1423.png,101,107,Smoke,635,446,736,553
0560.png,50,128,Smoke,1435,422,1485,550
0200.png,50,116,Smoke,1432,426,1482,542
1772.png,23,151,Smoke,1215,416,1238,567
1734.png,50,128,Smoke,1431,412,1481,540
1645.png,155,48,Smoke,1722,579,1877,627
0639.png,65,218,Smoke,1620,397,1685,615
0594.png,32,158,Smoke,962,389,994,547
0222.png,95,176,Smoke,819,375,914,551
1476.png,55,80,Smoke,546,424,601,504
0435.png,76,118,Smoke,1771,311,1847,429
0925.png,174,109,Smoke,1746,452,1920,561
0291.png,76,92,Smoke,1768,310,1844,402
1615.png,55,80,Smoke,546,424,601,504
1065.png,23,113,Smoke,1214,468,1237,581
0857.png,76,118,Smoke,1771,317,1847,435
0795.png,80,48,Smoke,414,514,494,562
0152.png,107,195,Smoke,1022,350,1129,545
0519.png,29,218,Smoke,1163,355,1192,573
1090.png,32,158,Smoke,963,375,995,533
1103.png,99,57,Smoke,1771,391,1870,448
0057.png,23,113,Smoke,1214,464,1237,577
0694.png,32,158,Smoke,963,390,995,548
0522.png,80,48,Smoke,415,513,495,561
1549.png,32,170,Smoke,962,373,994,543
0213.png,95,176,Smoke,819,376,914,552
1388.png,55,80,Smoke,546,424,601,504
0255.png,29,218,Smoke,1163,356,1192,574
0967.png,23,113,Smoke,1214,467,1237,580
0742.png,124,174,Smoke,1251,379,1375,553
0945.png,76,118,Smoke,1769,316,1845,434
0137.png,145,116,Smoke,1226,427,1371,543
0502.png,69,59,Smoke,1688,578,1757,637
0539.png,76,118,Smoke,1771,309,1847,427
0240.png,107,221,Smoke,1022,322,1129,543
1690.png,50,128,Smoke,1431,412,1481,540
0489.png,124,174,Smoke,1251,378,1375,552
0114.png,65,197,Smoke,1618,421,1683,618
0715.png,80,48,Smoke,414,514,494,562
1728.png,155,48,Smoke,1722,579,1877,627
1086.png,74,74,Smoke,1770,361,1844,435
1367.png,57,57,Smoke,1774,312,1831,369
0394.png,23,113,Smoke,1214,464,1237,577
0324.png,76,92,Smoke,1768,310,1844,402
1006.png,86,160,Smoke,814,383,900,543
1377.png,90,67,Smoke,815,490,905,557
0687.png,174,109,Smoke,1746,449,1920,558
0172.png,65,197,Smoke,1617,421,1682,618
1088.png,76,250,Smoke,1615,389,1691,639
0222.png,143,86,Smoke,1777,458,1920,544
1025.png,32,158,Smoke,962,381,994,539
1140.png,124,174,Smoke,1254,377,1378,551
0127.png,145,116,Smoke,1226,427,1371,543
1086.png,97,151,Smoke,814,394,911,545
1352.png,130,227,Smoke,1022,325,1152,552
1690.png,155,48,Smoke,1722,579,1877,627
0252.png,55,46,Smoke,552,484,607,530
0586.png,57,57,Smoke,1773,313,1830,370
0033.png,145,116,Smoke,1203,427,1348,543
0506.png,97,120,Smoke,646,424,743,544
0676.png,32,158,Smoke,963,387,995,545
1177.png,97,151,Smoke,816,392,913,543
0315.png,107,221,Smoke,1021,321,1128,542
0220.png,95,176,Smoke,819,375,914,551
0407.png,29,218,Smoke,1163,357,1192,575
1611.png,55,80,Smoke,546,424,601,504
1181.png,179,109,Smoke,1741,457,1920,566
0802.png,111,233,Smoke,1019,321,1130,554
0923.png,99,59,Smoke,1687,576,1786,635
0105.png,57,48,Smoke,1704,577,1761,625
1577.png,55,80,Smoke,546,424,601,504
1124.png,111,246,Smoke,1030,306,1141,552
1156.png,124,174,Smoke,1254,377,1378,551
1482.png,29,218,Smoke,1164,335,1193,553
1688.png,76,227,Smoke,1624,383,1700,610
1211.png,55,80,Smoke,546,424,601,504
0951.png,76,250,Smoke,1614,389,1690,639
1408.png,57,57,Smoke,1754,305,1811,362
1254.png,97,82,Smoke,815,460,912,542
1488.png,55,80,Smoke,546,424,601,504
0431.png,124,174,Smoke,1250,378,1374,552
1771.png,80,57,Smoke,1760,298,1840,355
0313.png,57,57,Smoke,1773,313,1830,370
1412.png,141,67,Smoke,1759,375,1900,442
1027.png,99,59,Smoke,1687,577,1786,636
1070.png,124,174,Smoke,1253,377,1377,551
0688.png,99,59,Smoke,1692,576,1791,635
0033.png,48,34,Smoke,559,483,607,517
0790.png,32,158,Smoke,963,388,995,546
1623.png,29,218,Smoke,1161,339,1190,557
0307.png,29,218,Smoke,1163,356,1192,574
1090.png,29,218,Smoke,1164,331,1193,549
1738.png,29,218,Smoke,1161,343,1190,561
1564.png,155,48,Smoke,1722,583,1877,631
1668.png,32,170,Smoke,966,378,998,548
0202.png,65,197,Smoke,1617,422,1682,619
0159.png,65,197,Smoke,1617,420,1682,617
1539.png,57,57,Smoke,1761,304,1818,361
0757.png,23,113,Smoke,1215,467,1238,580
1376.png,76,227,Smoke,1615,383,1691,610
0020.png,65,197,Smoke,1583,424,1648,621
1567.png,76,227,Smoke,1621,384,1697,611
0539.png,161,109,Smoke,1759,449,1920,558
0915.png,57,57,Smoke,1773,313,1830,370
0819.png,170,67,Smoke,567,491,737,558
0806.png,55,80,Smoke,546,424,601,504
1625.png,55,80,Smoke,546,424,601,504
0127.png,55,143,Smoke,445,387,500,530
1005.png,86,160,Smoke,813,385,899,545
0788.png,32,158,Smoke,963,388,995,546
1400.png,180,109,Smoke,1740,457,1920,566
0466.png,69,59,Smoke,1689,578,1758,637
0097.png,48,34,Smoke,559,483,607,517
1771.png,80,57,Smoke,1760,298,1840,355
1181.png,76,250,Smoke,1613,390,1689,640
1179.png,99,59,Smoke,1688,573,1787,632
0909.png,76,250,Smoke,1613,391,1689,641
1270.png,50,128,Smoke,1431,417,1481,545
1720.png,122,78,Smoke,812,473,934,551
0306.png,76,95,Smoke,664,437,740,532
0606.png,97,120,Smoke,647,430,744,550
0104.png,95,176,Smoke,818,376,913,552
0627.png,55,80,Smoke,546,424,601,504
1339.png,29,218,Smoke,1164,337,1193,555
0106.png,145,116,Smoke,1226,427,1371,543
0274.png,65,197,Smoke,1617,423,1682,620
0969.png,99,59,Smoke,1688,577,1787,636
1123.png,57,57,Smoke,1773,313,1830,370
1311.png,99,59,Smoke,1689,574,1788,633
1076.png,32,158,Smoke,963,375,995,533
0915.png,76,118,Smoke,1770,316,1846,434
0808.png,99,59,Smoke,1690,576,1789,635
0287.png,57,57,Smoke,1773,313,1830,370
0560.png,80,48,Smoke,415,514,495,562
0901.png,57,57,Smoke,1773,313,1830,370
1309.png,50,128,Smoke,1431,419,1481,547
1367.png,32,170,Smoke,962,375,994,545
1655.png,32,170,Smoke,964,378,996,548
1374.png,55,80,Smoke,546,424,601,504
0396.png,55,80,Smoke,546,421,601,501
0371.png,76,95,Smoke,666,433,742,528
0100.png,57,48,Smoke,1704,577,1761,625
0605.png,55,80,Smoke,546,424,601,504
1507.png,181,109,Smoke,1739,457,1920,566
1603.png,76,227,Smoke,1622,384,1698,611
1230.png,124,174,Smoke,1255,377,1379,551
0479.png,80,48,Smoke,423,504,503,552
0388.png,50,116,Smoke,1431,428,1481,544
1731.png,29,218,Smoke,1161,337,1190,555
0604.png,124,174,Smoke,1251,377,1375,551
1490.png,180,109,Smoke,1740,458,1920,567
0310.png,76,95,Smoke,664,436,740,531
1728.png,32,170,Smoke,966,382,998,552
0021.png,57,57,Smoke,1773,313,1830,370
1620.png,155,48,Smoke,1722,579,1877,627
0432.png,32,158,Smoke,962,387,994,545
0357.png,76,95,Smoke,665,433,741,528
0394.png,57,57,Smoke,1773,313,1830,370
1411.png,55,80,Smoke,546,424,601,504
0704.png,29,218,Smoke,1163,355,1192,573
1211.png,179,109,Smoke,1741,458,1920,567
1456.png,130,227,Smoke,1023,321,1153,548
0836.png,174,109,Smoke,1746,450,1920,559
1759.png,50,128,Smoke,1431,413,1481,541
1505.png,141,67,Smoke,1757,376,1898,443
1131.png,50,128,Smoke,1431,421,1481,549
1064.png,32,158,Smoke,963,377,995,535
0144.png,32,158,Smoke,962,387,994,545
1341.png,55,80,Smoke,546,424,601,504
0121.png,23,113,Smoke,1214,464,1237,577
1779.png,99,55,Smoke,642,499,741,554
0147.png,57,48,Smoke,1705,577,1762,625
0649.png,174,109,Smoke,1746,448,1920,557
1344.png,130,227,Smoke,1022,325,1152,552
0424.png,65,197,Smoke,1617,423,1682,620
1734.png,132,155,Smoke,1246,397,1378,552
0937.png,143,95,Smoke,595,461,738,556
1574.png,182,109,Smoke,1738,457,1920,566
0858.png,50,128,Smoke,1431,424,1481,552
0611.png,109,155,Smoke,810,395,919,550
1390.png,57,57,Smoke,1754,305,1811,362
0600.png,23,113,Smoke,1214,465,1237,578
0858.png,29,218,Smoke,1163,355,1192,573
1496.png,103,55,Smoke,818,499,921,554
0674.png,29,218,Smoke,1163,358,1192,576
1036.png,57,57,Smoke,1773,313,1830,370
0220.png,50,116,Smoke,1432,426,1482,542
0669.png,50,128,Smoke,1433,425,1483,553
0263.png,124,174,Smoke,1250,380,1374,554
0831.png,55,80,Smoke,546,424,601,504
1756.png,180,109,Smoke,1740,455,1920,564
1762.png,23,151,Smoke,1215,417,1238,568
1506.png,132,155,Smoke,1247,398,1379,553
0301.png,55,46,Smoke,552,484,607,530
0878.png,29,218,Smoke,1163,355,1192,573
1446.png,32,170,Smoke,962,373,994,543
0182.png,29,218,Smoke,1163,348,1192,566
1557.png,55,80,Smoke,546,424,601,504
0846.png,32,158,Smoke,963,386,995,544
1696.png,55,80,Smoke,546,424,601,504
0546.png,97,120,Smoke,647,423,744,543
1711.png,50,128,Smoke,1431,412,1481,540
1454.png,80,48,Smoke,414,514,494,562
0015.png,57,48,Smoke,1670,579,1727,627
1423.png,181,109,Smoke,1739,457,1920,566
0867.png,124,174,Smoke,1251,379,1375,553
1000.png,179,109,Smoke,1741,456,1920,565
1342.png,55,80,Smoke,546,424,601,504
0988.png,50,128,Smoke,1431,424,1481,552
0762.png,124,174,Smoke,1251,379,1375,553
0879.png,124,174,Smoke,1252,379,1376,553
0018.png,57,48,Smoke,1670,578,1727,626
0282.png,32,158,Smoke,962,387,994,545
1479.png,141,67,Smoke,1758,374,1899,441
0377.png,141,113,Smoke,1779,442,1920,555
0479.png,76,118,Smoke,1771,308,1847,426
0771.png,109,179,Smoke,813,367,922,546
1035.png,76,118,Smoke,1769,317,1845,435
0813.png,50,128,Smoke,1431,426,1481,554
0147.png,23,113,Smoke,1214,464,1237,577
0370.png,76,92,Smoke,1767,310,1843,402
0370.png,107,221,Smoke,1021,319,1128,540
1448.png,23,151,Smoke,1212,422,1235,573
1641.png,23,151,Smoke,1210,422,1233,573
1441.png,76,227,Smoke,1620,384,1696,611
0899.png,50,128,Smoke,1431,424,1481,552
1350.png,179,109,Smoke,1741,459,1920,568
0475.png,55,80,Smoke,546,424,601,504
1301.png,130,227,Smoke,1018,325,1148,552
0171.png,32,158,Smoke,962,387,994,545
0150.png,65,197,Smoke,1617,421,1682,618
1077.png,57,57,Smoke,1773,313,1830,370
1578.png,111,76,Smoke,814,477,925,553
0550.png,50,128,Smoke,1435,421,1485,549
0243.png,69,59,Smoke,1691,577,1760,636
0796.png,32,158,Smoke,963,388,995,546
0632.png,97,120,Smoke,647,432,744,552
0693.png,149,57,Smoke,591,500,740,557
0044.png,55,143,Smoke,435,392,490,535
0869.png,80,48,Smoke,414,514,494,562
1160.png,50,128,Smoke,1431,421,1481,549
0101.png,48,34,Smoke,559,483,607,517
0809.png,99,59,Smoke,1690,575,1789,634
0599.png,23,113,Smoke,1214,465,1237,578
1357.png,32,170,Smoke,962,376,994,546
0211.png,55,46,Smoke,552,484,607,530
1000.png,99,59,Smoke,1689,577,1788,636
0099.png,76,92,Smoke,1768,309,1844,401
1322.png,90,67,Smoke,815,490,905,557
0626.png,32,158,Smoke,963,388,995,546
1190.png,80,48,Smoke,414,514,494,562
1236.png,32,158,Smoke,963,376,995,534
1215.png,101,107,Smoke,635,446,736,553
1101.png,99,59,Smoke,1689,575,1788,634
0158.png,23,113,Smoke,1214,464,1237,577
0191.png,57,48,Smoke,1704,577,1761,625
0491.png,76,118,Smoke,1771,309,1847,427
1185.png,32,158,Smoke,963,376,995,534
0055.png,145,116,Smoke,1225,427,1370,543
0247.png,141,147,Smoke,1231,408,1372,555
1237.png,179,109,Smoke,1741,458,1920,567
0211.png,107,221,Smoke,1020,324,1127,545
0610.png,109,155,Smoke,809,395,918,550
1205.png,29,218,Smoke,1164,333,1193,551
0936.png,57,57,Smoke,1773,313,1830,370
0350.png,76,92,Smoke,1768,310,1844,402
0568.png,55,80,Smoke,546,424,601,504
0187.png,107,195,Smoke,1021,350,1128,545
1606.png,76,227,Smoke,1623,384,1699,611
1298.png,32,170,Smoke,962,376,994,546
0062.png,95,176,Smoke,818,378,913,554
1175.png,124,174,Smoke,1254,377,1378,551
0043.png,57,48,Smoke,1690,578,1747,626
0749.png,23,113,Smoke,1214,467,1237,580
0451.png,55,84,Smoke,450,460,505,544
0710.png,29,218,Smoke,1163,357,1192,575
0310.png,69,59,Smoke,1690,577,1759,636
0729.png,124,174,Smoke,1251,378,1375,552
1051.png,55,80,Smoke,546,424,601,504
1562.png,55,80,Smoke,546,424,601,504
0945.png,57,57,Smoke,1773,313,1830,370
0548.png,99,59,Smoke,1692,576,1791,635
1290.png,90,67,Smoke,815,492,905,559
0674.png,23,113,Smoke,1213,465,1236,578
0196.png,74,99,Smoke,666,431,740,530
0129.png,95,176,Smoke,818,375,913,551
0183.png,55,46,Smoke,552,483,607,529
0238.png,23,113,Smoke,1214,464,1237,577
1513.png,130,227,Smoke,1024,319,1154,546
0219.png,141,147,Smoke,1231,408,1372,555
1435.png,132,155,Smoke,1247,396,1379,551
0190.png,23,113,Smoke,1214,464,1237,577
0176.png,95,176,Smoke,818,374,913,550
1565.png,111,76,Smoke,814,478,925,554
1452.png,180,109,Smoke,1740,456,1920,565
1064.png,80,48,Smoke,414,514,494,562
1796.png,23,151,Smoke,1215,414,1238,565
0154.png,65,197,Smoke,1617,421,1682,618
1097.png,50,128,Smoke,1431,422,1481,550
0686.png,124,174,Smoke,1251,378,1375,552
1180.png,55,80,Smoke,546,424,601,504
1554.png,23,151,Smoke,1212,422,1235,573
0799.png,76,118,Smoke,1773,302,1849,420
1013.png,101,107,Smoke,636,446,737,553
0829.png,170,67,Smoke,566,491,736,558
1581.png,111,76,Smoke,815,477,926,553
1455.png,181,109,Smoke,1739,456,1920,565
0036.png,107,195,Smoke,1003,357,1110,552
0221.png,95,176,Smoke,819,376,914,552
0748.png,109,179,Smoke,814,369,923,548
1169.png,99,59,Smoke,1688,574,1787,633
0182.png,107,195,Smoke,1021,350,1128,545
0525.png,29,218,Smoke,1163,355,1192,573
1216.png,57,57,Smoke,1773,313,1830,370
0276.png,107,221,Smoke,1023,323,1130,544
1608.png,23,151,Smoke,1211,423,1234,574
0805.png,111,233,Smoke,1019,321,1130,554
0902.png,76,250,Smoke,1613,391,1689,641
0061.png,145,116,Smoke,1226,427,1371,543
1065.png,74,74,Smoke,1770,361,1844,435
0110.png,74,99,Smoke,665,441,739,540
0883.png,174,109,Smoke,1746,451,1920,560
1073.png,80,48,Smoke,414,514,494,562
1229.png,32,158,Smoke,963,376,995,534
0737.png,76,118,Smoke,1771,303,1847,421
1707.png,23,151,Smoke,1210,420,1233,571
0711.png,50,128,Smoke,1433,424,1483,552
1058.png,101,107,Smoke,635,446,736,553
0061.png,74,99,Smoke,662,445,736,544
0242.png,95,176,Smoke,819,372,914,548
0023.png,32,158,Smoke,928,389,960,547
0416.png,86,107,Smoke,656,431,742,538
0602.png,76,118,Smoke,1770,308,1846,426
1364.png,141,67,Smoke,1759,375,1900,442
0991.png,29,218,Smoke,1163,353,1192,571
1006.png,124,174,Smoke,1253,379,1377,553
1593.png,155,48,Smoke,1722,581,1877,629
0158.png,107,195,Smoke,1022,350,1129,545
0183.png,141,147,Smoke,1231,408,1372,555
0458.png,69,59,Smoke,1689,578,1758,637
1541.png,57,57,Smoke,1761,304,1818,361
0492.png,23,113,Smoke,1214,464,1237,577
1354.png,55,80,Smoke,546,424,601,504
0155.png,76,92,Smoke,1768,310,1844,402
0352.png,57,57,Smoke,1773,313,1830,370
0630.png,76,118,Smoke,1771,306,1847,424
0436.png,29,218,Smoke,1163,357,1192,575
0305.png,23,113,Smoke,1214,464,1237,577
0177.png,50,116,Smoke,1433,428,1483,544
0506.png,57,57,Smoke,1773,313,1830,370
0058.png,65,197,Smoke,1616,423,1681,620
0702.png,160,57,Smoke,580,500,740,557
1694.png,128,246,Smoke,1022,313,1150,559
1776.png,80,57,Smoke,1760,298,1840,355
1554.png,57,57,Smoke,1761,304,1818,361
1267.png,84,67,Smoke,1760,375,1844,442
1620.png,50,128,Smoke,1431,412,1481,540
1495.png,32,170,Smoke,962,373,994,543
0783.png,76,250,Smoke,1615,394,1691,644
0971.png,101,160,Smoke,812,381,913,541
1701.png,122,78,Smoke,812,474,934,552
1331.png,76,250,Smoke,1616,381,1692,631
0129.png,48,34,Smoke,559,483,607,517
0103.png,32,158,Smoke,962,387,994,545
0100.png,23,113,Smoke,1214,464,1237,577
1672.png,128,246,Smoke,1020,313,1148,559
1511.png,141,67,Smoke,1757,377,1898,444
1644.png,32,170,Smoke,964,376,996,546
0696.png,23,113,Smoke,1213,467,1236,580
1338.png,32,170,Smoke,962,378,994,548
1465.png,181,109,Smoke,1739,457,1920,566
1518.png,170,57,Smoke,568,498,738,555
0804.png,55,80,Smoke,546,424,601,504
0203.png,95,176,Smoke,819,376,914,552
0128.png,74,99,Smoke,666,437,740,536
1221.png,99,59,Smoke,1687,574,1786,633
0530.png,124,174,Smoke,1250,378,1374,552
1270.png,97,82,Smoke,815,458,912,540
0732.png,111,221,Smoke,1019,321,1130,542
1741.png,80,57,Smoke,1758,299,1838,356
0952.png,32,158,Smoke,962,381,994,539
0103.png,107,195,Smoke,1022,355,1129,550
1362.png,23,151,Smoke,1212,423,1235,574
0236.png,107,221,Smoke,1022,323,1129,544
0563.png,76,118,Smoke,1770,307,1846,425
0081.png,29,218,Smoke,1165,355,1194,573
0399.png,32,158,Smoke,962,387,994,545
1770.png,50,128,Smoke,1431,412,1481,540
0406.png,107,221,Smoke,1021,317,1128,538
0120.png,76,92,Smoke,1768,310,1844,402
1444.png,57,57,Smoke,1758,305,1815,362
1699.png,80,57,Smoke,1758,299,1838,356
0513.png,95,155,Smoke,823,394,918,549
0380.png,32,158,Smoke,962,387,994,545
1315.png,179,109,Smoke,1741,458,1920,567
0385.png,95,139,Smoke,821,409,916,548
0134.png,74,99,Smoke,666,437,740,536
0206.png,23,113,Smoke,1214,464,1237,577
1362.png,29,218,Smoke,1164,337,1193,555
0107.png,29,218,Smoke,1164,351,1193,569
0589.png,57,57,Smoke,1773,313,1830,370
1252.png,99,59,Smoke,1689,575,1788,634
0499.png,32,158,Smoke,962,387,994,545
0609.png,29,218,Smoke,1163,355,1192,573
0809.png,170,67,Smoke,567,490,737,557
1372.png,128,59,Smoke,1692,578,1820,637
0253.png,69,59,Smoke,1691,578,1760,637
0805.png,32,158,Smoke,963,386,995,544
1411.png,55,80,Smoke,546,424,601,504
1005.png,55,80,Smoke,546,424,601,504
1324.png,55,80,Smoke,546,424,601,504
0294.png,55,84,Smoke,450,460,505,544
0429.png,55,80,Smoke,546,423,601,503
1047.png,99,59,Smoke,1686,576,1785,635
1031.png,57,57,Smoke,1773,313,1830,370
0570.png,23,113,Smoke,1214,465,1237,578
0910.png,111,233,Smoke,1024,318,1135,551
0833.png,107,179,Smoke,815,369,922,548
1022.png,179,109,Smoke,1741,458,1920,567
0459.png,32,158,Smoke,962,387,994,545
0550.png,57,57,Smoke,1773,313,1830,370
0932.png,101,160,Smoke,813,383,914,543
1085.png,57,57,Smoke,1773,313,1830,370
1402.png,55,80,Smoke,546,424,601,504
0358.png,32,158,Smoke,962,387,994,545
1324.png,32,170,Smoke,962,378,994,548
1141.png,179,109,Smoke,1741,457,1920,566
0329.png,55,46,Smoke,552,484,607,530
0855.png,32,158,Smoke,963,386,995,544
0308.png,57,57,Smoke,1773,313,1830,370
1636.png,122,78,Smoke,809,474,931,552
0410.png,65,197,Smoke,1617,421,1682,618
0782.png,76,250,Smoke,1615,394,1691,644
0585.png,124,174,Smoke,1251,378,1375,552
1096.png,29,218,Smoke,1164,337,1193,555
0811.png,99,59,Smoke,1689,577,1788,636
0241.png,50,116,Smoke,1431,427,1481,543
1386.png,50,128,Smoke,1431,415,1481,543
0614.png,32,158,Smoke,963,389,995,547
0357.png,76,92,Smoke,1770,310,1846,402
0981.png,23,113,Smoke,1214,468,1237,581
0770.png,50,128,Smoke,1431,424,1481,552
1657.png,32,170,Smoke,964,376,996,546
0258.png,142,86,Smoke,1778,456,1920,542
1084.png,124,174,Smoke,1253,377,1377,551
0991.png,23,113,Smoke,1214,466,1237,579
0337.png,32,158,Smoke,962,387,994,545
0089.png,57,57,Smoke,1773,313,1830,370
0996.png,80,48,Smoke,414,514,494,562
0219.png,57,57,Smoke,1773,313,1830,370
1166.png,76,250,Smoke,1613,390,1689,640
0644.png,50,128,Smoke,1435,425,1485,553
0377.png,107,221,Smoke,1021,319,1128,540
1207.png,99,59,Smoke,1687,574,1786,633
0633.png,124,174,Smoke,1251,377,1375,551
0297.png,69,59,Smoke,1690,577,1759,636
0375.png,95,139,Smoke,821,409,916,548
1013.png,80,48,Smoke,414,514,494,562
0584.png,57,57,Smoke,1773,313,1830,370
0052.png,55,143,Smoke,443,388,498,531
0128.png,57,57,Smoke,1773,313,1830,370
0815.png,55,80,Smoke,546,424,601,504
1454.png,32,170,Smoke,962,373,994,543
0362.png,69,59,Smoke,1691,580,1760,639
1521.png,155,48,Smoke,1721,581,1876,629
1244.png,99,59,Smoke,1689,575,1788,634
1082.png,111,246,Smoke,1029,309,1140,555
0785.png,111,233,Smoke,1019,321,1130,554
1232.png,50,128,Smoke,1431,419,1481,547
0216.png,144,86,Smoke,1776,459,1920,545
0191.png,76,92,Smoke,1768,309,1844,401
0175.png,65,197,Smoke,1617,420,1682,617
0472.png,55,80,Smoke,546,424,601,504
0163.png,55,143,Smoke,445,385,500,528
0587.png,169,109,Smoke,1751,450,1920,559
0335.png,23,113,Smoke,1214,464,1237,577
1147.png,80,48,Smoke,414,514,494,562
0764.png,32,158,Smoke,963,388,995,546
1781.png,23,151,Smoke,1215,416,1238,567
0394.png,143,113,Smoke,1777,442,1920,555
1009.png,32,158,Smoke,962,381,994,539
1754.png,141,67,Smoke,1760,371,1901,438
0323.png,144,113,Smoke,1776,446,1920,559
0059.png,76,92,Smoke,1767,309,1843,401
0781.png,32,158,Smoke,963,388,995,546
0381.png,86,107,Smoke,654,433,740,540
0031.png,55,143,Smoke,421,395,476,538
0830.png,55,80,Smoke,546,424,601,504
1307.png,29,218,Smoke,1164,335,1193,553
1780.png,80,48,Smoke,414,514,494,562
1167.png,97,151,Smoke,816,393,913,544
1666.png,182,109,Smoke,1738,456,1920,565
1739.png,99,55,Smoke,642,498,741,553
0922.png,174,109,Smoke,1746,452,1920,561
1599.png,76,227,Smoke,1622,384,1698,611
0856.png,111,233,Smoke,1021,318,1132,551
0333.png,55,84,Smoke,450,460,505,544
0200.png,107,221,Smoke,1021,323,1128,544
0557.png,32,158,Smoke,962,389,994,547
0744.png,99,59,Smoke,1692,575,1791,634
1689.png,80,48,Smoke,414,514,494,562
1691.png,50,128,Smoke,1431,412,1481,540
0095.png,65,197,Smoke,1618,422,1683,619
1064.png,124,174,Smoke,1253,377,1377,551
0675.png,149,71,Smoke,590,487,739,558
1116.png,97,151,Smoke,814,394,911,545
0336.png,107,221,Smoke,1021,320,1128,541
0590.png,76,118,Smoke,1770,308,1846,426
0376.png,55,84,Smoke,450,460,505,544
1628.png,29,218,Smoke,1161,337,1190,555
0635.png,57,57,Smoke,1773,313,1830,370
0213.png,57,57,Smoke,1773,313,1830,370
0210.png,50,116,Smoke,1432,426,1482,542
1145.png,111,246,Smoke,1030,307,1141,553
1081.png,50,128,Smoke,1431,422,1481,550
0720.png,23,113,Smoke,1213,467,1236,580
1475.png,130,227,Smoke,1024,322,1154,549
0952.png,76,118,Smoke,1769,316,1845,434
0829.png,107,179,Smoke,815,369,922,548
1747.png,23,151,Smoke,1214,417,1237,568
1284.png,130,227,Smoke,1017,326,1147,553
0390.png,55,84,Smoke,450,460,505,544
0960.png,99,59,Smoke,1688,577,1787,636
0557.png,50,128,Smoke,1435,423,1485,551
1397.png,50,128,Smoke,1431,415,1481,543
1322.png,130,227,Smoke,1020,324,1150,551
0166.png,95,176,Smoke,818,376,913,552
0965.png,179,109,Smoke,1741,457,1920,566
1669.png,132,155,Smoke,1246,397,1378,552
0069.png,32,158,Smoke,962,388,994,546
0863.png,170,90,Smoke,567,465,737,555
1739.png,29,218,Smoke,1161,343,1190,561
1389.png,29,218,Smoke,1164,337,1193,555
0543.png,161,109,Smoke,1759,449,1920,558
1361.png,128,59,Smoke,1691,577,1819,636
1719.png,99,55,Smoke,642,497,741,552
0546.png,29,218,Smoke,1163,357,1192,575
0244.png,95,176,Smoke,819,371,914,547
1111.png,29,218,Smoke,1164,333,1193,551
0858.png,170,90,Smoke,567,466,737,556
1790.png,155,48,Smoke,1722,577,1877,625
0098.png,55,143,Smoke,446,385,501,528
1414.png,32,170,Smoke,962,373,994,543
1402.png,23,151,Smoke,1212,423,1235,574
0241.png,76,92,Smoke,1768,309,1844,401
0395.png,50,116,Smoke,1431,428,1481,544
1425.png,55,80,Smoke,546,424,601,504
1088.png,101,107,Smoke,635,446,736,553
1514.png,180,109,Smoke,1740,457,1920,566
1034.png,124,174,Smoke,1253,377,1377,551
0189.png,50,116,Smoke,1433,427,1483,543
1707.png,29,218,Smoke,1161,336,1190,554
0710.png,50,128,Smoke,1433,424,1483,552
0853.png,57,57,Smoke,1773,313,1830,370
0890.png,99,59,Smoke,1688,577,1787,636
0003.png,23,113,Smoke,1214,464,1237,577
0181.png,107,195,Smoke,1021,350,1128,545
0669.png,76,118,Smoke,1772,304,1848,422
1054.png,74,74,Smoke,1769,361,1843,435
1177.png,84,67,Smoke,1761,378,1845,445
0856.png,170,90,Smoke,567,466,737,556
0981.png,55,80,Smoke,546,424,601,504
1755.png,55,80,Smoke,546,424,601,504
1082.png,80,48,Smoke,414,514,494,562
0804.png,174,109,Smoke,1746,450,1920,559
1748.png,141,67,Smoke,1759,371,1900,438
1711.png,128,246,Smoke,1022,314,1150,560
0158.png,95,176,Smoke,818,376,913,552
0960.png,57,57,Smoke,1773,313,1830,370
1235.png,124,174,Smoke,1255,377,1379,551
0259.png,50,116,Smoke,1431,428,1481,544
0521.png,76,118,Smoke,1772,309,1848,427
1566.png,180,109,Smoke,1740,457,1920,566
1140.png,32,158,Smoke,963,376,995,534
1174.png,97,151,Smoke,816,393,913,544
1651.png,55,80,Smoke,546,424,601,504
0085.png,50,116,Smoke,1433,433,1483,549
0917.png,23,113,Smoke,1214,466,1237,579
1502.png,155,48,Smoke,1719,581,1874,629
0371.png,57,57,Smoke,1773,313,1830,370
0893.png,107,179,Smoke,814,369,921,548
1541.png,32,170,Smoke,962,373,994,543
0133.png,107,195,Smoke,1022,350,1129,545
0441.png,76,118,Smoke,1771,311,1847,429
1215.png,29,218,Smoke,1164,335,1193,553
0376.png,65,197,Smoke,1617,423,1682,620
0138.png,48,34,Smoke,559,483,607,517
0123.png,57,57,Smoke,1773,313,1830,370
0690.png,23,113,Smoke,1213,467,1236,580
0871.png,32,158,Smoke,963,386,995,544
1421.png,141,67,Smoke,1759,374,1900,441
1027.png,80,48,Smoke,414,514,494,562
0361.png,107,221,Smoke,1021,319,1128,540
0869.png,32,158,Smoke,963,386,995,544
0959.png,23,113,Smoke,1214,469,1237,582
0993.png,111,233,Smoke,1026,312,1137,545
0893.png,76,250,Smoke,1613,391,1689,641
0599.png,97,120,Smoke,647,430,744,550
0118.png,48,34,Smoke,559,483,607,517
1606.png,55,80,Smoke,546,424,601,504
1296.png,29,218,Smoke,1164,335,1193,553
0890.png,50,128,Smoke,1431,425,1481,553
1368.png,90,67,Smoke,816,490,906,557
1058.png,124,174,Smoke,1253,377,1377,551
1256.png,76,250,Smoke,1615,387,1691,637
0195.png,65,197,Smoke,1617,420,1682,617
0073.png,57,48,Smoke,1704,577,1761,625
1340.png,101,107,Smoke,635,446,736,553
1737.png,32,170,Smoke,966,382,998,552
1217.png,50,128,Smoke,1431,419,1481,547
1230.png,97,151,Smoke,816,392,913,543
0982.png,32,158,Smoke,962,381,994,539
1117.png,50,128,Smoke,1431,421,1481,549
0320.png,29,218,Smoke,1163,356,1192,574
0931.png,176,109,Smoke,1744,452,1920,561
0297.png,107,221,Smoke,1021,322,1128,543
0657.png,65,218,Smoke,1620,397,1685,615
0119.png,32,158,Smoke,962,387,994,545
1306.png,32,170,Smoke,962,378,994,548
0175.png,23,113,Smoke,1214,464,1237,577
1697.png,181,109,Smoke,1739,457,1920,566
0349.png,55,46,Smoke,552,483,607,529
0380.png,86,107,Smoke,654,433,740,540
0337.png,50,116,Smoke,1431,425,1481,541
0204.png,50,116,Smoke,1432,426,1482,542
1647.png,32,170,Smoke,963,378,995,548
1564.png,23,151,Smoke,1212,422,1235,573
0281.png,23,113,Smoke,1214,464,1237,577
1661.png,155,48,Smoke,1722,579,1877,627
1217.png,179,109,Smoke,1741,458,1920,567
1535.png,50,128,Smoke,1431,412,1481,540
1769.png,55,80,Smoke,546,424,601,504
0302.png,69,59,Smoke,1690,577,1759,636
0983.png,80,48,Smoke,414,514,494,562
0408.png,29,218,Smoke,1163,357,1192,575
1367.png,76,227,Smoke,1614,382,1690,609
1760.png,80,57,Smoke,1759,298,1839,355
1371.png,55,80,Smoke,546,424,601,504
0054.png,32,158,Smoke,959,388,991,546
0412.png,23,113,Smoke,1214,464,1237,577
0213.png,65,197,Smoke,1617,422,1682,619
0266.png,29,218,Smoke,1163,356,1192,574
1352.png,101,107,Smoke,635,446,736,553
1289.png,101,107,Smoke,635,446,736,553
1542.png,155,48,Smoke,1721,581,1876,629
1344.png,80,48,Smoke,414,514,494,562
1645.png,141,67,Smoke,1759,374,1900,441
1776.png,122,78,Smoke,814,476,936,554
0556.png,29,218,Smoke,1163,357,1192,575
0038.png,48,34,Smoke,559,483,607,517
1581.png,23,151,Smoke,1212,423,1235,574
0411.png,29,218,Smoke,1163,357,1192,575
1033.png,57,57,Smoke,1773,313,1830,370
1365.png,128,59,Smoke,1691,578,1819,637
1147.png,57,57,Smoke,1773,313,1830,370
1521.png,55,80,Smoke,546,424,601,504
1726.png,99,55,Smoke,642,498,741,553
1564.png,111,76,Smoke,814,478,925,554
1196.png,179,109,Smoke,1741,458,1920,567
0168.png,57,57,Smoke,1773,313,1830,370
1238.png,55,80,Smoke,546,424,601,504
0148.png,23,113,Smoke,1214,464,1237,577
0443.png,95,139,Smoke,820,403,915,542
1481.png,155,48,Smoke,1719,580,1874,628
0874.png,50,128,Smoke,1431,425,1481,553
0760.png,55,80,Smoke,546,424,601,504
0273.png,107,221,Smoke,1022,323,1129,544
0170.png,55,143,Smoke,445,385,500,528
1786.png,80,48,Smoke,414,514,494,562
1123.png,97,151,Smoke,814,395,911,546
1442.png,101,107,Smoke,635,446,736,553
0087.png,65,197,Smoke,1618,422,1683,619
1404.png,90,67,Smoke,815,489,905,556
1046.png,111,246,Smoke,1027,310,1138,556
0093.png,95,176,Smoke,818,375,913,551
1060.png,179,109,Smoke,1741,457,1920,566
0834.png,50,128,Smoke,1431,426,1481,554
1177.png,101,107,Smoke,635,446,736,553
0883.png,76,250,Smoke,1613,392,1689,642
1561.png,132,155,Smoke,1246,398,1378,553
0943.png,80,48,Smoke,414,514,494,562
1258.png,55,80,Smoke,546,424,601,504
0488.png,97,120,Smoke,646,424,743,544
1152.png,124,174,Smoke,1254,377,1378,551
0193.png,50,116,Smoke,1432,426,1482,542
1013.png,124,174,Smoke,1253,379,1377,553
1194.png,124,174,Smoke,1254,377,1378,551
1410.png,32,170,Smoke,962,374,994,544
1401.png,23,151,Smoke,1212,423,1235,574
1658.png,122,78,Smoke,811,475,933,553
0641.png,23,113,Smoke,1213,466,1236,579
1347.png,80,48,Smoke,414,514,494,562
0297.png,32,158,Smoke,962,387,994,545
0148.png,32,158,Smoke,962,387,994,545
1330.png,101,107,Smoke,635,446,736,553
1672.png,141,67,Smoke,1759,373,1900,440
0360.png,55,84,Smoke,450,460,505,544
0724.png,32,158,Smoke,963,388,995,546
1079.png,32,158,Smoke,963,375,995,533
1347.png,124,174,Smoke,1256,377,1380,551
1688.png,55,80,Smoke,546,424,601,504
1604.png,113,57,Smoke,629,497,742,554
0512.png,80,48,Smoke,415,515,495,563
0222.png,23,113,Smoke,1214,464,1237,577
1258.png,23,113,Smoke,1212,466,1235,579
0082.png,55,143,Smoke,446,388,501,531
0642.png,111,221,Smoke,1021,322,1132,543
0812.png,29,218,Smoke,1163,355,1192,573
1116.png,99,57,Smoke,1771,391,1870,448
0014.png,48,34,Smoke,559,483,607,517
1738.png,80,48,Smoke,414,514,494,562
0409.png,86,107,Smoke,656,431,742,538
1455.png,155,48,Smoke,1717,579,1872,627
1622.png,122,78,Smoke,809,475,931,553
1109.png,80,48,Smoke,414,514,494,562
0776.png,80,48,Smoke,414,514,494,562
0549.png,99,59,Smoke,1692,576,1791,635
0200.png,95,176,Smoke,820,375,915,551
1186.png,179,109,Smoke,1741,456,1920,565
0140.png,74,99,Smoke,667,437,741,536
1516.png,57,57,Smoke,1761,304,1818,361
0219.png,29,218,Smoke,1162,368,1191,586
1436.png,132,155,Smoke,1247,396,1379,551
0345.png,23,113,Smoke,1214,464,1237,577
1254.png,99,59,Smoke,1689,575,1788,634
0237.png,141,147,Smoke,1230,408,1371,555
1474.png,50,128,Smoke,1431,413,1481,541
0264.png,55,46,Smoke,552,484,607,530
0424.png,55,80,Smoke,546,421,601,501
1509.png,141,67,Smoke,1757,376,1898,443
0159.png,57,57,Smoke,1773,313,1830,370
1040.png,97,151,Smoke,813,392,910,543
0361.png,57,57,Smoke,1773,313,1830,370
0720.png,160,57,Smoke,580,501,740,558
0047.png,32,158,Smoke,952,388,984,546
1008.png,29,218,Smoke,1163,353,1192,571
1561.png,80,48,Smoke,414,514,494,562
1049.png,111,246,Smoke,1027,309,1138,555
0520.png,50,116,Smoke,1431,428,1481,544
0042.png,34,116,Smoke,1421,433,1455,549
0552.png,50,128,Smoke,1435,422,1485,550
1549.png,29,218,Smoke,1163,345,1192,563
1298.png,124,174,Smoke,1255,377,1379,551
0170.png,65,197,Smoke,1617,421,1682,618
1333.png,179,109,Smoke,1741,459,1920,568
1135.png,101,107,Smoke,635,446,736,553
1270.png,23,113,Smoke,1212,467,1235,580
0454.png,95,139,Smoke,821,401,916,540
0830.png,80,48,Smoke,414,514,494,562
0540.png,124,174,Smoke,1250,378,1374,552
0569.png,29,218,Smoke,1163,358,1192,576
0231.png,69,86,Smoke,670,445,739,531
0509.png,97,120,Smoke,646,424,743,544
1728.png,141,67,Smoke,1759,372,1900,439
0985.png,99,59,Smoke,1688,576,1787,635
1033.png,76,118,Smoke,1769,317,1845,435
0934.png,175,109,Smoke,1745,452,1920,561
0282.png,29,218,Smoke,1163,356,1192,574
1237.png,32,158,Smoke,963,376,995,534
1620.png,113,57,Smoke,630,497,743,554
0153.png,95,176,Smoke,818,375,913,551
1712.png,122,78,Smoke,812,473,934,551
1289.png,124,174,Smoke,1255,377,1379,551
0444.png,107,221,Smoke,1022,318,1129,539
0267.png,69,86,Smoke,669,444,738,530
0502.png,76,118,Smoke,1771,309,1847,427
0832.png,57,57,Smoke,1773,313,1830,370
1576.png,141,67,Smoke,1757,377,1898,444
0319.png,107,221,Smoke,1021,321,1128,542
1257.png,179,109,Smoke,1741,458,1920,567
0365.png,55,46,Smoke,552,484,607,530
0446.png,29,218,Smoke,1163,357,1192,575
0043.png,57,57,Smoke,1773,313,1830,370
1186.png,50,128,Smoke,1431,421,1481,549
1548.png,76,227,Smoke,1621,383,1697,610
0746.png,160,57,Smoke,580,500,740,557
1696.png,50,128,Smoke,1431,412,1481,540
1351.png,57,57,Smoke,1773,313,1830,370
0847.png,111,233,Smoke,1019,320,1130,553
0214.png,141,147,Smoke,1231,408,1372,555
0267.png,55,46,Smoke,552,484,607,530
1618.png,80,48,Smoke,414,514,494,562
0429.png,76,105,Smoke,1770,310,1846,415
0673.png,109,155,Smoke,810,394,919,549
0177.png,76,92,Smoke,1768,309,1844,401
0047.png,74,99,Smoke,653,446,727,545
0955.png,179,109,Smoke,1741,456,1920,565
1377.png,80,48,Smoke,414,514,494,562
0434.png,57,57,Smoke,1773,313,1830,370
1638.png,80,57,Smoke,1762,302,1842,359
1101.png,99,57,Smoke,1771,391,1870,448
0811.png,107,179,Smoke,815,368,922,547
1711.png,141,67,Smoke,1761,372,1902,439
1127.png,80,48,Smoke,414,514,494,562
1691.png,181,109,Smoke,1739,456,1920,565
1692.png,29,218,Smoke,1161,336,1190,554
1333.png,29,218,Smoke,1164,335,1193,553
1149.png,99,59,Smoke,1688,574,1787,633
1611.png,80,57,Smoke,1763,302,1843,359
1520.png,57,57,Smoke,1761,304,1818,361
1124.png,99,59,Smoke,1688,574,1787,633
0333.png,69,59,Smoke,1690,579,1759,638
1654.png,183,109,Smoke,1737,457,1920,566
0372.png,57,57,Smoke,1773,313,1830,370
0271.png,55,84,Smoke,450,460,505,544
0417.png,86,107,Smoke,656,431,742,538
0758.png,29,218,Smoke,1163,355,1192,573
1326.png,179,109,Smoke,1741,458,1920,567
1197.png,84,67,Smoke,1761,377,1845,444
0548.png,95,155,Smoke,825,394,920,549
1352.png,141,67,Smoke,1759,375,1900,442
0825.png,107,179,Smoke,817,369,924,548
1236.png,179,109,Smoke,1741,458,1920,567
0006.png,57,57,Smoke,1773,313,1830,370
0764.png,76,118,Smoke,1771,303,1847,421
0972.png,50,128,Smoke,1431,425,1481,553
1381.png,23,151,Smoke,1212,422,1235,573
1674.png,55,80,Smoke,546,424,601,504
0476.png,124,174,Smoke,1250,378,1374,552
0986.png,57,57,Smoke,1773,313,1830,370
0615.png,111,221,Smoke,1021,320,1132,541
0608.png,65,218,Smoke,1620,397,1685,615
1559.png,76,227,Smoke,1621,384,1697,611
0281.png,95,176,Smoke,821,372,916,548
0648.png,57,57,Smoke,1773,313,1830,370
1012.png,29,218,Smoke,1163,353,1192,571
0204.png,95,176,Smoke,819,376,914,552
0773.png,160,57,Smoke,579,501,739,558
1501.png,132,155,Smoke,1247,398,1379,553
0828.png,111,233,Smoke,1019,321,1130,554
0473.png,23,113,Smoke,1214,464,1237,577
1533.png,50,128,Smoke,1430,412,1480,540
1332.png,141,67,Smoke,1759,375,1900,442
1588.png,130,227,Smoke,1026,312,1156,539
0195.png,145,86,Smoke,1775,459,1920,545
0089.png,76,92,Smoke,1767,309,1843,401
0164.png,76,92,Smoke,1768,309,1844,401
0405.png,76,105,Smoke,1769,312,1845,417
1784.png,128,246,Smoke,1025,319,1153,565
1241.png,80,48,Smoke,414,514,494,562
0279.png,69,86,Smoke,670,443,739,529
1468.png,103,55,Smoke,817,497,920,552
1514.png,57,57,Smoke,1761,304,1818,361
1215.png,76,250,Smoke,1613,390,1689,640
1375.png,181,109,Smoke,1739,459,1920,568
1047.png,179,109,Smoke,1741,457,1920,566
1342.png,99,59,Smoke,1690,576,1789,635
0090.png,74,99,Smoke,665,443,739,542
0194.png,141,147,Smoke,1231,408,1372,555
0873.png,29,218,Smoke,1163,355,1192,573
0852.png,57,57,Smoke,1773,313,1830,370
0968.png,57,57,Smoke,1773,313,1830,370
0964.png,23,113,Smoke,1214,469,1237,582
0151.png,57,48,Smoke,1705,577,1762,625
0065.png,57,48,Smoke,1703,577,1760,625
0062.png,149,97,Smoke,1771,459,1920,556
1291.png,23,113,Smoke,1212,466,1235,579
1791.png,32,170,Smoke,966,388,998,558
0602.png,111,221,Smoke,1019,320,1130,541
0616.png,55,80,Smoke,546,424,601,504
0407.png,57,57,Smoke,1773,313,1830,370
1064.png,74,74,Smoke,1770,361,1844,435
0559.png,97,120,Smoke,647,425,744,545
0637.png,174,109,Smoke,1746,449,1920,558
1668.png,29,218,Smoke,1161,338,1190,556
1711.png,80,48,Smoke,414,514,494,562
0750.png,76,118,Smoke,1771,303,1847,421
0673.png,149,71,Smoke,590,487,739,558
1326.png,76,250,Smoke,1616,383,1692,633
0288.png,50,116,Smoke,1431,429,1481,545
0738.png,124,174,Smoke,1250,379,1374,553
1586.png,23,151,Smoke,1211,424,1234,575
0101.png,57,57,Smoke,1773,313,1830,370
0103.png,95,176,Smoke,818,375,913,551
0960.png,29,218,Smoke,1163,353,1192,571
0096.png,145,116,Smoke,1226,427,1371,543
1302.png,57,57,Smoke,1773,313,1830,370
0532.png,76,118,Smoke,1770,309,1846,427
1473.png,57,57,Smoke,1759,304,1816,361
0458.png,76,118,Smoke,1771,310,1847,428
1126.png,97,151,Smoke,814,394,911,545
0950.png,23,113,Smoke,1214,469,1237,582
0513.png,23,113,Smoke,1214,464,1237,577
1043.png,76,250,Smoke,1614,391,1690,641
0617.png,65,218,Smoke,1620,397,1685,615
0918.png,29,218,Smoke,1163,355,1192,573
1339.png,55,80,Smoke,546,424,601,504
0111.png,57,48,Smoke,1705,577,1762,625
0011.png,57,57,Smoke,1773,313,1830,370
0736.png,57,57,Smoke,1773,313,1830,370
0134.png,57,48,Smoke,1705,577,1762,625
0553.png,80,48,Smoke,415,514,495,562
0765.png,23,113,Smoke,1214,468,1237,581
0135.png,107,195,Smoke,1022,350,1129,545
1772.png,80,48,Smoke,414,514,494,562
1495.png,181,109,Smoke,1739,457,1920,566
1434.png,55,80,Smoke,546,424,601,504
1399.png,101,107,Smoke,635,446,736,553
1468.png,57,57,Smoke,1759,304,1816,361
1788.png,132,155,Smoke,1245,399,1377,554
0518.png,107,221,Smoke,1024,321,1131,542
0808.png,80,48,Smoke,414,514,494,562
1266.png,97,82,Smoke,815,458,912,540
0504.png,97,120,Smoke,646,424,743,544
1100.png,76,250,Smoke,1615,391,1691,641
0553.png,99,59,Smoke,1692,576,1791,635
1180.png,111,246,Smoke,1032,306,1143,552
0605.png,97,120,Smoke,647,430,744,550
1040.png,99,59,Smoke,1686,577,1785,636
1327.png,32,170,Smoke,962,378,994,548
0753.png,57,57,Smoke,1773,313,1830,370
0122.png,55,143,Smoke,444,387,499,530
1622.png,182,109,Smoke,1738,458,1920,567
0724.png,76,250,Smoke,1611,395,1687,645
0764.png,174,109,Smoke,1746,449,1920,558
0110.png,95,176,Smoke,818,376,913,552
0129.png,107,195,Smoke,1022,350,1129,545
1135.png,179,109,Smoke,1741,455,1920,564
1085.png,80,48,Smoke,414,514,494,562
1413.png,130,227,Smoke,1024,323,1154,550
0500.png,124,174,Smoke,1251,378,1375,552
0036.png,29,170,Smoke,1149,378,1178,548
1411.png,76,227,Smoke,1617,383,1693,610
0455.png,86,107,Smoke,657,427,743,534
1453.png,80,48,Smoke,414,514,494,562
0900.png,124,174,Smoke,1252,379,1376,553
0388.png,69,59,Smoke,1691,579,1760,638
0362.png,32,158,Smoke,962,388,994,546
0530.png,50,116,Smoke,1431,428,1481,544
1469.png,80,48,Smoke,414,514,494,562
0337.png,69,59,Smoke,1690,579,1759,638
0303.png,124,174,Smoke,1250,378,1374,552
1144.png,80,48,Smoke,414,514,494,562
0451.png,69,59,Smoke,1689,578,1758,637
1668.png,128,246,Smoke,1019,310,1147,556
1712.png,80,48,Smoke,414,514,494,562
0899.png,55,80,Smoke,546,424,601,504
1571.png,23,151,Smoke,1212,423,1235,574
0237.png,76,92,Smoke,1768,309,1844,401
1365.png,141,67,Smoke,1759,375,1900,442
1124.png,80,48,Smoke,414,514,494,562
1068.png,101,107,Smoke,635,446,736,553
0007.png,145,116,Smoke,1193,429,1338,545
1483.png,130,227,Smoke,1024,320,1154,547
1261.png,80,48,Smoke,414,514,494,562
0833.png,80,48,Smoke,414,514,494,562
1545.png,141,67,Smoke,1757,376,1898,443
1095.png,55,80,Smoke,546,424,601,504
0649.png,57,57,Smoke,1773,313,1830,370
1132.png,111,246,Smoke,1030,307,1141,553
0830.png,170,67,Smoke,567,490,737,557
0070.png,55,143,Smoke,446,388,501,531
0732.png,50,128,Smoke,1432,424,1482,552
1144.png,57,57,Smoke,1773,313,1830,370
1014.png,179,109,Smoke,1741,458,1920,567
0201.png,57,57,Smoke,1773,313,1830,370
1090.png,80,48,Smoke,414,514,494,562
1068.png,97,151,Smoke,814,394,911,545
1125.png,111,246,Smoke,1030,307,1141,553
1557.png,80,48,Smoke,414,514,494,562
0105.png,32,158,Smoke,962,387,994,545
1167.png,124,174,Smoke,1254,377,1378,551
1051.png,99,59,Smoke,1686,576,1785,635
0928.png,143,95,Smoke,595,460,738,555
0036.png,74,99,Smoke,643,447,717,546
1262.png,97,82,Smoke,815,459,912,541
0168.png,29,218,Smoke,1163,348,1192,566
1605.png,122,78,Smoke,807,474,929,552
1176.png,55,80,Smoke,546,424,601,504
1343.png,29,218,Smoke,1164,333,1193,551
1288.png,76,250,Smoke,1615,385,1691,635
1482.png,103,55,Smoke,817,499,920,554
0661.png,80,48,Smoke,414,514,494,562
1792.png,155,48,Smoke,1722,578,1877,626
1377.png,55,80,Smoke,546,424,601,504
0074.png,107,195,Smoke,1022,357,1129,552
0097.png,76,92,Smoke,1768,309,1844,401
0023.png,57,57,Smoke,1773,313,1830,370
0622.png,124,174,Smoke,1251,377,1375,551
0378.png,57,57,Smoke,1773,313,1830,370
0706.png,124,174,Smoke,1251,378,1375,552
0241.png,69,86,Smoke,669,444,738,530
0192.png,55,97,Smoke,450,445,505,542
0408.png,57,57,Smoke,1773,313,1830,370
0440.png,29,218,Smoke,1163,355,1192,573
0296.png,57,57,Smoke,1773,313,1830,370
0515.png,161,109,Smoke,1759,449,1920,558
1472.png,141,67,Smoke,1759,374,1900,441
1590.png,32,170,Smoke,963,372,995,542
0811.png,80,48,Smoke,414,514,494,562
1188.png,55,80,Smoke,546,424,601,504
1515.png,23,151,Smoke,1212,423,1235,574
0767.png,109,179,Smoke,813,368,922,547
0565.png,57,57,Smoke,1773,313,1830,370
1530.png,50,128,Smoke,1431,413,1481,541
1636.png,32,170,Smoke,964,374,996,544
0143.png,76,92,Smoke,1768,310,1844,402
1284.png,76,250,Smoke,1616,387,1692,637
1555.png,29,218,Smoke,1163,343,1192,561
1434.png,155,48,Smoke,1716,577,1871,625
1570.png,132,155,Smoke,1246,396,1378,551
0800.png,76,118,Smoke,1773,302,1849,420
1146.png,124,174,Smoke,1254,378,1378,552
0983.png,76,250,Smoke,1615,390,1691,640
0185.png,65,197,Smoke,1617,420,1682,617
1115.png,99,57,Smoke,1771,391,1870,448
0362.png,57,57,Smoke,1773,313,1830,370
1724.png,155,48,Smoke,1722,579,1877,627
0774.png,29,218,Smoke,1163,355,1192,573
1350.png,32,170,Smoke,962,378,994,548
0145.png,48,34,Smoke,559,483,607,517
1183.png,76,250,Smoke,1613,390,1689,640
0296.png,149,86,Smoke,1771,447,1920,533
0982.png,55,80,Smoke,546,424,601,504
0046.png,57,48,Smoke,1694,578,1751,626
1689.png,50,128,Smoke,1431,413,1481,541
1260.png,101,107,Smoke,635,446,736,553
1311.png,57,57,Smoke,1773,313,1830,370
0924.png,99,59,Smoke,1687,575,1786,634
1029.png,76,118,Smoke,1769,317,1845,435
0679.png,76,118,Smoke,1771,304,1847,422
1464.png,76,227,Smoke,1620,384,1696,611
1163.png,99,59,Smoke,1688,574,1787,633
1717.png,80,57,Smoke,1759,299,1839,356
1466.png,130,227,Smoke,1024,321,1154,548
1555.png,111,76,Smoke,814,477,925,553
1072.png,50,128,Smoke,1431,422,1481,550
1405.png,29,218,Smoke,1164,335,1193,553
1493.png,132,155,Smoke,1247,396,1379,551
0591.png,80,48,Smoke,415,515,495,563
0214.png,144,86,Smoke,1776,459,1920,545
1791.png,181,109,Smoke,1739,458,1920,567
1181.png,50,128,Smoke,1431,420,1481,548
0204.png,65,197,Smoke,1617,422,1682,619
1396.png,57,57,Smoke,1754,305,1811,362
0032.png,95,176,Smoke,793,382,888,558
1069.png,32,158,Smoke,963,375,995,533
1244.png,32,158,Smoke,963,376,995,534
1569.png,130,227,Smoke,1025,312,1155,539
0013.png,48,34,Smoke,559,483,607,517
0388.png,143,113,Smoke,1777,442,1920,555
1520.png,103,55,Smoke,820,502,923,557
1343.png,80,48,Smoke,414,514,494,562
0930.png,29,218,Smoke,1163,355,1192,573
1228.png,57,57,Smoke,1773,313,1830,370
0791.png,57,57,Smoke,1773,313,1830,370
0685.png,111,221,Smoke,1020,322,1131,543
0576.png,111,221,Smoke,1020,321,1131,542
0828.png,76,118,Smoke,1772,301,1848,419
1667.png,23,151,Smoke,1210,420,1233,571
1373.png,76,227,Smoke,1615,382,1691,609
1283.png,130,227,Smoke,1017,327,1147,554
1760.png,155,48,Smoke,1722,579,1877,627
0740.png,55,80,Smoke,546,424,601,504
1394.png,55,80,Smoke,546,424,601,504
1164.png,32,158,Smoke,963,376,995,534
1364.png,57,57,Smoke,1773,313,1830,370
0215.png,95,176,Smoke,819,376,914,552
1381.png,130,227,Smoke,1022,324,1152,551
0207.png,57,57,Smoke,1773,313,1830,370
0897.png,50,128,Smoke,1431,424,1481,552
0301.png,65,197,Smoke,1617,422,1682,619
0541.png,76,118,Smoke,1771,309,1847,427
1297.png,55,80,Smoke,546,424,601,504
0553.png,161,109,Smoke,1759,451,1920,560
1477.png,55,80,Smoke,546,424,601,504
1566.png,32,170,Smoke,962,373,994,543
0705.png,109,179,Smoke,813,368,922,547
0886.png,174,109,Smoke,1746,452,1920,561
1155.png,50,128,Smoke,1431,422,1481,550
1640.png,55,80,Smoke,546,424,601,504
0664.png,80,48,Smoke,414,514,494,562
1317.png,50,128,Smoke,1431,419,1481,547
0360.png,55,46,Smoke,552,484,607,530
0469.png,23,113,Smoke,1214,464,1237,577
1404.png,57,57,Smoke,1754,305,1811,362
0470.png,65,197,Smoke,1617,422,1682,619
0012.png,65,197,Smoke,1583,421,1648,618
1238.png,80,48,Smoke,414,514,494,562
0547.png,95,155,Smoke,824,394,919,549
0882.png,76,118,Smoke,1770,318,1846,436
0832.png,32,158,Smoke,963,386,995,544
0835.png,170,67,Smoke,567,490,737,557
1502.png,170,57,Smoke,568,499,738,556
0094.png,32,158,Smoke,961,386,993,544
1315.png,23,113,Smoke,1212,466,1235,579
1395.png,23,151,Smoke,1212,423,1235,574
0834.png,57,57,Smoke,1773,313,1830,370
0204.png,55,46,Smoke,552,484,607,530
1583.png,80,48,Smoke,414,514,494,562
1384.png,130,227,Smoke,1022,325,1152,552
0757.png,76,118,Smoke,1772,303,1848,421
0272.png,148,86,Smoke,1772,454,1920,540
0734.png,55,80,Smoke,546,424,601,504
0065.png,145,116,Smoke,1227,427,1372,543
1641.png,181,109,Smoke,1739,456,1920,565
0897.png,76,118,Smoke,1770,317,1846,435
1314.png,99,59,Smoke,1689,574,1788,633
1624.png,155,48,Smoke,1722,579,1877,627
1202.png,124,174,Smoke,1254,377,1378,551
1187.png,29,218,Smoke,1164,333,1193,551
1527.png,181,109,Smoke,1739,458,1920,567
0105.png,55,143,Smoke,446,386,501,529
0257.png,141,147,Smoke,1232,407,1373,554
0159.png,32,158,Smoke,962,387,994,545
0743.png,80,48,Smoke,414,514,494,562
0862.png,23,113,Smoke,1214,470,1237,583
1158.png,80,48,Smoke,414,514,494,562
0453.png,95,139,Smoke,821,400,916,539
1111.png,99,57,Smoke,1771,391,1870,448
0270.png,50,116,Smoke,1431,428,1481,544
0151.png,107,195,Smoke,1022,350,1129,545
1411.png,23,151,Smoke,1212,424,1235,575
0775.png,23,113,Smoke,1214,467,1237,580
0655.png,29,218,Smoke,1163,358,1192,576
0452.png,55,84,Smoke,450,460,505,544
0906.png,111,233,Smoke,1024,318,1135,551
0547.png,97,120,Smoke,647,425,744,545
1570.png,29,218,Smoke,1163,341,1192,559
1474.png,32,170,Smoke,962,373,994,543
0817.png,57,57,Smoke,1773,313,1830,370
0887.png,124,174,Smoke,1252,379,1376,553
0298.png,57,57,Smoke,1773,313,1830,370
0613.png,111,221,Smoke,1020,320,1131,541
0077.png,95,176,Smoke,818,377,913,553
0601.png,65,218,Smoke,1620,397,1685,615
1489.png,103,55,Smoke,818,499,921,554
1060.png,74,74,Smoke,1770,361,1844,435
0690.png,32,158,Smoke,963,391,995,549
0853.png,174,109,Smoke,1746,451,1920,560
1189.png,76,250,Smoke,1613,390,1689,640
0187.png,74,99,Smoke,666,431,740,530
0616.png,111,221,Smoke,1020,319,1131,540
0380.png,76,92,Smoke,1767,310,1843,402
0393.png,23,113,Smoke,1214,464,1237,577
0261.png,29,218,Smoke,1163,356,1192,574
0665.png,57,57,Smoke,1773,313,1830,370
0105.png,29,218,Smoke,1164,351,1193,569
1189.png,97,151,Smoke,816,392,913,543
1161.png,101,107,Smoke,635,446,736,553
1251.png,80,48,Smoke,414,514,494,562
0988.png,99,59,Smoke,1689,577,1788,636
1685.png,23,151,Smoke,1210,420,1233,571
0305.png,32,158,Smoke,962,387,994,545
1148.png,97,151,Smoke,815,392,912,543
0339.png,29,218,Smoke,1163,358,1192,576
0939.png,101,160,Smoke,813,383,914,543
0961.png,99,59,Smoke,1688,577,1787,636
1540.png,141,67,Smoke,1757,376,1898,443
0109.png,74,99,Smoke,665,441,739,540
1364.png,76,227,Smoke,1615,382,1691,609
0146.png,57,57,Smoke,1773,313,1830,370
0201.png,55,46,Smoke,552,484,607,530
1483.png,50,128,Smoke,1431,412,1481,540
0347.png,95,139,Smoke,821,409,916,548
1524.png,29,218,Smoke,1164,344,1193,562
1362.png,128,59,Smoke,1691,578,1819,637
1718.png,180,109,Smoke,1740,456,1920,565
0064.png,145,116,Smoke,1227,427,1372,543
1068.png,23,113,Smoke,1214,469,1237,582
1163.png,84,67,Smoke,1761,378,1845,445
1709.png,128,246,Smoke,1022,314,1150,560
0811.png,76,250,Smoke,1615,394,1691,644
0472.png,29,218,Smoke,1163,354,1192,572
1098.png,55,80,Smoke,546,424,601,504
0077.png,57,57,Smoke,1773,313,1830,370
0941.png,76,118,Smoke,1769,316,1845,434
0667.png,50,128,Smoke,1433,425,1483,553
0333.png,76,92,Smoke,1768,310,1844,402
1681.png,99,55,Smoke,642,498,741,553
0968.png,32,158,Smoke,962,381,994,539
1755.png,155,48,Smoke,1722,579,1877,627
0642.png,109,155,Smoke,809,394,918,549
0380.png,143,113,Smoke,1777,442,1920,555
0325.png,55,84,Smoke,450,460,505,544
1156.png,80,48,Smoke,414,514,494,562
1427.png,155,48,Smoke,1718,578,1873,626
0613.png,32,158,Smoke,963,389,995,547
1184.png,76,250,Smoke,1613,390,1689,640
0077.png,23,113,Smoke,1214,464,1237,577
0002.png,23,113,Smoke,1214,464,1237,577
1741.png,132,155,Smoke,1246,397,1378,552
1476.png,180,109,Smoke,1740,457,1920,566
0021.png,32,158,Smoke,928,389,960,547
0054.png,29,170,Smoke,1166,397,1195,567
0900.png,174,109,Smoke,1746,452,1920,561
1674.png,122,78,Smoke,811,474,933,552
0214.png,55,84,Smoke,450,458,505,542
0299.png,107,221,Smoke,1021,322,1128,543
0169.png,55,143,Smoke,445,385,500,528
0635.png,50,128,Smoke,1435,423,1485,551
0970.png,50,128,Smoke,1431,424,1481,552
0100.png,29,218,Smoke,1164,351,1193,569
0845.png,50,128,Smoke,1431,427,1481,555
1071.png,74,74,Smoke,1770,361,1844,435
1332.png,130,227,Smoke,1022,323,1152,550
1394.png,130,227,Smoke,1022,323,1152,550
1520.png,23,151,Smoke,1212,422,1235,573
1681.png,181,109,Smoke,1739,457,1920,566
1271.png,84,67,Smoke,1760,375,1844,442
1227.png,23,113,Smoke,1213,467,1236,580
0976.png,179,109,Smoke,1741,455,1920,564
1341.png,57,57,Smoke,1773,313,1830,370
0090.png,148,97,Smoke,1772,456,1920,553
0425.png,57,57,Smoke,1773,313,1830,370
0027.png,34,116,Smoke,1406,436,1440,552
0889.png,99,59,Smoke,1688,577,1787,636
1631.png,23,151,Smoke,1210,421,1233,572
0298.png,95,176,Smoke,821,375,916,551
1311.png,23,113,Smoke,1212,466,1235,579
0149.png,55,143,Smoke,445,386,500,529
0286.png,57,57,Smoke,1773,313,1830,370
1377.png,32,170,Smoke,962,372,994,542
1029.png,86,160,Smoke,814,379,900,539
0924.png,143,95,Smoke,596,460,739,555
1427.png,57,57,Smoke,1755,305,1812,362
1798.png,122,78,Smoke,814,476,936,554
1335.png,124,174,Smoke,1256,377,1380,551
0018.png,57,57,Smoke,1773,313,1830,370
1231.png,111,246,Smoke,1032,307,1143,553
0003.png,57,48,Smoke,1670,579,1727,627
1634.png,76,227,Smoke,1623,384,1699,611
1512.png,29,218,Smoke,1164,341,1193,559
1657.png,122,78,Smoke,811,475,933,553
1479.png,170,57,Smoke,563,502,733,559
0285.png,23,113,Smoke,1214,464,1237,577
0769.png,124,174,Smoke,1251,379,1375,553
0755.png,76,118,Smoke,1771,303,1847,421
0815.png,50,128,Smoke,1431,426,1481,554
0143.png,32,158,Smoke,962,387,994,545
1784.png,132,155,Smoke,1245,399,1377,554
1469.png,76,227,Smoke,1620,384,1696,611
1132.png,29,218,Smoke,1164,331,1193,549
0302.png,107,221,Smoke,1021,323,1128,544
0490.png,50,116,Smoke,1431,428,1481,544
0895.png,57,57,Smoke,1773,313,1830,370
1312.png,29,218,Smoke,1164,335,1193,553
1527.png,80,48,Smoke,414,514,494,562
0096.png,107,195,Smoke,1022,356,1129,551
1500.png,55,80,Smoke,546,424,601,504
0030.png,23,113,Smoke,1214,464,1237,577
0193.png,74,99,Smoke,666,431,740,530
1163.png,32,158,Smoke,963,376,995,534
0364.png,76,92,Smoke,1768,310,1844,402
1453.png,32,170,Smoke,962,373,994,543
1698.png,50,128,Smoke,1431,412,1481,540
1062.png,101,107,Smoke,635,446,736,553
1282.png,101,107,Smoke,635,446,736,553
0135.png,65,197,Smoke,1617,422,1682,619
0668.png,124,174,Smoke,1251,378,1375,552
0774.png,109,179,Smoke,813,367,922,546
0272.png,107,221,Smoke,1022,323,1129,544
0605.png,99,59,Smoke,1692,576,1791,635
1663.png,50,128,Smoke,1431,411,1481,539
0450.png,23,113,Smoke,1214,464,1237,577
0092.png,74,99,Smoke,665,443,739,542
1225.png,84,67,Smoke,1760,376,1844,443
0174.png,76,92,Smoke,1769,309,1845,401
0442.png,142,109,Smoke,1778,449,1920,558
0952.png,111,233,Smoke,1027,317,1138,550
0146.png,107,195,Smoke,1022,350,1129,545
0042.png,95,176,Smoke,804,380,899,556
0529.png,76,118,Smoke,1771,309,1847,427
1515.png,130,227,Smoke,1024,319,1154,546
0125.png,107,195,Smoke,1021,352,1128,547
0937.png,80,48,Smoke,414,514,494,562
1684.png,155,48,Smoke,1722,579,1877,627
0173.png,65,197,Smoke,1617,420,1682,617
0911.png,55,80,Smoke,546,424,601,504
1707.png,181,109,Smoke,1739,456,1920,565
0849.png,76,118,Smoke,1771,317,1847,435
0878.png,57,57,Smoke,1773,313,1830,370
0308.png,146,113,Smoke,1774,445,1920,558
0729.png,99,59,Smoke,1692,576,1791,635
0033.png,74,99,Smoke,638,447,712,546
1136.png,76,250,Smoke,1614,390,1690,640
1606.png,50,128,Smoke,1431,412,1481,540
0531.png,69,59,Smoke,1688,578,1757,637
1080.png,50,128,Smoke,1431,422,1481,550
0402.png,29,218,Smoke,1163,357,1192,575
0434.png,76,118,Smoke,1771,311,1847,429
1202.png,23,113,Smoke,1213,469,1236,582
0556.png,50,128,Smoke,1435,421,1485,549
1328.png,101,107,Smoke,635,446,736,553
1337.png,130,227,Smoke,1022,323,1152,550
0730.png,174,109,Smoke,1746,449,1920,558
0708.png,111,221,Smoke,1020,323,1131,544
0860.png,32,158,Smoke,963,386,995,544
1160.png,32,158,Smoke,963,376,995,534
0512.png,76,118,Smoke,1772,309,1848,427
0151.png,57,57,Smoke,1773,313,1830,370
0623.png,171,109,Smoke,1749,449,1920,558
1666.png,132,155,Smoke,1246,397,1378,552
0710.png,55,80,Smoke,546,424,601,504
0500.png,97,120,Smoke,646,423,743,543
1712.png,32,170,Smoke,966,380,998,550
1148.png,99,59,Smoke,1688,574,1787,633
1611.png,132,155,Smoke,1246,397,1378,552
1239.png,29,218,Smoke,1164,329,1193,547
1291.png,55,80,Smoke,546,424,601,504
1296.png,55,80,Smoke,546,424,601,504
0741.png,29,218,Smoke,1163,355,1192,573
1755.png,132,155,Smoke,1245,399,1377,554
1779.png,32,170,Smoke,966,388,998,558
0943.png,76,118,Smoke,1769,316,1845,434
1715.png,29,218,Smoke,1161,334,1190,552
1461.png,103,55,Smoke,816,497,919,552
0266.png,95,176,Smoke,819,370,914,546
1701.png,80,57,Smoke,1758,299,1838,356
0547.png,99,59,Smoke,1692,576,1791,635
1147.png,55,80,Smoke,546,424,601,504
0238.png,57,57,Smoke,1773,313,1830,370
0936.png,175,109,Smoke,1745,452,1920,561
1143.png,99,59,Smoke,1688,574,1787,633
1651.png,80,57,Smoke,1760,301,1840,358
1585.png,55,80,Smoke,546,424,601,504
1472.png,80,48,Smoke,414,514,494,562
1206.png,50,128,Smoke,1431,421,1481,549
0528.png,69,59,Smoke,1688,578,1757,637
1612.png,32,170,Smoke,964,372,996,542
0892.png,32,158,Smoke,963,383,995,541
0145.png,29,218,Smoke,1163,349,1192,567
0234.png,142,86,Smoke,1778,457,1920,543
1216.png,97,151,Smoke,816,394,913,545
0037.png,76,92,Smoke,1748,311,1824,403
0390.png,23,113,Smoke,1214,464,1237,577
1100.png,80,48,Smoke,414,514,494,562
0830.png,29,218,Smoke,1163,355,1192,573
0049.png,29,170,Smoke,1164,379,1193,549
0160.png,107,195,Smoke,1022,350,1129,545
0349.png,76,92,Smoke,1769,310,1845,402
1000.png,76,250,Smoke,1615,390,1691,640
1410.png,80,48,Smoke,414,514,494,562
1354.png,29,218,Smoke,1164,337,1193,555
0529.png,23,113,Smoke,1214,464,1237,577
1378.png,80,48,Smoke,414,514,494,562
0681.png,32,158,Smoke,963,390,995,548
1219.png,101,107,Smoke,635,446,736,553
0420.png,57,57,Smoke,1773,313,1830,370
1529.png,181,109,Smoke,1739,457,1920,566
0151.png,147,97,Smoke,1773,450,1920,547
0631.png,29,218,Smoke,1163,357,1192,575
1255.png,23,113,Smoke,1212,466,1235,579
0035.png,32,158,Smoke,939,388,971,546
1424.png,29,218,Smoke,1164,333,1193,551
1752.png,32,170,Smoke,966,382,998,552
0811.png,111,233,Smoke,1020,321,1131,554
0527.png,80,48,Smoke,415,514,495,562
0325.png,65,197,Smoke,1617,423,1682,620
0794.png,29,218,Smoke,1163,355,1192,573
1326.png,50,128,Smoke,1431,419,1481,547
1225.png,57,57,Smoke,1773,313,1830,370
0064.png,57,57,Smoke,1773,313,1830,370
0872.png,76,250,Smoke,1615,392,1691,642
1028.png,124,174,Smoke,1253,377,1377,551
1539.png,55,80,Smoke,546,424,601,504
0936.png,76,118,Smoke,1769,317,1845,435
0487.png,124,174,Smoke,1251,378,1375,552
1507.png,130,227,Smoke,1024,320,1154,547
1408.png,180,109,Smoke,1740,457,1920,566
0792.png,170,67,Smoke,570,489,740,556
1728.png,76,258,Smoke,1624,383,1700,641
1596.png,80,48,Smoke,414,514,494,562
1649.png,132,155,Smoke,1246,397,1378,552
0824.png,80,48,Smoke,414,514,494,562
0835.png,76,118,Smoke,1771,302,1847,420
0017.png,29,170,Smoke,1136,382,1165,552
0789.png,76,250,Smoke,1616,393,1692,643
0009.png,48,34,Smoke,559,483,607,517
1205.png,50,128,Smoke,1431,421,1481,549
0849.png,76,250,Smoke,1615,392,1691,642
1097.png,57,57,Smoke,1773,313,1830,370
1575.png,32,170,Smoke,963,369,995,539
0583.png,80,48,Smoke,415,516,495,564
1481.png,57,57,Smoke,1759,304,1816,361
0281.png,57,57,Smoke,1773,313,1830,370
1660.png,128,246,Smoke,1017,311,1145,557
0910.png,107,179,Smoke,814,369,921,548
1047.png,29,218,Smoke,1163,353,1192,571
0419.png,55,80,Smoke,546,420,601,500
1309.png,99,59,Smoke,1689,574,1788,633
1415.png,181,109,Smoke,1739,457,1920,566
0981.png,29,218,Smoke,1163,353,1192,571
0217.png,55,84,Smoke,450,458,505,542
0015.png,48,34,Smoke,559,483,607,517
1471.png,76,227,Smoke,1620,384,1696,611
0110.png,48,34,Smoke,559,483,607,517
1566.png,29,218,Smoke,1163,339,1192,557
0690.png,99,59,Smoke,1692,576,1791,635
1330.png,55,80,Smoke,546,424,601,504
0853.png,76,118,Smoke,1771,317,1847,435
0477.png,69,59,Smoke,1688,578,1757,637
1397.png,80,48,Smoke,414,514,494,562
1294.png,50,128,Smoke,1431,417,1481,545
0348.png,55,84,Smoke,450,460,505,544
0131.png,29,218,Smoke,1164,348,1193,566
1321.png,29,218,Smoke,1164,335,1193,553
0218.png,32,158,Smoke,962,387,994,545
0989.png,29,218,Smoke,1163,353,1192,571
1173.png,76,250,Smoke,1613,390,1689,640
0124.png,65,197,Smoke,1617,423,1682,620
0697.png,109,155,Smoke,812,392,921,547
1653.png,132,155,Smoke,1246,397,1378,552
0710.png,160,57,Smoke,580,500,740,557
0376.png,124,174,Smoke,1250,378,1374,552
1283.png,29,218,Smoke,1164,335,1193,553
0794.png,124,174,Smoke,1251,379,1375,553
0072.png,76,92,Smoke,1769,309,1845,401
0687.png,29,218,Smoke,1163,358,1192,576
1560.png,130,227,Smoke,1025,311,1155,538
1307.png,101,107,Smoke,635,446,736,553
0025.png,32,158,Smoke,929,389,961,547
0474.png,23,113,Smoke,1214,464,1237,577
1278.png,80,48,Smoke,414,514,494,562
0718.png,50,128,Smoke,1433,424,1483,552
0538.png,65,218,Smoke,1618,399,1683,617
0514.png,107,221,Smoke,1024,321,1131,542
0699.png,65,250,Smoke,1619,397,1684,647
0256.png,65,197,Smoke,1617,421,1682,618
1644.png,155,48,Smoke,1722,580,1877,628
0282.png,76,92,Smoke,1769,310,1845,402
0817.png,124,174,Smoke,1251,379,1375,553
0910.png,76,250,Smoke,1613,391,1689,641
0586.png,23,113,Smoke,1214,465,1237,578
1208.png,111,246,Smoke,1032,306,1143,552
1565.png,57,57,Smoke,1761,304,1818,361
0293.png,107,221,Smoke,1021,322,1128,543
0474.png,76,118,Smoke,1771,309,1847,427
1076.png,101,107,Smoke,635,446,736,553
0947.png,80,48,Smoke,414,514,494,562
1453.png,103,55,Smoke,816,497,919,552
1065.png,80,48,Smoke,414,514,494,562
1781.png,23,151,Smoke,1215,415,1238,566
1214.png,99,59,Smoke,1687,574,1786,633
0592.png,169,109,Smoke,1751,450,1920,559
1365.png,55,80,Smoke,546,424,601,504
0047.png,145,116,Smoke,1219,427,1364,543
1652.png,80,48,Smoke,414,514,494,562
1491.png,50,128,Smoke,1431,412,1481,540
0167.png,148,97,Smoke,1772,448,1920,545
1284.png,57,57,Smoke,1773,313,1830,370
1124.png,23,113,Smoke,1214,471,1237,584
0696.png,32,158,Smoke,963,390,995,548
1597.png,141,67,Smoke,1759,377,1900,444
0550.png,76,118,Smoke,1771,308,1847,426
0625.png,50,128,Smoke,1434,423,1484,551
0846.png,29,218,Smoke,1163,355,1192,573
0277.png,55,84,Smoke,450,460,505,544
1465.png,55,80,Smoke,546,424,601,504
1297.png,84,67,Smoke,1760,375,1844,442
0313.png,32,158,Smoke,962,387,994,545
0480.png,107,221,Smoke,1023,317,1130,538
1314.png,50,128,Smoke,1431,419,1481,547
0011.png,32,158,Smoke,928,387,960,545
0706.png,23,113,Smoke,1213,466,1236,579
0008.png,151,97,Smoke,1740,461,1891,558
0231.png,57,57,Smoke,1773,313,1830,370
1512.png,170,57,Smoke,568,499,738,556
0533.png,124,174,Smoke,1250,378,1374,552
1176.png,23,113,Smoke,1213,470,1236,583
0690.png,65,250,Smoke,1620,397,1685,647
0429.png,23,113,Smoke,1214,464,1237,577
1516.png,50,128,Smoke,1431,412,1481,540
0154.png,107,195,Smoke,1022,350,1129,545
0434.png,124,174,Smoke,1250,378,1374,552
0622.png,109,155,Smoke,809,395,918,550
1064.png,76,250,Smoke,1615,389,1691,639
1691.png,141,67,Smoke,1761,372,1902,439
1582.png,23,151,Smoke,1212,423,1235,574
1709.png,32,170,Smoke,966,380,998,550
1010.png,80,48,Smoke,414,514,494,562
0383.png,29,218,Smoke,1163,357,1192,575
0204.png,69,59,Smoke,1691,577,1760,636
0291.png,23,113,Smoke,1214,464,1237,577
0691.png,65,250,Smoke,1620,397,1685,647
1774.png,32,170,Smoke,966,388,998,558
0094.png,145,116,Smoke,1226,427,1371,543
1305.png,32,170,Smoke,962,378,994,548
1178.png,29,218,Smoke,1164,331,1193,549
0352.png,55,84,Smoke,450,460,505,544
1118.png,76,250,Smoke,1615,390,1691,640
0981.png,80,48,Smoke,414,514,494,562
0420.png,76,105,Smoke,1770,311,1846,416
0473.png,50,116,Smoke,1431,428,1481,544
1168.png,80,48,Smoke,414,514,494,562
0532.png,95,155,Smoke,824,394,919,549
1298.png,76,250,Smoke,1617,385,1693,635
0713.png,76,250,Smoke,1611,395,1687,645
0034.png,95,176,Smoke,797,381,892,557
1767.png,32,170,Smoke,966,386,998,556
1401.png,55,80,Smoke,546,424,601,504
1718.png,23,151,Smoke,1211,417,1234,568
0444.png,86,107,Smoke,656,431,742,538
1687.png,32,170,Smoke,966,380,998,550
0228.png,143,86,Smoke,1777,459,1920,545
0836.png,107,179,Smoke,815,369,922,548
1265.png,99,59,Smoke,1689,575,1788,634
0852.png,55,80,Smoke,546,424,601,504
1583.png,76,227,Smoke,1622,384,1698,611
0518.png,80,48,Smoke,415,514,495,562
1708.png,155,48,Smoke,1722,579,1877,627
0869.png,29,218,Smoke,1163,355,1192,573
0452.png,69,59,Smoke,1689,578,1758,637
0014.png,107,195,Smoke,991,355,1098,550
0118.png,95,176,Smoke,818,375,913,551
1160.png,124,174,Smoke,1254,377,1378,551
0596.png,50,128,Smoke,1434,423,1484,551
0214.png,107,221,Smoke,1020,323,1127,544
1239.png,97,82,Smoke,815,460,912,542
0137.png,23,113,Smoke,1214,464,1237,577
0314.png,55,46,Smoke,552,484,607,530
1061.png,57,57,Smoke,1773,313,1830,370
0985.png,111,233,Smoke,1026,316,1137,549
0695.png,109,155,Smoke,812,393,921,548
1695.png,132,155,Smoke,1247,396,1379,551
0310.png,124,174,Smoke,1250,378,1374,552
0268.png,23,113,Smoke,1214,464,1237,577
0693.png,32,158,Smoke,963,390,995,548
0845.png,170,67,Smoke,567,490,737,557
0201.png,69,59,Smoke,1691,577,1760,636
1114.png,55,80,Smoke,546,424,601,504
0346.png,95,139,Smoke,821,409,916,548
0972.png,32,158,Smoke,962,380,994,538
1627.png,76,227,Smoke,1623,384,1699,611
0103.png,23,113,Smoke,1214,464,1237,577
0295.png,55,84,Smoke,450,460,505,544
0071.png,65,197,Smoke,1618,422,1683,619
1409.png,55,80,Smoke,546,424,601,504
1283.png,101,107,Smoke,635,446,736,553
1561.png,55,80,Smoke,546,424,601,504
0312.png,32,158,Smoke,962,387,994,545
1110.png,124,174,Smoke,1254,377,1378,551
0245.png,55,46,Smoke,552,484,607,530
1586.png,76,227,Smoke,1622,384,1698,611
0357.png,55,84,Smoke,450,460,505,544
0153.png,74,99,Smoke,666,439,740,538
0601.png,23,113,Smoke,1214,465,1237,578
1190.png,23,113,Smoke,1213,469,1236,582
0663.png,29,218,Smoke,1163,358,1192,576
0579.png,109,155,Smoke,809,394,918,549
1079.png,74,74,Smoke,1769,361,1843,435
0198.png,55,46,Smoke,552,484,607,530
1289.png,90,67,Smoke,815,492,905,559
0009.png,34,116,Smoke,1403,433,1437,549
1456.png,23,151,Smoke,1212,424,1235,575
0425.png,29,218,Smoke,1163,357,1192,575
0507.png,57,57,Smoke,1773,313,1830,370
0418.png,50,116,Smoke,1431,429,1481,545
1593.png,130,227,Smoke,1026,310,1156,537
0866.png,76,118,Smoke,1770,317,1846,435
0105.png,107,195,Smoke,1021,355,1128,550
0006.png,57,48,Smoke,1670,578,1727,626
0361.png,143,113,Smoke,1777,443,1920,556
1535.png,181,109,Smoke,1739,456,1920,565
0411.png,55,80,Smoke,546,420,601,500
0530.png,80,48,Smoke,415,514,495,562
1588.png,57,57,Smoke,1761,304,1818,361
0544.png,32,158,Smoke,962,389,994,547
0977.png,32,158,Smoke,962,381,994,539
1319.png,99,59,Smoke,1689,575,1788,634
1626.png,141,67,Smoke,1759,372,1900,439
1745.png,122,78,Smoke,814,475,936,553
1395.png,101,107,Smoke,635,446,736,553
1550.png,130,227,Smoke,1025,311,1155,538
1362.png,80,48,Smoke,414,514,494,562
0921.png,99,59,Smoke,1687,576,1786,635
0767.png,111,221,Smoke,1019,320,1130,541
0790.png,57,57,Smoke,1773,313,1830,370
1403.png,130,227,Smoke,1022,324,1152,551
1214.png,124,174,Smoke,1255,377,1379,551
0921.png,174,109,Smoke,1746,452,1920,561
0701.png,57,57,Smoke,1773,313,1830,370
0905.png,55,80,Smoke,546,424,601,504
0252.png,57,57,Smoke,1773,313,1830,370
0149.png,74,99,Smoke,666,437,740,536
0587.png,80,48,Smoke,415,515,495,563
1312.png,99,59,Smoke,1689,574,1788,633
0041.png,29,170,Smoke,1154,380,1183,550
0389.png,55,84,Smoke,450,460,505,544
1501.png,130,227,Smoke,1024,320,1154,547
1334.png,130,227,Smoke,1022,324,1152,551
0714.png,55,80,Smoke,546,424,601,504
0552.png,80,48,Smoke,415,514,495,562
0996.png,101,107,Smoke,636,447,737,554
1395.png,141,67,Smoke,1758,374,1899,441
1124.png,101,107,Smoke,635,446,736,553
1117.png,76,250,Smoke,1615,390,1691,640
0843.png,76,250,Smoke,1615,392,1691,642
0617.png,111,221,Smoke,1020,319,1131,540
0373.png,69,59,Smoke,1691,580,1760,639
0807.png,170,67,Smoke,567,490,737,557
1622.png,141,67,Smoke,1759,373,1900,440
1165.png,29,218,Smoke,1164,333,1193,551
1350.png,101,107,Smoke,635,446,736,553
0249.png,95,176,Smoke,819,372,914,548
0328.png,23,113,Smoke,1214,464,1237,577
0150.png,147,97,Smoke,1773,449,1920,546
0959.png,50,128,Smoke,1431,424,1481,552
0255.png,69,86,Smoke,669,444,738,530
0642.png,97,120,Smoke,647,432,744,552
0542.png,97,120,Smoke,647,425,744,545
1401.png,141,67,Smoke,1759,374,1900,441
1043.png,101,107,Smoke,635,446,736,553
0632.png,99,59,Smoke,1692,575,1791,634
1299.png,130,227,Smoke,1017,327,1147,554
0524.png,80,48,Smoke,415,514,495,562
1621.png,80,57,Smoke,1764,302,1844,359
1287.png,23,113,Smoke,1212,466,1235,579
1756.png,155,48,Smoke,1722,579,1877,627
0941.png,29,218,Smoke,1163,353,1192,571
1260.png,76,250,Smoke,1613,387,1689,637
0209.png,29,218,Smoke,1162,366,1191,584
1054.png,29,218,Smoke,1163,351,1192,569
0655.png,80,48,Smoke,414,514,494,562
1389.png,23,151,Smoke,1212,421,1235,572
0153.png,57,48,Smoke,1705,577,1762,625
0872.png,99,59,Smoke,1688,577,1787,636
0935.png,143,95,Smoke,595,462,738,557
1408.png,124,174,Smoke,1256,377,1380,551
0588.png,80,48,Smoke,415,515,495,563
1447.png,132,155,Smoke,1247,396,1379,551
0087.png,95,176,Smoke,819,375,914,551
0312.png,29,218,Smoke,1163,356,1192,574
0669.png,111,221,Smoke,1020,322,1131,543
0578.png,32,158,Smoke,962,389,994,547
0695.png,149,57,Smoke,591,500,740,557
1796.png,180,109,Smoke,1740,458,1920,567
1300.png,101,107,Smoke,635,446,736,553
1162.png,84,67,Smoke,1761,378,1845,445
0566.png,55,80,Smoke,546,424,601,504
0182.png,145,116,Smoke,1226,427,1371,543
0942.png,32,158,Smoke,962,381,994,539
0681.png,99,59,Smoke,1692,576,1791,635
1601.png,111,76,Smoke,818,476,929,552
0901.png,23,113,Smoke,1214,467,1237,580
0426.png,65,197,Smoke,1617,422,1682,619
1671.png,128,246,Smoke,1020,312,1148,558
1742.png,155,48,Smoke,1722,579,1877,627
1000.png,111,233,Smoke,1026,313,1137,546
1142.png,29,218,Smoke,1164,331,1193,549
0188.png,65,197,Smoke,1617,421,1682,618
0178.png,147,97,Smoke,1773,449,1920,546
0507.png,29,218,Smoke,1163,356,1192,574
1258.png,80,48,Smoke,414,514,494,562
0291.png,65,197,Smoke,1617,422,1682,619
0146.png,76,92,Smoke,1768,310,1844,402
1353.png,128,59,Smoke,1692,577,1820,636
1681.png,55,80,Smoke,546,424,601,504
0320.png,145,113,Smoke,1775,445,1920,558
0113.png,65,197,Smoke,1618,422,1683,619
0223.png,50,116,Smoke,1432,426,1482,542
0038.png,151,97,Smoke,1758,462,1909,559
1649.png,113,57,Smoke,629,495,742,552
1430.png,180,109,Smoke,1740,457,1920,566
1046.png,179,109,Smoke,1741,457,1920,566
0774.png,111,233,Smoke,1019,321,1130,554
0497.png,95,155,Smoke,823,394,918,549
1362.png,130,227,Smoke,1022,324,1152,551
1766.png,80,48,Smoke,414,514,494,562
0236.png,95,176,Smoke,819,373,914,549
1486.png,155,48,Smoke,1719,581,1874,629
1345.png,124,174,Smoke,1256,377,1380,551
1294.png,124,174,Smoke,1255,377,1379,551
1271.png,55,80,Smoke,546,424,601,504
1042.png,111,233,Smoke,1027,309,1138,542
1463.png,141,67,Smoke,1757,373,1898,440
1175.png,23,113,Smoke,1213,470,1236,583
1202.png,50,128,Smoke,1431,420,1481,548
0589.png,109,155,Smoke,809,395,918,550
1249.png,97,82,Smoke,815,460,912,542
0333.png,32,158,Smoke,962,387,994,545
0516.png,107,221,Smoke,1024,321,1131,542
0541.png,80,48,Smoke,415,514,495,562
0484.png,65,197,Smoke,1617,422,1682,619
1241.png,124,174,Smoke,1255,377,1379,551
1188.png,50,128,Smoke,1430,420,1480,548
1788.png,155,48,Smoke,1722,577,1877,625
1082.png,50,128,Smoke,1431,422,1481,550
1465.png,50,128,Smoke,1431,412,1481,540
0807.png,76,250,Smoke,1614,394,1690,644
0086.png,57,48,Smoke,1704,577,1761,625
1568.png,111,76,Smoke,814,477,925,553
1358.png,141,67,Smoke,1759,375,1900,442
0887.png,55,80,Smoke,546,424,601,504
1579.png,181,109,Smoke,1739,458,1920,567
0252.png,107,221,Smoke,1022,323,1129,544
0404.png,144,113,Smoke,1776,443,1920,556
0001.png,57,48,Smoke,1670,578,1727,626
0263.png,69,59,Smoke,1691,577,1760,636
1437.png,76,227,Smoke,1619,384,1695,611
1121.png,101,107,Smoke,635,446,736,553
1642.png,122,78,Smoke,810,475,932,553
0938.png,177,109,Smoke,1743,451,1920,560
0026.png,74,99,Smoke,631,449,705,548
0333.png,65,197,Smoke,1617,422,1682,619
1341.png,29,218,Smoke,1164,333,1193,551
0928.png,29,218,Smoke,1163,355,1192,573
1090.png,23,113,Smoke,1214,469,1237,582
0072.png,95,176,Smoke,818,377,913,553
0069.png,55,143,Smoke,446,388,501,531
1544.png,132,155,Smoke,1247,398,1379,553
0676.png,124,174,Smoke,1251,378,1375,552
0037.png,145,116,Smoke,1207,427,1352,543
0293.png,32,158,Smoke,962,387,994,545
0883.png,32,158,Smoke,964,386,996,544
0544.png,23,113,Smoke,1214,465,1237,578
1063.png,179,109,Smoke,1741,457,1920,566
0463.png,76,118,Smoke,1771,309,1847,427
1790.png,132,155,Smoke,1245,399,1377,554
0017.png,65,197,Smoke,1583,422,1648,619
1731.png,80,48,Smoke,414,514,494,562
0615.png,80,48,Smoke,414,515,494,563
0223.png,65,197,Smoke,1617,422,1682,619
0714.png,50,128,Smoke,1433,425,1483,553
0093.png,76,92,Smoke,1768,309,1844,401
1789.png,32,170,Smoke,966,388,998,558
1480.png,132,155,Smoke,1247,397,1379,552
0288.png,29,218,Smoke,1163,356,1192,574
0242.png,55,84,Smoke,450,460,505,544
1681.png,29,218,Smoke,1161,332,1190,550
1663.png,80,57,Smoke,1760,301,1840,358
0249.png,141,86,Smoke,1779,457,1920,543
0323.png,95,139,Smoke,822,409,917,548
0277.png,69,86,Smoke,671,443,740,529
1179.png,23,113,Smoke,1213,469,1236,582
1548.png,50,128,Smoke,1431,412,1481,540
0769.png,174,109,Smoke,1746,449,1920,558
0026.png,23,113,Smoke,1214,464,1237,577
0462.png,29,218,Smoke,1163,355,1192,573
1508.png,32,170,Smoke,962,373,994,543
1785.png,122,78,Smoke,814,476,936,554
1579.png,32,170,Smoke,963,371,995,541
0721.png,80,48,Smoke,414,514,494,562
0977.png,76,118,Smoke,1769,316,1845,434
0709.png,111,221,Smoke,1020,322,1131,543
1589.png,141,67,Smoke,1758,377,1899,444
0959.png,80,48,Smoke,414,514,494,562
0495.png,150,109,Smoke,1770,447,1920,556
1195.png,124,174,Smoke,1254,377,1378,551
0589.png,80,48,Smoke,415,515,495,563
0140.png,148,97,Smoke,1772,451,1920,548
1189.png,57,57,Smoke,1773,313,1830,370
1651.png,130,227,Smoke,1027,310,1157,537
0749.png,124,174,Smoke,1251,379,1375,553
1431.png,50,128,Smoke,1431,414,1481,542
0907.png,55,80,Smoke,546,424,601,504
1787.png,55,80,Smoke,546,424,601,504
0858.png,76,250,Smoke,1615,392,1691,642
1663.png,132,155,Smoke,1246,397,1378,552
1205.png,101,107,Smoke,635,446,736,553
0187.png,23,113,Smoke,1214,464,1237,577
1791.png,141,67,Smoke,1761,370,1902,437
0005.png,107,195,Smoke,992,355,1099,550
0105.png,57,57,Smoke,1773,313,1830,370
0067.png,29,170,Smoke,1166,407,1195,577
0301.png,76,92,Smoke,1768,310,1844,402
1261.png,84,67,Smoke,1760,375,1844,442
0051.png,57,57,Smoke,1773,313,1830,370
0636.png,32,158,Smoke,963,389,995,547
1306.png,99,59,Smoke,1690,574,1789,633
0245.png,95,176,Smoke,819,372,914,548
0475.png,80,48,Smoke,423,505,503,553
0732.png,57,57,Smoke,1773,313,1830,370
0354.png,50,116,Smoke,1431,426,1481,542
0533.png,50,128,Smoke,1435,420,1485,548
1483.png,155,48,Smoke,1719,580,1874,628
0458.png,124,174,Smoke,1250,378,1374,552
0818.png,99,59,Smoke,1689,577,1788,636
1305.png,80,48,Smoke,414,514,494,562
1439.png,50,128,Smoke,1431,414,1481,542
1415.png,132,155,Smoke,1248,396,1380,551
1100.png,23,113,Smoke,1214,469,1237,582
1723.png,80,48,Smoke,414,514,494,562
1353.png,29,218,Smoke,1164,337,1193,555
0830.png,124,174,Smoke,1251,379,1375,553
0853.png,124,174,Smoke,1251,379,1375,553
0657.png,111,221,Smoke,1020,321,1131,542
0757.png,50,128,Smoke,1432,424,1482,552
1789.png,29,218,Smoke,1161,337,1190,555
1226.png,111,246,Smoke,1032,306,1143,552
1429.png,101,107,Smoke,635,446,736,553
0965.png,80,48,Smoke,414,514,494,562
0535.png,124,174,Smoke,1250,378,1374,552
0032.png,74,99,Smoke,637,447,711,546
1680.png,80,48,Smoke,414,514,494,562
1456.png,141,67,Smoke,1757,374,1898,441
0929.png,57,57,Smoke,1773,313,1830,370
0012.png,151,97,Smoke,1741,460,1892,557
0077.png,34,116,Smoke,1433,431,1467,547
0395.png,86,107,Smoke,656,431,742,538
1708.png,55,80,Smoke,546,424,601,504
0344.png,65,197,Smoke,1617,423,1682,620
0204.png,23,113,Smoke,1214,464,1237,577
1214.png,32,158,Smoke,963,376,995,534
0277.png,50,116,Smoke,1431,428,1481,544
0552.png,29,218,Smoke,1163,357,1192,575
1553.png,155,48,Smoke,1721,582,1876,630
1655.png,23,151,Smoke,1210,422,1233,573
0624.png,99,59,Smoke,1692,576,1791,635
0384.png,107,221,Smoke,1022,319,1129,540
0820.png,23,113,Smoke,1214,468,1237,581
0851.png,55,80,Smoke,546,424,601,504
0425.png,55,80,Smoke,546,421,601,501
0117.png,95,176,Smoke,818,375,913,551
0211.png,55,46,Smoke,552,484,607,530
1417.png,29,218,Smoke,1164,333,1193,551
0468.png,124,174,Smoke,1250,378,1374,552
1491.png,181,109,Smoke,1739,457,1920,566
0886.png,99,59,Smoke,1688,577,1787,636
1399.png,32,170,Smoke,962,375,994,545
0637.png,65,218,Smoke,1620,397,1685,615
0982.png,80,48,Smoke,414,514,494,562
1049.png,55,80,Smoke,546,424,601,504
0003.png,32,158,Smoke,929,387,961,545
0753.png,32,158,Smoke,963,388,995,546
0420.png,69,59,Smoke,1690,578,1759,637
0177.png,57,57,Smoke,1773,313,1830,370
0468.png,32,158,Smoke,962,387,994,545
0885.png,99,59,Smoke,1688,577,1787,636
1634.png,130,227,Smoke,1027,310,1157,537
0705.png,32,158,Smoke,963,388,995,546
1230.png,55,80,Smoke,546,424,601,504
0169.png,74,99,Smoke,666,433,740,532
0092.png,107,195,Smoke,1022,356,1129,551
1403.png,181,109,Smoke,1739,457,1920,566
1545.png,130,227,Smoke,1025,314,1155,541
0064.png,23,113,Smoke,1214,464,1237,577
1237.png,101,107,Smoke,635,446,736,553
1187.png,50,128,Smoke,1431,420,1481,548
1221.png,29,218,Smoke,1164,333,1193,551
0062.png,48,34,Smoke,559,483,607,517
0882.png,76,250,Smoke,1613,392,1689,642
1797.png,80,48,Smoke,414,514,494,562
0538.png,107,221,Smoke,1024,319,1131,540
0128.png,145,116,Smoke,1226,427,1371,543
1578.png,80,48,Smoke,414,514,494,562
0689.png,111,221,Smoke,1020,322,1131,543
1442.png,103,55,Smoke,815,498,918,553
1047.png,50,128,Smoke,1431,421,1481,549
1108.png,99,57,Smoke,1771,391,1870,448
1319.png,50,128,Smoke,1431,419,1481,547
0270.png,29,218,Smoke,1163,356,1192,574
0234.png,55,84,Smoke,450,460,505,544
1698.png,76,227,Smoke,1623,381,1699,608
0630.png,111,221,Smoke,1020,323,1131,544
0833.png,50,128,Smoke,1431,426,1481,554
1058.png,74,74,Smoke,1770,361,1844,435
1634.png,55,80,Smoke,546,424,601,504
0241.png,142,86,Smoke,1778,456,1920,542
1162.png,99,59,Smoke,1688,574,1787,633
1743.png,155,48,Smoke,1722,579,1877,627
1714.png,141,67,Smoke,1761,372,1902,439
1045.png,111,246,Smoke,1027,309,1138,555
0947.png,50,128,Smoke,1431,424,1481,552
1143.png,50,128,Smoke,1431,422,1481,550
0089.png,74,99,Smoke,664,443,738,542
0304.png,69,86,Smoke,671,437,740,523
0160.png,74,99,Smoke,666,436,740,535
0572.png,57,57,Smoke,1773,313,1830,370
1357.png,101,107,Smoke,635,446,736,553
0171.png,148,97,Smoke,1772,449,1920,546
0073.png,29,218,Smoke,1166,356,1195,574
0028.png,76,92,Smoke,1738,311,1814,403
0996.png,57,57,Smoke,1773,313,1830,370
1214.png,111,246,Smoke,1032,308,1143,554
1321.png,76,250,Smoke,1616,383,1692,633
0226.png,55,46,Smoke,552,484,607,530
1120.png,179,109,Smoke,1741,457,1920,566
0640.png,29,218,Smoke,1163,357,1192,575
0236.png,55,46,Smoke,552,484,607,530
0052.png,23,113,Smoke,1214,464,1237,577
1298.png,80,48,Smoke,414,514,494,562
0288.png,32,158,Smoke,962,387,994,545
0910.png,55,80,Smoke,546,424,601,504
1150.png,76,250,Smoke,1615,389,1691,639
0424.png,124,174,Smoke,1250,377,1374,551
1784.png,29,218,Smoke,1161,339,1190,557
1165.png,124,174,Smoke,1254,378,1378,552
0012.png,95,176,Smoke,785,381,880,557
1353.png,124,174,Smoke,1256,377,1380,551
0109.png,65,197,Smoke,1618,422,1683,619
1556.png,113,57,Smoke,624,498,737,555
0591.png,169,109,Smoke,1751,450,1920,559
1315.png,32,170,Smoke,962,378,994,548
1420.png,90,67,Smoke,815,489,905,556
0947.png,57,57,Smoke,1773,313,1830,370
0522.png,97,120,Smoke,647,425,744,545
1444.png,80,48,Smoke,414,514,494,562
0162.png,107,195,Smoke,1022,350,1129,545
1726.png,132,155,Smoke,1246,397,1378,552
1580.png,130,227,Smoke,1026,311,1156,538
1184.png,55,80,Smoke,546,424,601,504
0338.png,76,95,Smoke,665,434,741,529
0939.png,76,118,Smoke,1769,316,1845,434
0338.png,29,218,Smoke,1163,358,1192,576
0388.png,124,174,Smoke,1249,378,1373,552
0836.png,76,250,Smoke,1614,392,1690,642
1664.png,128,246,Smoke,1017,310,1145,556
0775.png,50,128,Smoke,1431,424,1481,552
0058.png,145,116,Smoke,1225,426,1370,542
0464.png,57,57,Smoke,1773,313,1830,370
1348.png,29,218,Smoke,1164,335,1193,553
1004.png,80,48,Smoke,414,514,494,562
1688.png,180,109,Smoke,1740,456,1920,565
0271.png,32,158,Smoke,962,387,994,545
0509.png,69,59,Smoke,1688,578,1757,637
1467.png,32,170,Smoke,962,373,994,543
0650.png,111,221,Smoke,1021,323,1132,544
0088.png,50,116,Smoke,1433,433,1483,549
1221.png,23,113,Smoke,1213,468,1236,581
0343.png,57,57,Smoke,1773,313,1830,370
1750.png,99,55,Smoke,642,498,741,553
1151.png,179,109,Smoke,1741,457,1920,566
0184.png,141,147,Smoke,1231,408,1372,555
1359.png,32,170,Smoke,962,376,994,546
0158.png,76,92,Smoke,1768,310,1844,402
1189.png,80,48,Smoke,414,514,494,562
1686.png,141,67,Smoke,1761,373,1902,440
0419.png,23,113,Smoke,1214,464,1237,577
1521.png,170,57,Smoke,568,498,738,555
0210.png,74,99,Smoke,666,431,740,530
0309.png,76,95,Smoke,664,437,740,532
1579.png,80,48,Smoke,414,514,494,562
0475.png,69,59,Smoke,1688,578,1757,637
0046.png,23,113,Smoke,1214,464,1237,577
0993.png,124,174,Smoke,1253,379,1377,553
0358.png,143,113,Smoke,1777,443,1920,556
0261.png,144,86,Smoke,1776,456,1920,542
0474.png,29,218,Smoke,1163,356,1192,574
0480.png,69,59,Smoke,1688,578,1757,637
1416.png,130,227,Smoke,1023,323,1153,550
0471.png,57,57,Smoke,1773,313,1830,370
0660.png,65,218,Smoke,1620,397,1685,615
0002.png,57,57,Smoke,1773,313,1830,370
0864.png,76,118,Smoke,1770,317,1846,435
1745.png,76,258,Smoke,1624,382,1700,640
1548.png,170,57,Smoke,568,497,738,554
1532.png,80,48,Smoke,414,514,494,562
1213.png,32,158,Smoke,963,376,995,534
1071.png,55,80,Smoke,546,424,601,504
0400.png,86,107,Smoke,656,431,742,538
0949.png,124,174,Smoke,1253,379,1377,553
0709.png,76,118,Smoke,1771,304,1847,422
1202.png,111,246,Smoke,1032,306,1143,552
0889.png,23,113,Smoke,1214,467,1237,580
1601.png,132,155,Smoke,1246,397,1378,552
1314.png,55,80,Smoke,546,424,601,504
1072.png,23,113,Smoke,1214,469,1237,582
1088.png,111,246,Smoke,1029,310,1140,556
1417.png,55,80,Smoke,546,424,601,504
1327.png,23,151,Smoke,1212,427,1235,578
0949.png,29,218,Smoke,1163,353,1192,571
1165.png,101,107,Smoke,635,446,736,553
0355.png,76,95,Smoke,665,433,741,528
1702.png,23,151,Smoke,1210,420,1233,571
1266.png,101,107,Smoke,635,446,736,553
1593.png,32,170,Smoke,964,372,996,542
0200.png,141,147,Smoke,1231,408,1372,555
0164.png,74,99,Smoke,666,433,740,532
0326.png,124,174,Smoke,1250,378,1374,552
1438.png,23,151,Smoke,1212,422,1235,573
0874.png,76,118,Smoke,1770,317,1846,435
1676.png,155,48,Smoke,1722,579,1877,627
0211.png,76,92,Smoke,1769,309,1845,401
0353.png,124,174,Smoke,1251,378,1375,552
1200.png,99,59,Smoke,1687,573,1786,632
0487.png,80,48,Smoke,423,504,503,552
1133.png,101,107,Smoke,635,446,736,553
0776.png,23,113,Smoke,1214,467,1237,580
1538.png,32,170,Smoke,962,375,994,545
0111.png,32,158,Smoke,962,387,994,545
1642.png,23,151,Smoke,1210,422,1233,573
0420.png,23,113,Smoke,1214,464,1237,577
0790.png,99,59,Smoke,1691,576,1790,635
0442.png,95,139,Smoke,820,402,915,541
1182.png,84,67,Smoke,1761,377,1845,444
0497.png,23,113,Smoke,1214,464,1237,577
0774.png,80,48,Smoke,414,514,494,562
1638.png,32,170,Smoke,964,376,996,546
0116.png,48,34,Smoke,559,483,607,517
0345.png,55,46,Smoke,552,484,607,530
1215.png,55,80,Smoke,546,424,601,504
0139.png,32,158,Smoke,962,387,994,545
0904.png,107,179,Smoke,815,369,922,548
0732.png,160,57,Smoke,580,501,740,558
1325.png,80,48,Smoke,414,514,494,562
0589.png,111,221,Smoke,1020,321,1131,542
0900.png,80,48,Smoke,414,514,494,562
1796.png,155,48,Smoke,1722,578,1877,626
0330.png,55,46,Smoke,552,484,607,530
0608.png,169,109,Smoke,1751,450,1920,559
1780.png,141,67,Smoke,1762,371,1903,438
1009.png,80,48,Smoke,414,514,494,562
1365.png,80,48,Smoke,414,514,494,562
0883.png,76,118,Smoke,1770,317,1846,435
0508.png,65,197,Smoke,1617,422,1682,619
0686.png,32,158,Smoke,963,389,995,547
1434.png,76,227,Smoke,1619,382,1695,609
0838.png,107,179,Smoke,815,369,922,548
1553.png,57,57,Smoke,1761,304,1818,361
0451.png,23,113,Smoke,1214,464,1237,577
1471.png,55,80,Smoke,546,424,601,504
1005.png,50,128,Smoke,1431,423,1481,551
0522.png,65,197,Smoke,1617,423,1682,620
1041.png,50,128,Smoke,1431,421,1481,549
0744.png,111,221,Smoke,1019,321,1130,542
0572.png,111,221,Smoke,1021,322,1132,543
1767.png,155,48,Smoke,1722,579,1877,627
1428.png,76,227,Smoke,1619,383,1695,610
0770.png,99,59,Smoke,1692,575,1791,634
0829.png,80,48,Smoke,414,514,494,562
0503.png,50,116,Smoke,1431,428,1481,544
0662.png,174,109,Smoke,1746,449,1920,558
0190.png,55,97,Smoke,450,445,505,542
1644.png,113,57,Smoke,629,495,742,552
0893.png,50,128,Smoke,1431,424,1481,552
1561.png,181,109,Smoke,1739,457,1920,566
0505.png,76,118,Smoke,1771,309,1847,427
1624.png,23,151,Smoke,1210,423,1233,574
0350.png,107,221,Smoke,1021,320,1128,541
0247.png,69,86,Smoke,669,444,738,530
1203.png,111,246,Smoke,1032,307,1143,553
0550.png,29,218,Smoke,1163,357,1192,575
1104.png,29,218,Smoke,1164,333,1193,551
1168.png,76,250,Smoke,1613,390,1689,640
0802.png,124,174,Smoke,1251,379,1375,553
0610.png,50,128,Smoke,1434,423,1484,551
1509.png,80,48,Smoke,414,514,494,562
0401.png,23,113,Smoke,1214,464,1237,577
0567.png,65,218,Smoke,1618,397,1683,615
0393.png,95,139,Smoke,821,409,916,548
0566.png,76,118,Smoke,1770,307,1846,425
0813.png,80,48,Smoke,414,514,494,562
0765.png,76,250,Smoke,1613,394,1689,644
1647.png,80,57,Smoke,1761,301,1841,358
0423.png,55,84,Smoke,450,460,505,544
0192.png,107,195,Smoke,1021,350,1128,545
1786.png,141,67,Smoke,1761,370,1902,437
0348.png,23,113,Smoke,1214,464,1237,577
1351.png,55,80,Smoke,546,424,601,504
1548.png,130,227,Smoke,1025,315,1155,542
0516.png,69,59,Smoke,1688,578,1757,637
0638.png,97,120,Smoke,647,432,744,552
1444.png,180,109,Smoke,1740,457,1920,566
0817.png,80,48,Smoke,414,514,494,562
0119.png,50,116,Smoke,1433,433,1483,549
1259.png,124,174,Smoke,1255,377,1379,551
0388.png,86,107,Smoke,656,431,742,538
0446.png,76,118,Smoke,1771,310,1847,428
0437.png,124,174,Smoke,1250,378,1374,552
1714.png,122,78,Smoke,812,473,934,551
0856.png,23,113,Smoke,1214,469,1237,582
1506.png,103,55,Smoke,819,501,922,556
0959.png,101,160,Smoke,812,383,913,543
1453.png,141,67,Smoke,1756,374,1897,441
0688.png,76,118,Smoke,1773,304,1849,422
1544.png,55,80,Smoke,546,424,601,504
0920.png,99,59,Smoke,1687,576,1786,635
0166.png,65,197,Smoke,1617,421,1682,618
0800.png,32,158,Smoke,963,389,995,547
1390.png,155,48,Smoke,1718,577,1873,625
0165.png,57,48,Smoke,1704,577,1761,625
1586.png,57,57,Smoke,1761,305,1818,362
1412.png,32,170,Smoke,962,373,994,543
0905.png,50,128,Smoke,1431,424,1481,552
1531.png,155,48,Smoke,1721,581,1876,629
1389.png,50,128,Smoke,1431,415,1481,543
0006.png,34,116,Smoke,1403,433,1437,549
0736.png,76,250,Smoke,1610,394,1686,644
1746.png,32,170,Smoke,966,382,998,552
0584.png,65,218,Smoke,1620,397,1685,615
1782.png,29,218,Smoke,1161,339,1190,557
0107.png,95,176,Smoke,818,375,913,551
0351.png,69,59,Smoke,1690,580,1759,639
0948.png,124,174,Smoke,1253,379,1377,553
0181.png,76,92,Smoke,1768,309,1844,401
0243.png,50,116,Smoke,1431,428,1481,544
0904.png,32,158,Smoke,963,380,995,538
0934.png,76,250,Smoke,1613,388,1689,638
1677.png,113,57,Smoke,629,496,742,553
0821.png,55,80,Smoke,546,424,601,504
0715.png,111,221,Smoke,1019,322,1130,543
1733.png,80,48,Smoke,414,514,494,562
0652.png,23,113,Smoke,1213,465,1236,578
0975.png,57,57,Smoke,1773,313,1830,370
0850.png,29,218,Smoke,1163,355,1192,573
0289.png,76,92,Smoke,1768,310,1844,402
0178.png,48,34,Smoke,559,483,607,517
0203.png,57,57,Smoke,1773,313,1830,370
1194.png,23,113,Smoke,1213,469,1236,582
1505.png,155,48,Smoke,1719,581,1874,629
1437.png,29,218,Smoke,1164,333,1193,551
0965.png,99,59,Smoke,1688,577,1787,636
0282.png,50,116,Smoke,1431,428,1481,544
0791.png,23,113,Smoke,1214,467,1237,580
1796.png,122,78,Smoke,814,476,936,554
0227.png,50,116,Smoke,1432,426,1482,542
1198.png,101,107,Smoke,635,446,736,553
0081.png,107,195,Smoke,1022,357,1129,552
0485.png,97,120,Smoke,646,424,743,544
1689.png,32,170,Smoke,966,380,998,550
0829.png,174,109,Smoke,1746,450,1920,559
0186.png,32,158,Smoke,962,387,994,545
1596.png,113,57,Smoke,629,497,742,554
0431.png,29,218,Smoke,1163,357,1192,575
0801.png,23,113,Smoke,1214,468,1237,581
0115.png,145,116,Smoke,1226,427,1371,543
0806.png,50,128,Smoke,1431,425,1481,553
0878.png,23,113,Smoke,1214,469,1237,582
0523.png,29,218,Smoke,1163,356,1192,574
1417.png,181,109,Smoke,1739,458,1920,567
1406.png,57,57,Smoke,1754,305,1811,362
1179.png,101,107,Smoke,635,446,736,553
1038.png,179,109,Smoke,1741,458,1920,567
0037.png,55,143,Smoke,427,395,482,538
1359.png,179,109,Smoke,1741,458,1920,567
1480.png,76,227,Smoke,1620,383,1696,610
0028.png,55,143,Smoke,418,396,473,539
0669.png,23,113,Smoke,1213,465,1236,578
1756.png,132,155,Smoke,1246,399,1378,554
0044.png,65,197,Smoke,1606,421,1671,618
0420.png,145,113,Smoke,1775,444,1920,557
0417.png,107,221,Smoke,1021,318,1128,539
1302.png,99,59,Smoke,1689,574,1788,633
0681.png,109,155,Smoke,811,394,920,549
0267.png,23,113,Smoke,1214,464,1237,577
0778.png,76,118,Smoke,1771,301,1847,419
0463.png,32,158,Smoke,962,387,994,545
0108.png,95,176,Smoke,818,376,913,552
0668.png,76,118,Smoke,1771,304,1847,422
1275.png,101,107,Smoke,635,446,736,553
0429.png,107,221,Smoke,1021,318,1128,539
1106.png,111,246,Smoke,1030,307,1141,553
0024.png,23,113,Smoke,1214,464,1237,577
0466.png,50,116,Smoke,1431,428,1481,544
1446.png,80,48,Smoke,414,514,494,562
0299.png,149,86,Smoke,1771,447,1920,533
0156.png,145,116,Smoke,1226,427,1371,543
1251.png,29,218,Smoke,1164,335,1193,553
1325.png,55,80,Smoke,546,424,601,504
1182.png,29,218,Smoke,1164,331,1193,549
1037.png,111,233,Smoke,1028,309,1139,542
0269.png,55,84,Smoke,450,460,505,544
1534.png,55,80,Smoke,546,424,601,504
1790.png,55,80,Smoke,546,424,601,504
1199.png,29,218,Smoke,1164,333,1193,551
1702.png,80,48,Smoke,414,514,494,562
0334.png,124,174,Smoke,1250,378,1374,552
0028.png,48,34,Smoke,559,483,607,517
0917.png,57,57,Smoke,1773,313,1830,370
0320.png,124,174,Smoke,1250,378,1374,552
1052.png,179,109,Smoke,1741,455,1920,564
1767.png,76,258,Smoke,1624,383,1700,641
1536.png,50,128,Smoke,1431,412,1481,540
1081.png,57,57,Smoke,1773,313,1830,370
0914.png,23,113,Smoke,1214,466,1237,579
0786.png,29,218,Smoke,1163,355,1192,573
0145.png,50,116,Smoke,1433,431,1483,547
1063.png,29,218,Smoke,1163,344,1192,562
0192.png,57,48,Smoke,1704,577,1761,625
0711.png,65,250,Smoke,1622,395,1687,645
0015.png,74,99,Smoke,629,446,703,545
1708.png,132,155,Smoke,1246,397,1378,552
0277.png,95,176,Smoke,820,371,915,547
0123.png,57,48,Smoke,1705,577,1762,625
0123.png,107,195,Smoke,1021,352,1128,547
1176.png,179,109,Smoke,1741,457,1920,566
1728.png,55,80,Smoke,546,424,601,504
1151.png,55,80,Smoke,546,424,601,504
0019.png,57,57,Smoke,1773,313,1830,370
1430.png,130,227,Smoke,1023,321,1153,548
0848.png,57,57,Smoke,1773,313,1830,370
0568.png,99,59,Smoke,1692,576,1791,635
1142.png,50,128,Smoke,1431,421,1481,549
0134.png,107,195,Smoke,1022,350,1129,545
1154.png,111,246,Smoke,1029,307,1140,553
0797.png,111,233,Smoke,1019,321,1130,554
0224.png,50,116,Smoke,1432,426,1482,542
1650.png,132,155,Smoke,1246,397,1378,552
1224.png,124,174,Smoke,1255,377,1379,551
0872.png,107,179,Smoke,814,371,921,550
0449.png,86,107,Smoke,657,432,743,539
0349.png,32,158,Smoke,962,387,994,545
0376.png,50,116,Smoke,1431,427,1481,543
1388.png,101,107,Smoke,635,446,736,553
0475.png,23,113,Smoke,1214,464,1237,577
1451.png,55,80,Smoke,546,424,601,504
1543.png,130,227,Smoke,1025,314,1155,541
1665.png,55,80,Smoke,546,424,601,504
1248.png,124,174,Smoke,1255,377,1379,551
1194.png,84,67,Smoke,1761,377,1845,444
1770.png,32,170,Smoke,966,386,998,556
1294.png,55,80,Smoke,546,424,601,504
1275.png,80,48,Smoke,414,514,494,562
0971.png,118,107,Smoke,619,447,737,554
0907.png,124,174,Smoke,1252,379,1376,553
1298.png,179,109,Smoke,1741,458,1920,567
0221.png,76,92,Smoke,1769,309,1845,401
1492.png,141,67,Smoke,1757,373,1898,440
1540.png,29,218,Smoke,1163,345,1192,563
1636.png,76,227,Smoke,1623,383,1699,610
1594.png,132,155,Smoke,1246,397,1378,552
1253.png,80,48,Smoke,414,514,494,562
0765.png,29,218,Smoke,1163,353,1192,571
1042.png,99,59,Smoke,1686,577,1785,636
1749.png,23,151,Smoke,1213,416,1236,567
1182.png,97,151,Smoke,816,393,913,544
0757.png,29,218,Smoke,1163,355,1192,573
0528.png,97,120,Smoke,647,425,744,545
0844.png,170,67,Smoke,567,490,737,557
0506.png,107,221,Smoke,1024,317,1131,538
1677.png,76,227,Smoke,1623,382,1699,609
1013.png,76,118,Smoke,1769,318,1845,436
1441.png,181,109,Smoke,1739,457,1920,566
1501.png,141,67,Smoke,1757,376,1898,443
0129.png,65,197,Smoke,1617,422,1682,619
1141.png,97,151,Smoke,815,393,912,544
1355.png,141,67,Smoke,1759,375,1900,442
1487.png,55,80,Smoke,546,424,601,504
1462.png,32,170,Smoke,962,373,994,543
1284.png,84,67,Smoke,1760,375,1844,442
0147.png,145,116,Smoke,1226,427,1371,543
0768.png,99,59,Smoke,1692,575,1791,634
0405.png,65,197,Smoke,1617,422,1682,619
0659.png,124,174,Smoke,1251,378,1375,552
0315.png,55,84,Smoke,449,460,504,544
1117.png,99,57,Smoke,1771,391,1870,448
1261.png,99,59,Smoke,1689,575,1788,634
1001.png,124,174,Smoke,1253,379,1377,553
0638.png,57,57,Smoke,1773,313,1830,370
1423.png,32,170,Smoke,962,372,994,542
1110.png,111,246,Smoke,1031,307,1142,553
0196.png,50,116,Smoke,1432,426,1482,542
0117.png,76,92,Smoke,1769,310,1845,402
1643.png,155,48,Smoke,1722,579,1877,627
1664.png,182,109,Smoke,1738,456,1920,565
1718.png,122,78,Smoke,812,473,934,551
0151.png,29,218,Smoke,1163,350,1192,568
0294.png,149,86,Smoke,1771,448,1920,534
1775.png,132,155,Smoke,1245,399,1377,554
1257.png,101,107,Smoke,635,446,736,553
1548.png,155,48,Smoke,1721,582,1876,630
1538.png,180,109,Smoke,1740,456,1920,565
1503.png,76,227,Smoke,1621,384,1697,611
1433.png,155,48,Smoke,1716,577,1871,625
1219.png,55,80,Smoke,546,424,601,504
1621.png,80,48,Smoke,414,514,494,562
0307.png,32,158,Smoke,962,387,994,545
0632.png,29,218,Smoke,1163,357,1192,575
1551.png,32,170,Smoke,962,373,994,543
1290.png,23,113,Smoke,1212,466,1235,579
0652.png,29,218,Smoke,1163,358,1192,576
0232.png,107,221,Smoke,1022,323,1129,544
1700.png,50,128,Smoke,1431,412,1481,540
0080.png,48,34,Smoke,559,483,607,517
1768.png,128,246,Smoke,1025,317,1153,563
0696.png,174,109,Smoke,1746,449,1920,558
1200.png,57,57,Smoke,1773,313,1830,370
0869.png,124,174,Smoke,1250,379,1374,553
1104.png,124,174,Smoke,1254,377,1378,551
0964.png,111,233,Smoke,1027,317,1138,550
0450.png,55,84,Smoke,450,460,505,544
0091.png,76,92,Smoke,1768,309,1844,401
0387.png,55,80,Smoke,546,421,601,501
1014.png,76,250,Smoke,1615,390,1691,640
1370.png,141,67,Smoke,1759,375,1900,442
1603.png,29,218,Smoke,1162,337,1191,555
0312.png,55,46,Smoke,552,484,607,530
0004.png,107,195,Smoke,992,355,1099,550
1372.png,124,174,Smoke,1256,377,1380,551
1679.png,122,78,Smoke,812,474,934,552
0571.png,111,221,Smoke,1021,322,1132,543
0967.png,101,160,Smoke,813,383,914,543
1330.png,124,174,Smoke,1256,377,1380,551
0750.png,174,109,Smoke,1746,449,1920,558
0403.png,29,218,Smoke,1163,357,1192,575
0732.png,80,48,Smoke,414,514,494,562
0181.png,95,176,Smoke,818,376,913,552
1139.png,111,246,Smoke,1030,307,1141,553
0705.png,111,221,Smoke,1020,322,1131,543
0041.png,57,48,Smoke,1688,578,1745,626
0893.png,111,233,Smoke,1023,317,1134,550
1262.png,80,48,Smoke,414,514,494,562
1547.png,130,227,Smoke,1025,312,1155,539
1009.png,50,128,Smoke,1431,423,1481,551
1513.png,141,67,Smoke,1757,377,1898,444
0200.png,76,92,Smoke,1768,309,1844,401
0398.png,57,57,Smoke,1773,313,1830,370
0867.png,57,57,Smoke,1773,313,1830,370
1710.png,80,57,Smoke,1759,299,1839,356
1007.png,32,158,Smoke,962,381,994,539
1221.png,124,174,Smoke,1255,377,1379,551
1103.png,97,151,Smoke,814,393,911,544
1468.png,29,218,Smoke,1164,333,1193,551
1235.png,55,80,Smoke,546,424,601,504
0739.png,109,179,Smoke,813,368,922,547
0231.png,29,218,Smoke,1162,368,1191,586
1221.png,57,57,Smoke,1773,313,1830,370
0172.png,57,57,Smoke,1773,313,1830,370
0959.png,76,118,Smoke,1769,316,1845,434
0290.png,32,158,Smoke,962,387,994,545
1222.png,29,218,Smoke,1164,333,1193,551
0904.png,29,218,Smoke,1163,353,1192,571
1142.png,179,109,Smoke,1741,457,1920,566
1565.png,76,227,Smoke,1621,384,1697,611
0585.png,109,155,Smoke,809,395,918,550
1662.png,122,78,Smoke,811,475,933,553
1337.png,57,57,Smoke,1773,313,1830,370
1789.png,76,258,Smoke,1625,385,1701,643
0892.png,29,218,Smoke,1163,353,1192,571
1532.png,23,151,Smoke,1212,423,1235,574
1608.png,141,67,Smoke,1759,377,1900,444
1261.png,97,82,Smoke,815,459,912,541
1567.png,55,80,Smoke,546,424,601,504
1648.png,122,78,Smoke,810,474,932,552
1194.png,97,151,Smoke,816,392,913,543
0962.png,76,250,Smoke,1615,390,1691,640
1328.png,80,48,Smoke,414,514,494,562
1125.png,29,218,Smoke,1164,331,1193,549
0760.png,80,48,Smoke,414,514,494,562
0579.png,124,174,Smoke,1251,378,1375,552
0305.png,57,57,Smoke,1773,313,1830,370
0245.png,76,92,Smoke,1768,309,1844,401
1680.png,55,80,Smoke,546,424,601,504
1756.png,76,258,Smoke,1623,381,1699,639
0460.png,29,218,Smoke,1163,357,1192,575
1629.png,130,227,Smoke,1027,308,1157,535
0265.png,32,158,Smoke,962,387,994,545
1771.png,23,151,Smoke,1215,417,1238,568
0006.png,76,92,Smoke,1733,309,1809,401
1326.png,55,80,Smoke,546,424,601,504
0164.png,145,116,Smoke,1226,427,1371,543
0368.png,55,84,Smoke,450,460,505,544
0831.png,124,174,Smoke,1251,379,1375,553
0126.png,55,143,Smoke,445,387,500,530
0340.png,32,158,Smoke,962,387,994,545
1630.png,80,48,Smoke,414,514,494,562
1231.png,99,59,Smoke,1687,574,1786,633
0525.png,55,80,Smoke,546,424,601,504
1439.png,55,80,Smoke,546,424,601,504
0409.png,32,158,Smoke,962,387,994,545
0001.png,57,57,Smoke,1773,313,1830,370
1446.png,57,57,Smoke,1758,305,1815,362
1022.png,55,80,Smoke,546,424,601,504
0634.png,65,218,Smoke,1620,397,1685,615
0826.png,32,158,Smoke,963,386,995,544
0369.png,76,92,Smoke,1768,311,1844,403
1206.png,32,158,Smoke,963,376,995,534
0483.png,32,158,Smoke,962,387,994,545
1684.png,50,128,Smoke,1431,412,1481,540
1448.png,55,80,Smoke,546,424,601,504
1533.png,130,227,Smoke,1025,314,1155,541
0972.png,76,118,Smoke,1769,316,1845,434
1760.png,180,109,Smoke,1740,456,1920,565
0864.png,55,80,Smoke,546,424,601,504
0069.png,76,92,Smoke,1769,309,1845,401
0997.png,55,80,Smoke,546,424,601,504
1401.png,101,107,Smoke,635,446,736,553
0804.png,76,250,Smoke,1615,394,1691,644
1309.png,84,67,Smoke,1760,375,1844,442
0394.png,107,221,Smoke,1022,318,1129,539
1015.png,32,158,Smoke,962,381,994,539
1721.png,128,246,Smoke,1023,314,1151,560
1217.png,55,80,Smoke,546,424,601,504
0713.png,29,218,Smoke,1163,357,1192,575
0490.png,57,57,Smoke,1773,313,1830,370
0710.png,124,174,Smoke,1251,378,1375,552
0048.png,74,99,Smoke,655,447,729,546
0831.png,80,48,Smoke,414,514,494,562
0548.png,23,113,Smoke,1214,465,1237,578
1621.png,113,57,Smoke,630,497,743,554
0759.png,32,158,Smoke,963,388,995,546
1479.png,50,128,Smoke,1431,412,1481,540
1250.png,57,57,Smoke,1773,313,1830,370
0767.png,50,128,Smoke,1431,424,1481,552
0820.png,99,59,Smoke,1689,577,1788,636
0630.png,32,158,Smoke,963,389,995,547
0257.png,55,84,Smoke,450,460,505,544
0461.png,55,80,Smoke,546,424,601,504
1051.png,74,74,Smoke,1769,361,1843,435
0773.png,174,109,Smoke,1746,449,1920,558
1628.png,50,128,Smoke,1431,412,1481,540
1766.png,141,67,Smoke,1761,371,1902,438
0567.png,95,155,Smoke,823,394,918,549
1039.png,111,233,Smoke,1028,309,1139,542
0484.png,97,120,Smoke,646,424,743,544
0721.png,76,118,Smoke,1772,304,1848,422
1734.png,128,246,Smoke,1025,315,1153,561
1327.png,57,57,Smoke,1773,313,1830,370
0101.png,95,176,Smoke,818,375,913,551
1403.png,141,67,Smoke,1759,374,1900,441
1669.png,122,78,Smoke,811,474,933,552
0267.png,65,197,Smoke,1617,424,1682,621
0985.png,57,57,Smoke,1773,313,1830,370
1195.png,55,80,Smoke,546,424,601,504
1484.png,80,48,Smoke,414,514,494,562
0585.png,29,218,Smoke,1163,355,1192,573
1660.png,80,48,Smoke,414,514,494,562
0443.png,32,158,Smoke,962,387,994,545
1530.png,23,151,Smoke,1212,424,1235,575
1091.png,111,246,Smoke,1029,309,1140,555
0085.png,57,57,Smoke,1773,313,1830,370
0827.png,57,57,Smoke,1773,313,1830,370
0131.png,57,57,Smoke,1773,313,1830,370
1177.png,76,250,Smoke,1612,390,1688,640
0839.png,111,233,Smoke,1019,321,1130,554
0341.png,29,218,Smoke,1163,358,1192,576
0581.png,23,113,Smoke,1214,465,1237,578
1269.png,99,59,Smoke,1689,575,1788,634
0416.png,65,197,Smoke,1617,422,1682,619
1465.png,130,227,Smoke,1024,322,1154,549
0891.png,32,158,Smoke,963,383,995,541
0021.png,48,34,Smoke,559,483,607,517
0040.png,32,158,Smoke,944,388,976,546
0524.png,97,120,Smoke,647,425,744,545
1235.png,29,218,Smoke,1164,335,1193,553
1642.png,32,170,Smoke,963,376,995,546
1108.png,101,107,Smoke,635,446,736,553
1537.png,141,67,Smoke,1757,376,1898,443
0946.png,76,250,Smoke,1613,388,1689,638
0847.png,55,80,Smoke,546,424,601,504
1148.png,23,113,Smoke,1212,473,1235,586
0615.png,124,174,Smoke,1251,377,1375,551
1205.png,124,174,Smoke,1255,377,1379,551
0650.png,57,57,Smoke,1773,313,1830,370
1571.png,130,227,Smoke,1025,312,1155,539
0367.png,76,92,Smoke,1768,311,1844,403
1170.png,55,80,Smoke,546,424,601,504
0375.png,69,59,Smoke,1691,580,1760,639
0259.png,69,59,Smoke,1691,577,1760,636
1389.png,155,48,Smoke,1718,577,1873,625
0338.png,124,174,Smoke,1251,378,1375,552
0075.png,55,143,Smoke,446,388,501,531
0412.png,55,84,Smoke,450,460,505,544
0301.png,148,86,Smoke,1772,446,1920,532
0555.png,80,48,Smoke,415,514,495,562
1105.png,111,246,Smoke,1030,307,1141,553
1052.png,29,218,Smoke,1163,351,1192,569
1716.png,50,128,Smoke,1431,412,1481,540
1107.png,57,57,Smoke,1773,313,1830,370
1193.png,76,250,Smoke,1613,390,1689,640
1037.png,99,59,Smoke,1686,577,1785,636
0169.png,65,197,Smoke,1617,420,1682,617
1414.png,90,67,Smoke,815,488,905,555
1131.png,55,80,Smoke,546,424,601,504
1147.png,179,109,Smoke,1741,457,1920,566
1202.png,101,107,Smoke,635,446,736,553
0683.png,109,155,Smoke,811,394,920,549
1481.png,181,109,Smoke,1739,457,1920,566
0756.png,32,158,Smoke,963,388,995,546
0935.png,76,250,Smoke,1613,388,1689,638
0124.png,107,195,Smoke,1021,352,1128,547
0242.png,76,92,Smoke,1768,309,1844,401
0400.png,76,92,Smoke,1768,310,1844,402
0862.png,80,48,Smoke,414,514,494,562
1161.png,111,246,Smoke,1030,307,1141,553
0943.png,29,218,Smoke,1163,353,1192,571
0380.png,57,57,Smoke,1773,313,1830,370
0324.png,55,84,Smoke,450,460,505,544
1237.png,80,48,Smoke,414,514,494,562
0405.png,107,221,Smoke,1021,318,1128,539
1679.png,128,246,Smoke,1021,312,1149,558
1040.png,80,48,Smoke,414,514,494,562
0009.png,32,158,Smoke,929,387,961,545
1104.png,97,151,Smoke,814,392,911,543
1406.png,180,109,Smoke,1740,457,1920,566
1417.png,32,170,Smoke,962,373,994,543
0068.png,65,197,Smoke,1618,421,1683,618
1310.png,55,80,Smoke,546,424,601,504
0747.png,80,48,Smoke,414,514,494,562
0492.png,32,158,Smoke,962,387,994,545
0589.png,23,113,Smoke,1214,465,1237,578
0580.png,65,218,Smoke,1619,397,1684,615
0541.png,95,155,Smoke,824,394,919,549
0012.png,74,99,Smoke,628,446,702,545
1608.png,180,109,Smoke,1740,458,1920,567
0332.png,124,174,Smoke,1250,378,1374,552
0358.png,29,218,Smoke,1163,357,1192,575
0582.png,29,218,Smoke,1163,355,1192,573
0880.png,124,174,Smoke,1252,379,1376,553
0171.png,107,195,Smoke,1021,350,1128,545
1460.png,180,109,Smoke,1740,456,1920,565
1146.png,179,109,Smoke,1741,458,1920,567
0197.png,69,59,Smoke,1691,577,1760,636
0226.png,76,92,Smoke,1769,309,1845,401
1122.png,29,218,Smoke,1164,331,1193,549
0826.png,111,233,Smoke,1019,321,1130,554
0124.png,74,99,Smoke,666,439,740,538
0495.png,29,218,Smoke,1163,356,1192,574
0015.png,50,147,Smoke,418,397,468,544
0973.png,76,250,Smoke,1615,390,1691,640
1072.png,32,158,Smoke,963,375,995,533
0871.png,55,80,Smoke,546,424,601,504
0842.png,23,113,Smoke,1214,469,1237,582
0385.png,57,57,Smoke,1773,313,1830,370
1041.png,23,113,Smoke,1214,467,1237,580
1432.png,29,218,Smoke,1164,333,1193,551
0722.png,23,113,Smoke,1213,467,1236,580
0669.png,109,155,Smoke,810,394,919,549
1426.png,55,80,Smoke,546,424,601,504
0826.png,57,57,Smoke,1773,313,1830,370
0162.png,48,34,Smoke,559,483,607,517
0229.png,55,84,Smoke,450,460,505,544
1016.png,80,48,Smoke,414,514,494,562
0410.png,69,59,Smoke,1690,578,1759,637
0612.png,97,120,Smoke,647,430,744,550
0670.png,149,71,Smoke,589,487,738,558
1604.png,76,227,Smoke,1623,384,1699,611
0538.png,76,118,Smoke,1772,309,1848,427
0988.png,23,113,Smoke,1214,467,1237,580
0446.png,55,80,Smoke,546,424,601,504
0907.png,76,118,Smoke,1770,316,1846,434
0113.png,55,143,Smoke,446,387,501,530
0988.png,76,118,Smoke,1769,316,1845,434
0842.png,50,128,Smoke,1431,427,1481,555
0826.png,124,174,Smoke,1251,379,1375,553
0157.png,50,116,Smoke,1433,431,1483,547
1464.png,180,109,Smoke,1740,457,1920,566
0504.png,57,57,Smoke,1773,313,1830,370
1194.png,55,80,Smoke,546,424,601,504
0554.png,97,120,Smoke,647,424,744,544
0954.png,80,48,Smoke,414,514,494,562
0162.png,57,57,Smoke,1773,313,1830,370
1532.png,180,109,Smoke,1740,457,1920,566
0203.png,55,97,Smoke,450,445,505,542
0073.png,148,97,Smoke,1772,457,1920,554
0838.png,80,48,Smoke,414,514,494,562
0356.png,50,116,Smoke,1431,426,1481,542
1395.png,80,48,Smoke,414,514,494,562
0848.png,174,109,Smoke,1746,450,1920,559
1546.png,170,57,Smoke,568,497,738,554
1266.png,29,218,Smoke,1164,335,1193,553
1370.png,92,57,Smoke,1754,305,1846,362
1135.png,32,158,Smoke,963,376,995,534
1501.png,23,151,Smoke,1212,424,1235,575
1106.png,50,128,Smoke,1431,422,1481,550
1561.png,76,227,Smoke,1621,384,1697,611
0762.png,76,118,Smoke,1772,302,1848,420
0163.png,57,57,Smoke,1773,313,1830,370
1699.png,32,170,Smoke,966,380,998,550
1538.png,80,48,Smoke,414,514,494,562
0950.png,99,59,Smoke,1688,577,1787,636
0344.png,76,95,Smoke,665,432,741,527
1336.png,23,151,Smoke,1211,426,1234,577
0960.png,111,233,Smoke,1027,317,1138,550
0016.png,65,197,Smoke,1583,421,1648,618
0662.png,57,57,Smoke,1773,313,1830,370
1333.png,124,174,Smoke,1256,377,1380,551
1465.png,76,227,Smoke,1620,384,1696,611
0620.png,80,48,Smoke,414,516,494,564
0660.png,57,57,Smoke,1773,313,1830,370
0463.png,29,218,Smoke,1163,355,1192,573
0836.png,111,233,Smoke,1019,321,1130,554
0277.png,149,86,Smoke,1771,452,1920,538
1781.png,132,155,Smoke,1245,399,1377,554
0418.png,65,197,Smoke,1617,422,1682,619
1672.png,50,128,Smoke,1431,412,1481,540
1766.png,55,80,Smoke,546,424,601,504
0176.png,55,143,Smoke,445,384,500,527
1366.png,80,48,Smoke,414,514,494,562
0338.png,76,92,Smoke,1768,310,1844,402
1778.png,76,258,Smoke,1625,384,1701,642
1378.png,76,227,Smoke,1615,383,1691,610
0198.png,95,176,Smoke,819,375,914,551
0672.png,174,109,Smoke,1746,449,1920,558
1152.png,99,59,Smoke,1688,574,1787,633
1228.png,50,128,Smoke,1431,420,1481,548
1628.png,55,80,Smoke,546,424,601,504
1490.png,76,227,Smoke,1620,385,1696,612
0306.png,124,174,Smoke,1250,378,1374,552
0646.png,65,218,Smoke,1620,397,1685,615
0441.png,69,59,Smoke,1690,578,1759,637
1528.png,50,128,Smoke,1431,413,1481,541
0504.png,23,113,Smoke,1214,464,1237,577
1532.png,141,67,Smoke,1758,376,1899,443
0521.png,32,158,Smoke,962,387,994,545
1201.png,111,246,Smoke,1032,307,1143,553
1559.png,29,218,Smoke,1163,345,1192,563
0546.png,57,57,Smoke,1773,313,1830,370
1247.png,101,107,Smoke,635,446,736,553
0970.png,57,57,Smoke,1773,313,1830,370
0607.png,99,59,Smoke,1692,576,1791,635
0580.png,80,48,Smoke,415,515,495,563
1199.png,179,109,Smoke,1741,457,1920,566
0607.png,23,113,Smoke,1214,465,1237,578
1055.png,50,128,Smoke,1431,420,1481,548
0733.png,32,158,Smoke,963,388,995,546
0350.png,143,113,Smoke,1777,443,1920,556
0765.png,124,174,Smoke,1251,379,1375,553
1199.png,50,128,Smoke,1431,420,1481,548
0648.png,65,218,Smoke,1619,397,1684,615
1782.png,23,151,Smoke,1215,416,1238,567
1280.png,90,67,Smoke,815,491,905,558
0908.png,23,113,Smoke,1214,467,1237,580
1717.png,132,155,Smoke,1246,397,1378,552
0371.png,124,174,Smoke,1250,378,1374,552
0073.png,107,195,Smoke,1022,357,1129,552
0735.png,55,80,Smoke,546,424,601,504
0251.png,107,221,Smoke,1022,323,1129,544
0601.png,124,174,Smoke,1251,377,1375,551
1380.png,32,170,Smoke,962,375,994,545
1496.png,55,80,Smoke,546,424,601,504
0697.png,32,158,Smoke,963,388,995,546
1048.png,101,107,Smoke,635,446,736,553
1113.png,99,59,Smoke,1689,575,1788,634
0305.png,50,116,Smoke,1431,428,1481,544
0850.png,99,59,Smoke,1689,577,1788,636
0742.png,76,250,Smoke,1610,394,1686,644
1228.png,29,218,Smoke,1164,333,1193,551
0427.png,69,59,Smoke,1690,578,1759,637
1211.png,97,151,Smoke,816,393,913,544
0313.png,55,84,Smoke,449,460,504,544
0196.png,69,59,Smoke,1691,578,1760,637
0107.png,48,34,Smoke,559,483,607,517
0885.png,50,128,Smoke,1431,424,1481,552
1787.png,32,170,Smoke,966,388,998,558
0464.png,23,113,Smoke,1214,464,1237,577
0519.png,124,174,Smoke,1250,378,1374,552
0992.png,23,113,Smoke,1214,467,1237,580
0396.png,50,116,Smoke,1431,428,1481,544
0078.png,149,97,Smoke,1771,456,1920,553
0243.png,29,218,Smoke,1161,365,1190,583
1685.png,80,48,Smoke,414,514,494,562
0005.png,151,97,Smoke,1741,460,1892,557
0889.png,76,250,Smoke,1613,391,1689,641
1720.png,99,55,Smoke,642,498,741,553
0268.png,143,86,Smoke,1777,454,1920,540
1498.png,76,227,Smoke,1622,384,1698,611
1290.png,101,107,Smoke,635,446,736,553
1311.png,101,107,Smoke,635,446,736,553
1093.png,50,128,Smoke,1431,422,1481,550
0431.png,57,57,Smoke,1773,313,1830,370
0820.png,57,57,Smoke,1773,313,1830,370
0434.png,55,84,Smoke,450,460,505,544
1183.png,84,67,Smoke,1761,378,1845,445
1011.png,55,80,Smoke,546,424,601,504
0631.png,23,113,Smoke,1214,465,1237,578
1414.png,141,67,Smoke,1759,374,1900,441
1062.png,124,174,Smoke,1253,377,1377,551
1718.png,55,80,Smoke,546,424,601,504
0762.png,57,57,Smoke,1773,313,1830,370
0503.png,124,174,Smoke,1251,378,1375,552
1188.png,23,113,Smoke,1213,469,1236,582
1316.png,130,227,Smoke,1019,324,1149,551
0549.png,32,158,Smoke,962,389,994,547
1195.png,111,246,Smoke,1032,307,1143,553
0576.png,76,118,Smoke,1770,307,1846,425
0555.png,29,218,Smoke,1163,357,1192,575
0051.png,95,176,Smoke,813,379,908,555
1094.png,111,246,Smoke,1029,310,1140,556
1041.png,179,109,Smoke,1741,458,1920,567
0117.png,65,197,Smoke,1617,422,1682,619
0324.png,65,197,Smoke,1617,421,1682,618
0894.png,57,57,Smoke,1773,313,1830,370
0580.png,29,218,Smoke,1163,355,1192,573
1496.png,155,48,Smoke,1719,581,1874,629
1187.png,55,80,Smoke,546,424,601,504
0691.png,32,158,Smoke,963,390,995,548
1299.png,57,57,Smoke,1773,313,1830,370
1186.png,76,250,Smoke,1613,390,1689,640
1029.png,50,128,Smoke,1431,422,1481,550
0267.png,55,84,Smoke,450,460,505,544
1191.png,99,59,Smoke,1687,573,1786,632
1701.png,132,155,Smoke,1246,397,1378,552
0468.png,141,109,Smoke,1779,448,1920,557
0022.png,32,158,Smoke,928,389,960,547
1725.png,155,48,Smoke,1722,579,1877,627
0236.png,69,59,Smoke,1690,577,1759,636
1409.png,181,109,Smoke,1739,457,1920,566
0765.png,109,179,Smoke,813,368,922,547
1328.png,90,67,Smoke,815,490,905,557
0688.png,65,250,Smoke,1620,397,1685,647
0426.png,57,57,Smoke,1773,313,1830,370
0581.png,76,118,Smoke,1770,307,1846,425
0588.png,76,118,Smoke,1770,308,1846,426
0014.png,95,176,Smoke,785,381,880,557
0963.png,80,48,Smoke,414,514,494,562
0869.png,50,128,Smoke,1431,425,1481,553
0579.png,57,57,Smoke,1773,313,1830,370
0691.png,55,80,Smoke,546,424,601,504
0938.png,23,113,Smoke,1214,467,1237,580
0671.png,80,48,Smoke,414,514,494,562
0420.png,55,80,Smoke,546,420,601,500
0752.png,174,109,Smoke,1746,448,1920,557
1674.png,50,128,Smoke,1431,412,1481,540
0164.png,148,97,Smoke,1772,449,1920,546
0454.png,124,174,Smoke,1250,378,1374,552
1334.png,99,59,Smoke,1690,575,1789,634
1618.png,50,128,Smoke,1431,412,1481,540
1029.png,80,48,Smoke,414,514,494,562
1268.png,50,128,Smoke,1431,417,1481,545
1298.png,23,113,Smoke,1212,466,1235,579
1517.png,32,170,Smoke,962,375,994,545
1285.png,124,174,Smoke,1255,377,1379,551
1541.png,57,57,Smoke,1761,304,1818,361
1304.png,76,250,Smoke,1617,384,1693,634
0769.png,99,59,Smoke,1691,575,1790,634
1497.png,132,155,Smoke,1247,396,1379,551
0378.png,76,92,Smoke,1767,310,1843,402
1361.png,50,128,Smoke,1431,415,1481,543
1771.png,132,155,Smoke,1245,399,1377,554
0174.png,145,116,Smoke,1226,427,1371,543
0563.png,97,120,Smoke,647,425,744,545
1780.png,155,48,Smoke,1722,579,1877,627
0967.png,99,59,Smoke,1688,577,1787,636
0863.png,99,59,Smoke,1689,577,1788,636
1052.png,23,113,Smoke,1214,468,1237,581
0412.png,144,113,Smoke,1776,444,1920,557
0994.png,76,118,Smoke,1769,316,1845,434
1012.png,80,48,Smoke,414,514,494,562
0963.png,57,57,Smoke,1773,313,1830,370
0176.png,107,195,Smoke,1021,350,1128,545
1678.png,55,80,Smoke,546,424,601,504
1141.png,32,158,Smoke,963,376,995,534
1734.png,99,55,Smoke,642,498,741,553
0118.png,57,48,Smoke,1705,577,1762,625
0005.png,57,57,Smoke,1773,313,1830,370
0522.png,55,80,Smoke,546,424,601,504
0255.png,55,84,Smoke,450,460,505,544
0479.png,69,59,Smoke,1688,578,1757,637
1039.png,101,107,Smoke,635,446,736,553
1431.png,90,67,Smoke,816,488,906,555
0988.png,76,250,Smoke,1615,388,1691,638
1246.png,111,246,Smoke,1032,308,1143,554
0150.png,50,116,Smoke,1433,429,1483,545
1130.png,179,109,Smoke,1741,457,1920,566
1786.png,80,57,Smoke,1760,298,1840,355
0013.png,107,195,Smoke,991,355,1098,550
0605.png,80,48,Smoke,415,515,495,563
0436.png,95,139,Smoke,821,403,916,542
0438.png,142,109,Smoke,1778,449,1920,558
1392.png,29,218,Smoke,1164,337,1193,555
1473.png,29,218,Smoke,1164,331,1193,549
0844.png,76,118,Smoke,1771,317,1847,435
0321.png,50,116,Smoke,1431,427,1481,543
0919.png,23,113,Smoke,1214,466,1237,579
1596.png,76,227,Smoke,1622,384,1698,611
0428.png,86,107,Smoke,656,431,742,538
1421.png,130,227,Smoke,1023,322,1153,549
1103.png,29,218,Smoke,1164,333,1193,551
1331.png,80,48,Smoke,414,514,494,562
1675.png,181,109,Smoke,1739,457,1920,566
0389.png,55,80,Smoke,546,421,601,501
0667.png,76,118,Smoke,1772,305,1848,423
1157.png,50,128,Smoke,1431,422,1481,550
1779.png,132,155,Smoke,1245,399,1377,554
1139.png,97,151,Smoke,814,390,911,541
1473.png,103,55,Smoke,817,497,920,552
0070.png,29,218,Smoke,1166,357,1195,575
1357.png,57,57,Smoke,1773,313,1830,370
0718.png,124,174,Smoke,1251,378,1375,552
0793.png,109,179,Smoke,813,367,922,546
0595.png,169,109,Smoke,1751,450,1920,559
1349.png,90,67,Smoke,816,490,906,557
0367.png,29,218,Smoke,1163,357,1192,575
1408.png,90,67,Smoke,815,489,905,556
0874.png,99,59,Smoke,1687,578,1786,637
1230.png,50,128,Smoke,1431,419,1481,547
1185.png,124,174,Smoke,1253,377,1377,551
0834.png,170,67,Smoke,567,490,737,557
0716.png,109,179,Smoke,813,368,922,547
1589.png,155,48,Smoke,1722,581,1877,629
0467.png,97,120,Smoke,647,426,744,546
1677.png,32,170,Smoke,967,378,999,548
1599.png,50,128,Smoke,1431,413,1481,541
1567.png,29,218,Smoke,1163,341,1192,559
1113.png,29,218,Smoke,1164,331,1193,549
1311.png,124,174,Smoke,1255,377,1379,551
0900.png,23,113,Smoke,1214,467,1237,580
0934.png,99,59,Smoke,1688,577,1787,636
0232.png,142,86,Smoke,1778,457,1920,543
0352.png,55,46,Smoke,552,483,607,529
0860.png,107,179,Smoke,814,369,921,548
1422.png,29,218,Smoke,1164,333,1193,551
1011.png,23,113,Smoke,1214,468,1237,581
0739.png,29,218,Smoke,1163,355,1192,573
1656.png,55,80,Smoke,546,424,601,504
0260.png,69,86,Smoke,669,444,738,530
1477.png,76,227,Smoke,1620,384,1696,611
0078.png,74,99,Smoke,663,444,737,543
1104.png,80,48,Smoke,414,514,494,562
1532.png,111,76,Smoke,812,479,923,555
1782.png,99,55,Smoke,642,499,741,554
0055.png,95,176,Smoke,815,379,910,555
0745.png,109,179,Smoke,813,368,922,547
1157.png,124,174,Smoke,1254,377,1378,551
0685.png,124,174,Smoke,1251,378,1375,552
0442.png,57,57,Smoke,1773,313,1830,370
1165.png,57,57,Smoke,1773,313,1830,370
1768.png,141,67,Smoke,1761,371,1902,438
1746.png,23,151,Smoke,1214,417,1237,568
1785.png,55,80,Smoke,546,424,601,504
0931.png,76,250,Smoke,1613,388,1689,638
0606.png,99,59,Smoke,1692,576,1791,635
1485.png,170,57,Smoke,563,501,733,558
1196.png,111,246,Smoke,1033,306,1144,552
0592.png,55,80,Smoke,546,424,601,504
1384.png,141,67,Smoke,1758,374,1899,441
1323.png,90,67,Smoke,815,490,905,557
0910.png,29,218,Smoke,1163,355,1192,573
0726.png,55,80,Smoke,546,424,601,504
0168.png,65,197,Smoke,1617,421,1682,618
1342.png,29,218,Smoke,1164,333,1193,551
1463.png,76,227,Smoke,1620,384,1696,611
0531.png,29,218,Smoke,1163,355,1192,573
0819.png,29,218,Smoke,1163,355,1192,573
0097.png,50,116,Smoke,1433,432,1483,548
1231.png,57,57,Smoke,1773,313,1830,370
0182.png,95,176,Smoke,818,376,913,552
0710.png,23,113,Smoke,1213,466,1236,579
1171.png,80,48,Smoke,414,514,494,562
0074.png,65,197,Smoke,1618,421,1683,618
0424.png,57,57,Smoke,1773,313,1830,370
0869.png,76,118,Smoke,1770,317,1846,435
0938.png,101,160,Smoke,813,383,914,543
1271.png,130,227,Smoke,1016,327,1146,554
1111.png,57,57,Smoke,1773,313,1830,370
1698.png,32,170,Smoke,966,380,998,550
0331.png,29,218,Smoke,1163,358,1192,576
1749.png,155,48,Smoke,1722,579,1877,627
1395.png,181,109,Smoke,1739,457,1920,566
1156.png,50,128,Smoke,1431,422,1481,550
0244.png,23,113,Smoke,1214,464,1237,577
0105.png,65,197,Smoke,1618,422,1683,619
0121.png,145,116,Smoke,1226,427,1371,543
0446.png,107,221,Smoke,1023,319,1130,540
1048.png,76,250,Smoke,1615,391,1691,641
1508.png,170,57,Smoke,568,499,738,556
0074.png,145,116,Smoke,1226,427,1371,543
1792.png,132,155,Smoke,1245,399,1377,554
0074.png,34,116,Smoke,1433,432,1467,548
0495.png,97,120,Smoke,646,424,743,544
1311.png,90,67,Smoke,815,490,905,557
0838.png,57,57,Smoke,1773,313,1830,370
0173.png,74,99,Smoke,666,432,740,531
0071.png,107,195,Smoke,1022,357,1129,552
1134.png,97,151,Smoke,814,392,911,543
1055.png,57,57,Smoke,1773,313,1830,370
1290.png,130,227,Smoke,1018,324,1148,551
1374.png,180,109,Smoke,1740,459,1920,568
0018.png,50,147,Smoke,418,398,468,545
1619.png,32,170,Smoke,964,372,996,542
0910.png,80,48,Smoke,414,514,494,562
1135.png,111,246,Smoke,1030,307,1141,553
0903.png,50,128,Smoke,1431,424,1481,552
0641.png,99,59,Smoke,1692,575,1791,634
1119.png,80,48,Smoke,414,514,494,562
0056.png,151,97,Smoke,1769,462,1920,559
0509.png,55,80,Smoke,546,424,601,504
0451.png,29,218,Smoke,1163,357,1192,575
1729.png,50,128,Smoke,1431,412,1481,540
0907.png,76,250,Smoke,1613,391,1689,641
1496.png,50,128,Smoke,1431,412,1481,540
1531.png,57,57,Smoke,1761,304,1818,361
0060.png,34,116,Smoke,1434,434,1468,550
0286.png,76,92,Smoke,1768,310,1844,402
0001.png,50,147,Smoke,418,397,468,544
1041.png,57,57,Smoke,1773,313,1830,370
0067.png,48,34,Smoke,559,483,607,517
1409.png,76,227,Smoke,1616,382,1692,609
1178.png,84,67,Smoke,1761,378,1845,445
1015.png,76,250,Smoke,1615,390,1691,640
0304.png,29,218,Smoke,1163,356,1192,574
1142.png,76,250,Smoke,1614,390,1690,640
0285.png,32,158,Smoke,962,387,994,545
0829.png,111,233,Smoke,1019,321,1130,554
1487.png,132,155,Smoke,1247,396,1379,551
0447.png,107,221,Smoke,1023,318,1130,539
1422.png,50,128,Smoke,1431,414,1481,542
1555.png,57,57,Smoke,1761,304,1818,361
0172.png,95,176,Smoke,818,375,913,551
0771.png,23,113,Smoke,1214,467,1237,580
1101.png,124,174,Smoke,1253,377,1377,551
0171.png,55,143,Smoke,445,385,500,528
0311.png,65,197,Smoke,1617,422,1682,619
0233.png,23,113,Smoke,1214,464,1237,577
0053.png,74,99,Smoke,659,445,733,544
0772.png,29,218,Smoke,1163,355,1192,573
1381.png,80,48,Smoke,414,514,494,562
1632.png,122,78,Smoke,809,475,931,553
1626.png,23,151,Smoke,1210,421,1233,572
1158.png,57,57,Smoke,1773,313,1830,370
0873.png,124,174,Smoke,1252,379,1376,553
1591.png,111,76,Smoke,816,477,927,553
0301.png,29,218,Smoke,1163,356,1192,574
0872.png,50,128,Smoke,1431,425,1481,553
0068.png,149,97,Smoke,1771,457,1920,554
1651.png,80,57,Smoke,1760,302,1840,359
0454.png,29,218,Smoke,1163,355,1192,573
1230.png,76,250,Smoke,1614,389,1690,639
1034.png,55,80,Smoke,546,424,601,504
0396.png,55,84,Smoke,450,460,505,544
0112.png,76,92,Smoke,1768,310,1844,402
0074.png,148,97,Smoke,1772,456,1920,553
0076.png,57,48,Smoke,1704,578,1761,626
0443.png,124,174,Smoke,1250,378,1374,552
1407.png,32,170,Smoke,962,375,994,545
0630.png,109,155,Smoke,809,395,918,550
1245.png,55,80,Smoke,546,424,601,504
1545.png,29,218,Smoke,1163,345,1192,563
1621.png,155,48,Smoke,1722,580,1877,628
1287.png,90,67,Smoke,815,492,905,559
1472.png,103,55,Smoke,817,497,920,552
0670.png,55,80,Smoke,546,424,601,504
0758.png,99,59,Smoke,1691,575,1790,634
1592.png,180,109,Smoke,1740,458,1920,567
0484.png,32,158,Smoke,962,387,994,545
1722.png,29,218,Smoke,1161,337,1190,555
0050.png,65,197,Smoke,1612,421,1677,618
0677.png,80,48,Smoke,414,514,494,562
0623.png,80,48,Smoke,414,515,494,563
0839.png,107,179,Smoke,815,368,922,547
0903.png,80,48,Smoke,414,514,494,562
0046.png,145,116,Smoke,1218,427,1363,543
0026.png,65,197,Smoke,1585,423,1650,620
0518.png,23,113,Smoke,1214,464,1237,577
1400.png,32,170,Smoke,962,375,994,545
0168.png,48,34,Smoke,559,483,607,517
0215.png,107,221,Smoke,1021,325,1128,546
0023.png,74,99,Smoke,629,448,703,547
0972.png,57,57,Smoke,1773,313,1830,370
0219.png,32,158,Smoke,962,387,994,545
1397.png,57,57,Smoke,1754,305,1811,362
0071.png,29,218,Smoke,1166,357,1195,575
0960.png,32,158,Smoke,962,381,994,539
0601.png,169,109,Smoke,1751,450,1920,559
1705.png,122,78,Smoke,812,473,934,551
1770.png,128,246,Smoke,1025,317,1153,563
0922.png,29,218,Smoke,1163,353,1192,571
0007.png,107,195,Smoke,992,355,1099,550
1411.png,50,128,Smoke,1431,415,1481,543
0989.png,99,59,Smoke,1688,577,1787,636
1767.png,29,218,Smoke,1161,339,1190,557
0298.png,23,113,Smoke,1214,464,1237,577
0809.png,32,158,Smoke,963,386,995,544
0820.png,76,250,Smoke,1615,394,1691,644
0244.png,32,158,Smoke,962,387,994,545
0343.png,95,139,Smoke,821,409,916,548
0108.png,57,57,Smoke,1773,313,1830,370
0183.png,55,97,Smoke,450,445,505,542
1019.png,111,233,Smoke,1027,311,1138,544
0207.png,145,86,Smoke,1775,459,1920,545
0202.png,55,97,Smoke,450,445,505,542
1381.png,124,174,Smoke,1256,377,1380,551
1021.png,124,174,Smoke,1253,377,1377,551
1139.png,179,109,Smoke,1741,457,1920,566
0766.png,80,48,Smoke,414,514,494,562
1595.png,80,57,Smoke,1763,302,1843,359
0369.png,124,174,Smoke,1251,378,1375,552
1377.png,181,109,Smoke,1739,459,1920,568
1604.png,180,109,Smoke,1740,458,1920,567
0484.png,29,218,Smoke,1163,356,1192,574
1201.png,84,67,Smoke,1761,377,1845,444
0202.png,55,46,Smoke,552,484,607,530
0848.png,111,233,Smoke,1019,319,1130,552
0571.png,55,80,Smoke,546,424,601,504
0224.png,107,221,Smoke,1021,325,1128,546
1386.png,101,107,Smoke,635,446,736,553
1260.png,179,109,Smoke,1741,458,1920,567
1618.png,113,57,Smoke,630,497,743,554
1043.png,76,118,Smoke,1769,317,1845,435
1568.png,29,218,Smoke,1163,345,1192,563
0520.png,29,218,Smoke,1163,356,1192,574
1709.png,141,67,Smoke,1761,372,1902,439
0979.png,55,80,Smoke,546,424,601,504
0061.png,48,34,Smoke,559,483,607,517
1001.png,57,57,Smoke,1773,313,1830,370
0434.png,50,116,Smoke,1431,428,1481,544
0868.png,50,128,Smoke,1431,425,1481,553
0258.png,29,218,Smoke,1163,356,1192,574
0482.png,57,57,Smoke,1773,313,1830,370
0238.png,32,158,Smoke,962,387,994,545
1184.png,80,48,Smoke,414,514,494,562
1428.png,141,67,Smoke,1759,374,1900,441
0294.png,32,158,Smoke,962,387,994,545
0825.png,99,59,Smoke,1689,577,1788,636
0496.png,76,118,Smoke,1771,309,1847,427
0802.png,76,250,Smoke,1615,394,1691,644
0756.png,23,113,Smoke,1214,467,1237,580
1674.png,80,48,Smoke,414,514,494,562
1371.png,141,67,Smoke,1759,375,1900,442
0154.png,29,218,Smoke,1163,348,1192,566
1112.png,124,174,Smoke,1254,377,1378,551
0770.png,109,179,Smoke,813,367,922,546
0962.png,29,218,Smoke,1163,353,1192,571
0790.png,174,109,Smoke,1746,449,1920,558
0879.png,107,179,Smoke,814,371,921,550
0985.png,55,80,Smoke,546,424,601,504
1170.png,80,48,Smoke,414,514,494,562
0784.png,170,67,Smoke,569,490,739,557
0027.png,65,197,Smoke,1586,423,1651,620
1154.png,80,48,Smoke,414,514,494,562
0679.png,29,218,Smoke,1163,358,1192,576
1398.png,76,227,Smoke,1616,381,1692,608
1632.png,155,48,Smoke,1722,579,1877,627
0851.png,50,128,Smoke,1431,426,1481,554
0214.png,32,158,Smoke,962,387,994,545
1351.png,29,218,Smoke,1164,335,1193,553
1009.png,23,113,Smoke,1214,467,1237,580
0929.png,29,218,Smoke,1163,353,1192,571
0003.png,48,34,Smoke,559,483,607,517
0784.png,76,118,Smoke,1772,302,1848,420
0531.png,95,155,Smoke,824,394,919,549
0893.png,80,48,Smoke,414,514,494,562
0519.png,107,221,Smoke,1024,320,1131,541
0521.png,55,80,Smoke,546,424,601,504
0237.png,69,59,Smoke,1691,576,1760,635
0520.png,32,158,Smoke,962,387,994,545
0873.png,174,109,Smoke,1746,452,1920,561
1798.png,29,218,Smoke,1161,336,1190,554
0739.png,23,113,Smoke,1213,467,1236,580
0876.png,124,174,Smoke,1252,379,1376,553
0385.png,124,174,Smoke,1249,378,1373,552
0028.png,57,48,Smoke,1674,579,1731,627
0060.png,48,34,Smoke,559,483,607,517
0653.png,32,158,Smoke,963,389,995,547
1120.png,80,48,Smoke,414,514,494,562
0260.png,50,116,Smoke,1431,428,1481,544
0240.png,29,218,Smoke,1162,368,1191,586
0896.png,107,179,Smoke,814,369,921,548
1673.png,128,246,Smoke,1020,312,1148,558
0493.png,95,155,Smoke,823,394,918,549
1105.png,57,57,Smoke,1773,313,1830,370
1053.png,50,128,Smoke,1431,421,1481,549
1315.png,124,174,Smoke,1255,377,1379,551
0081.png,145,116,Smoke,1226,427,1371,543
0283.png,69,59,Smoke,1691,577,1760,636
1710.png,80,48,Smoke,414,514,494,562
1014.png,23,113,Smoke,1214,467,1237,580
0530.png,69,59,Smoke,1688,578,1757,637
0534.png,23,113,Smoke,1214,464,1237,577
0079.png,95,176,Smoke,817,377,912,553
1512.png,50,128,Smoke,1431,412,1481,540
0147.png,76,92,Smoke,1768,310,1844,402
0430.png,143,113,Smoke,1777,448,1920,561
0120.png,150,97,Smoke,1770,452,1920,549
1346.png,23,151,Smoke,1211,424,1234,575
0551.png,23,113,Smoke,1214,466,1237,579
0717.png,99,59,Smoke,1690,576,1789,635
1226.png,99,59,Smoke,1687,574,1786,633
0001.png,32,158,Smoke,928,387,960,545
0221.png,141,147,Smoke,1231,408,1372,555
1679.png,141,67,Smoke,1761,373,1902,440
0534.png,69,59,Smoke,1687,578,1756,637
0854.png,124,174,Smoke,1251,379,1375,553
1511.png,181,109,Smoke,1739,457,1920,566
1704.png,76,227,Smoke,1623,381,1699,608
0259.png,32,158,Smoke,962,387,994,545
1197.png,124,174,Smoke,1254,377,1378,551
1685.png,80,57,Smoke,1760,301,1840,358
0660.png,50,128,Smoke,1434,425,1484,553
1659.png,76,227,Smoke,1623,382,1699,609
0494.png,149,109,Smoke,1771,446,1920,555
0148.png,50,116,Smoke,1433,430,1483,546
0317.png,29,218,Smoke,1163,356,1192,574
0304.png,57,57,Smoke,1773,313,1830,370
1482.png,80,48,Smoke,414,514,494,562
1371.png,32,170,Smoke,962,373,994,543
1308.png,76,250,Smoke,1617,384,1693,634
1012.png,124,174,Smoke,1253,379,1377,553
1617.png,80,48,Smoke,414,514,494,562
0761.png,174,109,Smoke,1746,449,1920,558
1558.png,130,227,Smoke,1025,311,1155,538
0290.png,107,221,Smoke,1021,322,1128,543
1217.png,124,174,Smoke,1255,377,1379,551
0899.png,99,59,Smoke,1688,577,1787,636
1736.png,80,48,Smoke,414,514,494,562
0552.png,76,118,Smoke,1771,308,1847,426
1692.png,99,55,Smoke,642,499,741,554
0756.png,80,48,Smoke,414,514,494,562
0575.png,109,155,Smoke,809,395,918,550
0403.png,32,158,Smoke,962,387,994,545
1201.png,124,174,Smoke,1254,377,1378,551
0201.png,107,221,Smoke,1021,324,1128,545
1710.png,55,80,Smoke,546,424,601,504
1368.png,32,170,Smoke,962,375,994,545
0922.png,143,95,Smoke,596,460,739,555
0420.png,107,221,Smoke,1021,317,1128,538
0465.png,76,118,Smoke,1771,309,1847,427
0339.png,124,174,Smoke,1251,378,1375,552
0583.png,97,120,Smoke,647,427,744,547
0047.png,57,48,Smoke,1695,578,1752,626
0156.png,65,197,Smoke,1617,421,1682,618
0173.png,145,116,Smoke,1226,427,1371,543
0788.png,124,174,Smoke,1251,379,1375,553
0385.png,65,197,Smoke,1617,422,1682,619
1787.png,128,246,Smoke,1025,320,1153,566
1615.png,181,109,Smoke,1739,457,1920,566
1743.png,50,128,Smoke,1431,412,1481,540
1246.png,124,174,Smoke,1255,377,1379,551
1691.png,132,155,Smoke,1247,397,1379,552
1651.png,181,109,Smoke,1739,457,1920,566
0282.png,65,197,Smoke,1617,421,1682,618
1392.png,180,109,Smoke,1740,457,1920,566
0739.png,57,57,Smoke,1773,313,1830,370
0774.png,76,250,Smoke,1614,394,1690,644
1725.png,80,48,Smoke,414,514,494,562
1385.png,76,227,Smoke,1615,382,1691,609
0150.png,32,158,Smoke,962,387,994,545
1455.png,32,170,Smoke,962,373,994,543
0788.png,99,59,Smoke,1692,576,1791,635
1739.png,32,170,Smoke,966,382,998,552
0401.png,124,174,Smoke,1250,378,1374,552
0183.png,23,113,Smoke,1214,464,1237,577
1666.png,50,128,Smoke,1431,412,1481,540
0456.png,50,116,Smoke,1431,428,1481,544
0096.png,32,158,Smoke,962,386,994,544
0904.png,50,128,Smoke,1431,424,1481,552
0572.png,55,80,Smoke,546,424,601,504
1723.png,99,55,Smoke,642,498,741,553
0274.png,69,59,Smoke,1691,578,1760,637
0008.png,50,147,Smoke,418,397,468,544
0751.png,80,48,Smoke,414,514,494,562
0074.png,32,158,Smoke,961,388,993,546
0976.png,76,118,Smoke,1769,316,1845,434
0716.png,80,48,Smoke,414,514,494,562
1421.png,32,170,Smoke,962,373,994,543
0598.png,50,128,Smoke,1434,423,1484,551
0233.png,32,158,Smoke,962,387,994,545
1067.png,101,107,Smoke,635,446,736,553
0116.png,29,218,Smoke,1164,351,1193,569
0009.png,57,48,Smoke,1670,578,1727,626
1331.png,179,109,Smoke,1741,458,1920,567
0172.png,29,218,Smoke,1163,348,1192,566
1661.png,50,128,Smoke,1431,412,1481,540
0546.png,76,118,Smoke,1771,309,1847,427
0756.png,57,57,Smoke,1773,313,1830,370
0745.png,55,80,Smoke,546,424,601,504
1570.png,80,48,Smoke,414,514,494,562
1577.png,141,67,Smoke,1758,377,1899,444
0550.png,107,221,Smoke,1025,319,1132,540
0790.png,29,218,Smoke,1163,355,1192,573
1307.png,84,67,Smoke,1760,375,1844,442
0864.png,32,158,Smoke,963,386,995,544
0195.png,57,57,Smoke,1773,313,1830,370
1718.png,32,170,Smoke,966,382,998,552
0593.png,109,155,Smoke,810,395,919,550
1056.png,74,74,Smoke,1770,361,1844,435
0384.png,23,113,Smoke,1214,464,1237,577
0004.png,23,113,Smoke,1214,464,1237,577
0493.png,29,218,Smoke,1163,356,1192,574
0483.png,107,221,Smoke,1023,318,1130,539
1227.png,32,158,Smoke,963,376,995,534
1676.png,132,155,Smoke,1247,397,1379,552
1781.png,122,78,Smoke,814,476,936,554
0969.png,118,107,Smoke,620,447,738,554
1031.png,76,118,Smoke,1769,317,1845,435
1189.png,111,246,Smoke,1032,307,1143,553
1415.png,141,67,Smoke,1759,374,1900,441
0255.png,76,92,Smoke,1768,309,1844,401
1795.png,50,128,Smoke,1431,412,1481,540
0886.png,107,179,Smoke,814,369,921,548
1284.png,29,218,Smoke,1164,335,1193,553
1661.png,132,155,Smoke,1246,397,1378,552
1347.png,90,67,Smoke,817,490,907,557
0416.png,55,84,Smoke,450,460,505,544
0772.png,32,158,Smoke,963,388,995,546
0122.png,149,97,Smoke,1771,455,1920,552
1585.png,76,227,Smoke,1622,384,1698,611
0201.png,76,92,Smoke,1769,309,1845,401
1617.png,122,78,Smoke,808,475,930,553
1051.png,101,107,Smoke,635,446,736,553
0507.png,153,109,Smoke,1767,447,1920,556
1199.png,57,57,Smoke,1773,313,1830,370
0979.png,179,109,Smoke,1741,456,1920,565
0692.png,174,109,Smoke,1746,449,1920,558
1009.png,76,250,Smoke,1615,390,1691,640
0678.png,99,59,Smoke,1692,576,1791,635
0238.png,95,176,Smoke,819,373,914,549
0346.png,76,92,Smoke,1768,310,1844,402
0856.png,32,158,Smoke,963,386,995,544
1619.png,141,67,Smoke,1759,377,1900,444
0607.png,80,48,Smoke,414,515,494,563
0880.png,99,59,Smoke,1688,578,1787,637
0065.png,34,116,Smoke,1433,432,1467,548
1621.png,50,128,Smoke,1431,412,1481,540
1308.png,101,107,Smoke,635,446,736,553
1256.png,111,246,Smoke,1032,308,1143,554
1719.png,32,170,Smoke,966,382,998,552
0070.png,65,197,Smoke,1618,421,1683,618
1423.png,90,67,Smoke,816,488,906,555
0167.png,95,176,Smoke,818,375,913,551
0320.png,95,139,Smoke,821,409,916,548
0915.png,124,174,Smoke,1253,379,1377,553
1433.png,130,227,Smoke,1023,322,1153,549
1611.png,50,128,Smoke,1431,412,1481,540
1491.png,80,48,Smoke,414,514,494,562
0430.png,107,221,Smoke,1021,318,1128,539
1435.png,29,218,Smoke,1164,335,1193,553
0752.png,55,80,Smoke,546,424,601,504
0910.png,143,71,Smoke,596,484,739,555
0350.png,50,116,Smoke,1431,426,1481,542
0919.png,32,158,Smoke,962,380,994,538
1461.png,50,128,Smoke,1431,412,1481,540
1075.png,80,48,Smoke,414,514,494,562
1316.png,179,109,Smoke,1741,458,1920,567
0083.png,50,116,Smoke,1433,433,1483,549
1362.png,32,170,Smoke,962,375,994,545
1412.png,90,67,Smoke,815,488,905,555
1523.png,57,57,Smoke,1760,304,1817,361
1467.png,50,128,Smoke,1431,412,1481,540
1568.png,80,48,Smoke,414,514,494,562
0237.png,107,221,Smoke,1021,323,1128,544
1025.png,76,118,Smoke,1769,317,1845,435
0654.png,23,113,Smoke,1214,465,1237,578
0795.png,76,118,Smoke,1772,302,1848,420
1624.png,29,218,Smoke,1161,337,1190,555
0168.png,76,92,Smoke,1768,309,1844,401
0731.png,124,174,Smoke,1251,378,1375,552
1534.png,29,218,Smoke,1164,344,1193,562
1311.png,130,227,Smoke,1019,325,1149,552
1598.png,76,227,Smoke,1622,383,1698,610
1339.png,76,250,Smoke,1616,380,1692,630
0088.png,57,57,Smoke,1773,313,1830,370
1677.png,181,109,Smoke,1739,457,1920,566
0815.png,124,174,Smoke,1251,379,1375,553
0399.png,23,113,Smoke,1214,464,1237,577
1582.png,180,109,Smoke,1740,458,1920,567
0390.png,65,197,Smoke,1617,421,1682,618
1592.png,80,48,Smoke,414,514,494,562
0452.png,107,221,Smoke,1023,318,1130,539
0103.png,57,48,Smoke,1704,577,1761,625
0482.png,65,197,Smoke,1617,420,1682,617
0807.png,124,174,Smoke,1251,379,1375,553
0013.png,76,92,Smoke,1733,310,1809,402
0710.png,109,179,Smoke,813,368,922,547
0500.png,95,155,Smoke,823,393,918,548
0818.png,174,109,Smoke,1746,450,1920,559
0346.png,55,46,Smoke,552,484,607,530
1045.png,55,80,Smoke,546,424,601,504
0261.png,23,113,Smoke,1214,464,1237,577
1256.png,124,174,Smoke,1255,377,1379,551
0903.png,107,179,Smoke,814,369,921,548
0941.png,55,80,Smoke,546,424,601,504
1488.png,155,48,Smoke,1719,581,1874,629
0357.png,57,57,Smoke,1773,313,1830,370
0923.png,32,158,Smoke,962,381,994,539
1705.png,155,48,Smoke,1722,579,1877,627
1582.png,76,227,Smoke,1622,383,1698,610
0913.png,80,48,Smoke,414,514,494,562
1009.png,55,80,Smoke,546,424,601,504
1209.png,76,250,Smoke,1613,390,1689,640
0123.png,145,116,Smoke,1226,427,1371,543
0208.png,107,221,Smoke,1021,323,1128,544
0399.png,50,116,Smoke,1431,428,1481,544
0953.png,111,233,Smoke,1027,316,1138,549
0618.png,76,118,Smoke,1771,308,1847,426
0726.png,57,57,Smoke,1773,313,1830,370
0269.png,55,46,Smoke,552,484,607,530
1768.png,155,48,Smoke,1722,579,1877,627
0791.png,109,179,Smoke,813,367,922,546
1265.png,57,57,Smoke,1773,313,1830,370
1521.png,32,170,Smoke,962,375,994,545
0925.png,143,95,Smoke,597,460,740,555
0864.png,57,57,Smoke,1773,313,1830,370
1239.png,23,113,Smoke,1212,466,1235,579
1241.png,99,59,Smoke,1688,575,1787,634
1419.png,101,107,Smoke,635,446,736,553
0490.png,150,109,Smoke,1770,446,1920,555
0042.png,65,197,Smoke,1603,423,1668,620
1507.png,29,218,Smoke,1163,333,1192,551
0203.png,107,221,Smoke,1021,324,1128,545
1753.png,128,246,Smoke,1025,316,1153,562
0564.png,29,218,Smoke,1163,357,1192,575
1679.png,181,109,Smoke,1739,457,1920,566
1508.png,141,67,Smoke,1756,376,1897,443
0243.png,55,84,Smoke,450,460,505,544
0737.png,76,250,Smoke,1610,394,1686,644
1110.png,23,113,Smoke,1214,469,1237,582
0697.png,80,48,Smoke,414,514,494,562
1083.png,179,109,Smoke,1741,456,1920,565
1061.png,55,80,Smoke,546,424,601,504
0812.png,57,57,Smoke,1773,313,1830,370
0274.png,147,86,Smoke,1773,454,1920,540
0075.png,145,116,Smoke,1226,427,1371,543
0596.png,80,48,Smoke,415,515,495,563
1089.png,55,80,Smoke,546,424,601,504
0675.png,124,174,Smoke,1251,378,1375,552
1042.png,76,250,Smoke,1614,391,1690,641
0236.png,141,147,Smoke,1231,408,1372,555
1572.png,132,155,Smoke,1245,396,1377,551
1180.png,84,67,Smoke,1761,378,1845,445
0082.png,95,176,Smoke,818,376,913,552
1274.png,80,48,Smoke,414,514,494,562
0063.png,149,97,Smoke,1771,458,1920,555
1763.png,128,246,Smoke,1025,316,1153,562
0574.png,97,120,Smoke,647,426,744,546
1529.png,55,80,Smoke,546,424,601,504
0445.png,57,57,Smoke,1773,313,1830,370
0876.png,23,113,Smoke,1214,469,1237,582
1498.png,57,57,Smoke,1759,305,1816,362
1647.png,122,78,Smoke,810,474,932,552
1050.png,50,128,Smoke,1431,421,1481,549
0943.png,50,128,Smoke,1431,424,1481,552
0175.png,76,92,Smoke,1768,309,1844,401
1233.png,57,57,Smoke,1773,313,1830,370
0687.png,50,128,Smoke,1433,423,1483,551
1091.png,74,74,Smoke,1771,361,1845,435
0327.png,69,59,Smoke,1690,578,1759,637
1423.png,155,48,Smoke,1718,577,1873,625
1557.png,29,218,Smoke,1163,345,1192,563
1672.png,155,48,Smoke,1722,579,1877,627
1783.png,80,57,Smoke,1760,298,1840,355
0853.png,50,128,Smoke,1431,426,1481,554
0262.png,141,147,Smoke,1232,408,1373,555
0030.png,57,57,Smoke,1773,313,1830,370
1184.png,23,113,Smoke,1213,469,1236,582
0637.png,97,120,Smoke,647,432,744,552
0780.png,124,174,Smoke,1251,379,1375,553
1031.png,50,128,Smoke,1431,422,1481,550
0818.png,55,80,Smoke,546,424,601,504
1574.png,32,170,Smoke,963,371,995,541
1256.png,99,59,Smoke,1689,575,1788,634
0403.png,76,105,Smoke,1770,311,1846,416
1048.png,50,128,Smoke,1431,421,1481,549
1477.png,103,55,Smoke,818,497,921,552
0682.png,174,109,Smoke,1746,449,1920,558
0382.png,65,197,Smoke,1617,421,1682,618
1602.png,29,218,Smoke,1163,335,1192,553
1266.png,130,227,Smoke,1016,328,1146,555
0555.png,50,128,Smoke,1434,421,1484,549
0868.png,99,59,Smoke,1689,577,1788,636
0536.png,32,158,Smoke,962,389,994,547
0228.png,32,158,Smoke,962,387,994,545
0492.png,55,80,Smoke,546,424,601,504
0471.png,55,80,Smoke,546,424,601,504
1437.png,181,109,Smoke,1739,458,1920,567
1585.png,29,218,Smoke,1163,337,1192,555
1303.png,179,109,Smoke,1741,458,1920,567
0579.png,111,221,Smoke,1021,322,1132,543
0713.png,124,174,Smoke,1251,378,1375,552
1055.png,29,218,Smoke,1163,351,1192,569
0590.png,65,218,Smoke,1620,397,1685,615
1433.png,141,67,Smoke,1759,375,1900,442
1631.png,122,78,Smoke,809,475,931,553
1704.png,80,48,Smoke,414,514,494,562
1661.png,32,170,Smoke,965,378,997,548
0519.png,95,155,Smoke,823,392,918,547
0269.png,57,57,Smoke,1773,313,1830,370
1030.png,57,57,Smoke,1773,313,1830,370
1431.png,76,227,Smoke,1619,383,1695,610
0202.png,50,116,Smoke,1432,426,1482,542
1457.png,130,227,Smoke,1023,322,1153,549
1730.png,99,55,Smoke,642,498,741,553
0373.png,65,197,Smoke,1616,422,1681,619
1504.png,29,218,Smoke,1165,333,1194,551
1519.png,76,227,Smoke,1621,384,1697,611
1234.png,124,174,Smoke,1255,377,1379,551
0511.png,124,174,Smoke,1250,378,1374,552
0996.png,23,113,Smoke,1214,467,1237,580
0095.png,107,195,Smoke,1022,357,1129,552
0716.png,29,218,Smoke,1163,355,1192,573
1014.png,80,48,Smoke,414,514,494,562
0921.png,32,158,Smoke,962,381,994,539
0032.png,65,197,Smoke,1591,423,1656,620
0630.png,23,113,Smoke,1214,465,1237,578
0061.png,76,92,Smoke,1769,309,1845,401
1757.png,99,55,Smoke,642,498,741,553
1186.png,57,57,Smoke,1773,313,1830,370
1146.png,99,59,Smoke,1688,574,1787,633
0384.png,144,113,Smoke,1776,445,1920,558
0452.png,86,107,Smoke,657,428,743,535
1516.png,32,170,Smoke,962,375,994,545
0757.png,80,48,Smoke,414,514,494,562
0253.png,57,57,Smoke,1773,313,1830,370
1602.png,76,227,Smoke,1622,383,1698,610
1010.png,179,109,Smoke,1741,458,1920,567
1328.png,29,218,Smoke,1164,335,1193,553
0038.png,29,170,Smoke,1148,401,1177,571
0316.png,55,84,Smoke,450,460,505,544
1349.png,101,107,Smoke,635,446,736,553
0502.png,55,80,Smoke,546,424,601,504
1039.png,97,151,Smoke,813,393,910,544
0019.png,95,176,Smoke,785,382,880,558
1790.png,180,109,Smoke,1740,458,1920,567
0695.png,65,250,Smoke,1620,397,1685,647
1554.png,55,80,Smoke,546,424,601,504
0277.png,32,158,Smoke,962,387,994,545
0849.png,57,57,Smoke,1773,313,1830,370
0753.png,99,59,Smoke,1693,575,1792,634
1593.png,111,76,Smoke,816,477,927,553
1241.png,179,109,Smoke,1741,458,1920,567
0373.png,76,92,Smoke,1767,310,1843,402
1728.png,180,109,Smoke,1740,455,1920,564
1432.png,50,128,Smoke,1431,414,1481,542
1453.png,76,227,Smoke,1620,382,1696,609
0334.png,76,92,Smoke,1768,310,1844,402
0535.png,161,109,Smoke,1759,450,1920,559
1482.png,55,80,Smoke,546,424,601,504
0369.png,95,139,Smoke,821,407,916,546
1620.png,80,57,Smoke,1763,302,1843,359
0842.png,107,179,Smoke,815,369,922,548
1299.png,50,128,Smoke,1431,418,1481,546
0118.png,149,97,Smoke,1771,453,1920,550
1331.png,23,151,Smoke,1212,426,1235,577
0104.png,148,97,Smoke,1772,457,1920,554
1351.png,130,227,Smoke,1022,325,1152,552
0307.png,95,139,Smoke,821,410,916,549
0333.png,76,95,Smoke,665,434,741,529
0527.png,69,59,Smoke,1688,578,1757,637
0582.png,57,57,Smoke,1773,313,1830,370
1167.png,101,107,Smoke,635,446,736,553
0172.png,145,116,Smoke,1226,427,1371,543
1602.png,122,78,Smoke,807,475,929,553
0819.png,80,48,Smoke,414,514,494,562
0400.png,65,197,Smoke,1617,421,1682,618
0592.png,57,57,Smoke,1773,313,1830,370
1462.png,132,155,Smoke,1247,397,1379,552
1184.png,111,246,Smoke,1032,308,1143,554
0814.png,107,179,Smoke,816,369,923,548
0409.png,57,57,Smoke,1773,313,1830,370
1379.png,92,57,Smoke,1754,305,1846,362
1402.png,50,128,Smoke,1431,414,1481,542
0636.png,65,218,Smoke,1620,397,1685,615
0115.png,95,176,Smoke,818,375,913,551
0120.png,48,34,Smoke,559,483,607,517
1043.png,97,151,Smoke,813,393,910,544
0705.png,76,118,Smoke,1772,304,1848,422
0601.png,80,48,Smoke,414,515,494,563
1216.png,23,113,Smoke,1213,468,1236,581
1057.png,99,59,Smoke,1686,576,1785,635
0178.png,23,113,Smoke,1214,464,1237,577
1523.png,181,109,Smoke,1739,457,1920,566
1610.png,23,151,Smoke,1211,422,1234,573
0128.png,48,34,Smoke,559,483,607,517
1263.png,32,158,Smoke,963,376,995,534
1312.png,50,128,Smoke,1431,419,1481,547
0496.png,124,174,Smoke,1251,378,1375,552
0311.png,55,46,Smoke,552,484,607,530
1779.png,141,67,Smoke,1761,371,1902,438
0922.png,111,233,Smoke,1026,317,1137,550
0280.png,69,59,Smoke,1691,577,1760,636
1562.png,23,151,Smoke,1212,423,1235,574
1696.png,128,246,Smoke,1022,313,1150,559
0237.png,32,158,Smoke,962,387,994,545
0188.png,57,57,Smoke,1773,313,1830,370
0941.png,99,59,Smoke,1688,578,1787,637
0857.png,32,158,Smoke,963,386,995,544
0357.png,55,46,Smoke,552,484,607,530
1285.png,179,109,Smoke,1741,458,1920,567
0992.png,50,128,Smoke,1431,425,1481,553
1511.png,57,57,Smoke,1761,304,1818,361
0093.png,29,218,Smoke,1164,351,1193,569
1037.png,76,250,Smoke,1615,391,1691,641
0492.png,29,218,Smoke,1163,356,1192,574
1231.png,101,107,Smoke,635,446,736,553
1657.png,141,67,Smoke,1759,373,1900,440
0319.png,69,59,Smoke,1690,578,1759,637
1697.png,99,55,Smoke,642,499,741,554
0167.png,57,48,Smoke,1704,577,1761,625
0413.png,32,158,Smoke,962,387,994,545
0478.png,23,113,Smoke,1214,464,1237,577
0559.png,107,221,Smoke,1026,320,1133,541
0882.png,23,113,Smoke,1214,468,1237,581
0132.png,74,99,Smoke,666,438,740,537
0367.png,32,158,Smoke,962,387,994,545
1064.png,99,59,Smoke,1687,575,1786,634
1259.png,179,109,Smoke,1741,458,1920,567
1502.png,130,227,Smoke,1024,319,1154,546
0697.png,124,174,Smoke,1251,379,1375,553
0683.png,99,59,Smoke,1691,576,1790,635
1410.png,101,107,Smoke,635,446,736,553
1610.png,132,155,Smoke,1246,397,1378,552
0811.png,23,113,Smoke,1214,468,1237,581
1210.png,99,59,Smoke,1687,574,1786,633
0310.png,55,84,Smoke,450,460,505,544
1281.png,23,113,Smoke,1212,466,1235,579
0517.png,29,218,Smoke,1163,356,1192,574
1251.png,55,80,Smoke,546,424,601,504
0464.png,69,59,Smoke,1689,578,1758,637
1192.png,80,48,Smoke,414,514,494,562
0282.png,69,86,Smoke,670,443,739,529
1726.png,76,227,Smoke,1623,383,1699,610
0597.png,23,113,Smoke,1214,465,1237,578
1058.png,23,113,Smoke,1214,468,1237,581
1268.png,84,67,Smoke,1760,375,1844,442
0335.png,144,113,Smoke,1776,443,1920,556
0570.png,97,120,Smoke,647,426,744,546
1242.png,57,57,Smoke,1773,313,1830,370
0377.png,23,113,Smoke,1214,464,1237,577
0890.png,76,250,Smoke,1613,391,1689,641
1580.png,32,170,Smoke,963,371,995,541
0245.png,141,147,Smoke,1232,408,1373,555
0386.png,107,221,Smoke,1022,319,1129,540
0663.png,174,109,Smoke,1746,449,1920,558
0838.png,99,59,Smoke,1690,577,1789,636
0067.png,149,97,Smoke,1771,458,1920,555
0726.png,124,174,Smoke,1251,378,1375,552
0149.png,57,57,Smoke,1773,313,1830,370
1683.png,50,128,Smoke,1431,412,1481,540
0827.png,76,118,Smoke,1771,302,1847,420
1330.png,80,48,Smoke,414,514,494,562
0897.png,124,174,Smoke,1252,379,1376,553
1754.png,132,155,Smoke,1246,399,1378,554
1526.png,111,76,Smoke,811,479,922,555
1138.png,57,57,Smoke,1773,313,1830,370
1584.png,57,57,Smoke,1762,304,1819,361
0705.png,174,109,Smoke,1746,449,1920,558
1090.png,74,74,Smoke,1770,361,1844,435
0353.png,95,139,Smoke,821,407,916,546
1727.png,55,80,Smoke,546,424,601,504
0414.png,55,80,Smoke,546,420,601,500
1744.png,29,218,Smoke,1161,345,1190,563
1483.png,132,155,Smoke,1247,396,1379,551
0215.png,55,84,Smoke,450,458,505,542
0982.png,76,118,Smoke,1769,317,1845,435
0774.png,50,128,Smoke,1431,424,1481,552
0013.png,34,116,Smoke,1403,434,1437,550
0467.png,124,174,Smoke,1250,378,1374,552
1358.png,50,128,Smoke,1431,415,1481,543
0401.png,107,221,Smoke,1021,318,1128,539
1139.png,32,158,Smoke,963,376,995,534
1511.png,57,57,Smoke,1761,304,1818,361
1404.png,76,227,Smoke,1616,381,1692,608
1326.png,130,227,Smoke,1021,323,1151,550
1299.png,55,80,Smoke,546,424,601,504
0905.png,143,71,Smoke,596,483,739,554
1472.png,32,170,Smoke,962,373,994,543
0493.png,149,109,Smoke,1771,446,1920,555
0501.png,107,221,Smoke,1024,318,1131,539
1339.png,101,107,Smoke,635,446,736,553
0959.png,99,59,Smoke,1688,578,1787,637
1504.png,141,67,Smoke,1757,376,1898,443
0248.png,95,176,Smoke,819,371,914,547
1461.png,141,67,Smoke,1757,374,1898,441
0012.png,23,113,Smoke,1214,464,1237,577
1590.png,130,227,Smoke,1026,312,1156,539
0136.png,148,97,Smoke,1772,452,1920,549
1689.png,29,218,Smoke,1161,332,1190,550
0772.png,111,233,Smoke,1019,321,1130,554
1267.png,130,227,Smoke,1016,328,1146,555
1523.png,132,155,Smoke,1247,398,1379,553
1730.png,50,128,Smoke,1431,412,1481,540
1244.png,29,218,Smoke,1163,331,1192,549
1565.png,113,57,Smoke,625,497,738,554
0772.png,55,80,Smoke,546,424,601,504
0332.png,23,113,Smoke,1214,464,1237,577
1581.png,181,109,Smoke,1739,458,1920,567
1330.png,141,67,Smoke,1759,375,1900,442
0086.png,29,218,Smoke,1165,353,1194,571
0223.png,143,86,Smoke,1777,458,1920,544
1343.png,130,227,Smoke,1022,325,1152,552
1765.png,50,128,Smoke,1431,413,1481,541
0664.png,109,155,Smoke,810,394,919,549
0102.png,74,99,Smoke,665,442,739,541
0258.png,107,221,Smoke,1022,323,1129,544
0738.png,76,250,Smoke,1610,394,1686,644
0427.png,23,113,Smoke,1214,464,1237,577
1670.png,184,109,Smoke,1736,457,1920,566
0298.png,69,59,Smoke,1690,577,1759,636
1010.png,99,59,Smoke,1688,577,1787,636
0432.png,65,197,Smoke,1617,423,1682,620
1364.png,101,107,Smoke,635,446,736,553
0482.png,124,174,Smoke,1250,378,1374,552
1639.png,80,57,Smoke,1761,302,1841,359
1288.png,90,67,Smoke,815,491,905,558
1344.png,128,59,Smoke,1691,576,1819,635
0557.png,124,174,Smoke,1250,378,1374,552
1761.png,55,80,Smoke,546,424,601,504
0214.png,57,57,Smoke,1773,313,1830,370
0801.png,80,48,Smoke,414,514,494,562
1348.png,90,67,Smoke,816,490,906,557
0262.png,69,86,Smoke,669,444,738,530
1241.png,57,57,Smoke,1773,313,1830,370
0473.png,124,174,Smoke,1250,378,1374,552
0691.png,50,128,Smoke,1433,423,1483,551
1063.png,97,151,Smoke,813,393,910,544
1540.png,23,151,Smoke,1212,424,1235,575
1028.png,50,128,Smoke,1431,422,1481,550
1216.png,80,48,Smoke,414,514,494,562
1285.png,29,218,Smoke,1164,335,1193,553
1236.png,76,250,Smoke,1614,389,1690,639
1243.png,76,250,Smoke,1613,389,1689,639
0328.png,76,95,Smoke,665,434,741,529
1286.png,57,57,Smoke,1773,313,1830,370
0583.png,124,174,Smoke,1251,378,1375,552
0859.png,76,250,Smoke,1615,392,1691,642
1667.png,80,57,Smoke,1759,301,1839,358
0326.png,57,57,Smoke,1773,313,1830,370
0645.png,174,109,Smoke,1746,449,1920,558
1122.png,99,57,Smoke,1771,391,1870,448
1370.png,90,67,Smoke,816,490,906,557
0196.png,57,57,Smoke,1773,313,1830,370
1676.png,184,109,Smoke,1736,456,1920,565
1309.png,55,80,Smoke,546,424,601,504
0510.png,107,221,Smoke,1024,319,1131,540
1368.png,57,57,Smoke,1759,296,1816,353
0651.png,97,120,Smoke,647,432,744,552
1133.png,111,246,Smoke,1030,307,1141,553
1173.png,80,48,Smoke,414,514,494,562
0664.png,111,221,Smoke,1020,323,1131,544
0254.png,107,221,Smoke,1022,323,1129,544
1458.png,55,80,Smoke,546,424,601,504
0714.png,174,109,Smoke,1746,449,1920,558
1196.png,97,151,Smoke,816,392,913,543
0067.png,32,158,Smoke,962,388,994,546
1436.png,50,128,Smoke,1431,413,1481,541
0585.png,111,221,Smoke,1021,320,1132,541
0647.png,55,80,Smoke,546,424,601,504
1451.png,57,57,Smoke,1758,305,1815,362
0287.png,95,176,Smoke,821,372,916,548
1706.png,122,78,Smoke,812,473,934,551
1192.png,84,67,Smoke,1761,376,1845,443
1513.png,50,128,Smoke,1431,412,1481,540
0026.png,57,57,Smoke,1773,313,1830,370
1030.png,101,107,Smoke,636,446,737,553
0438.png,95,139,Smoke,822,403,917,542
0876.png,80,48,Smoke,414,514,494,562
0848.png,76,250,Smoke,1615,392,1691,642
0188.png,50,116,Smoke,1433,426,1483,542
0752.png,124,174,Smoke,1251,379,1375,553
1510.png,182,109,Smoke,1738,457,1920,566
1530.png,29,218,Smoke,1164,342,1193,560
0316.png,76,95,Smoke,665,435,741,530
0948.png,23,113,Smoke,1214,468,1237,581
0629.png,23,113,Smoke,1214,465,1237,578
0426.png,124,174,Smoke,1250,378,1374,552
0774.png,124,174,Smoke,1251,379,1375,553
0855.png,80,48,Smoke,414,514,494,562
0955.png,55,80,Smoke,546,424,601,504
0361.png,76,95,Smoke,665,432,741,527
0089.png,148,97,Smoke,1772,456,1920,553
1739.png,132,155,Smoke,1246,397,1378,552
1396.png,23,151,Smoke,1212,422,1235,573
1708.png,99,55,Smoke,643,498,742,553
0487.png,55,80,Smoke,546,424,601,504
0957.png,32,158,Smoke,962,381,994,539
0186.png,76,92,Smoke,1768,309,1844,401
1789.png,155,48,Smoke,1722,579,1877,627
1499.png,80,48,Smoke,414,514,494,562
0564.png,124,174,Smoke,1250,378,1374,552
1597.png,80,48,Smoke,414,514,494,562
0952.png,23,113,Smoke,1214,469,1237,582
0347.png,55,84,Smoke,450,460,505,544
1014.png,29,218,Smoke,1163,353,1192,571
0452.png,55,80,Smoke,546,424,601,504
1391.png,29,218,Smoke,1164,335,1193,553
1633.png,113,57,Smoke,629,495,742,552
1678.png,76,227,Smoke,1623,382,1699,609
1315.png,55,80,Smoke,546,424,601,504
0047.png,107,195,Smoke,1014,355,1121,550
1163.png,29,218,Smoke,1164,333,1193,551
0597.png,55,80,Smoke,546,424,601,504
1571.png,55,80,Smoke,546,424,601,504
0246.png,107,221,Smoke,1021,321,1128,542
0249.png,76,92,Smoke,1768,309,1844,401
1770.png,76,258,Smoke,1624,383,1700,641
1759.png,128,246,Smoke,1025,316,1153,562
0700.png,99,59,Smoke,1692,576,1791,635
1049.png,80,48,Smoke,414,514,494,562
1676.png,55,80,Smoke,546,424,601,504
0639.png,23,113,Smoke,1213,465,1236,578
1074.png,74,74,Smoke,1770,361,1844,435
1313.png,179,109,Smoke,1741,458,1920,567
0955.png,80,48,Smoke,414,514,494,562
0178.png,50,116,Smoke,1432,429,1482,545
1146.png,97,151,Smoke,815,394,912,545
0330.png,95,139,Smoke,822,409,917,548
1052.png,55,80,Smoke,546,424,601,504
0494.png,97,120,Smoke,646,423,743,543
0876.png,55,80,Smoke,546,424,601,504
1218.png,80,48,Smoke,414,514,494,562
0403.png,107,221,Smoke,1021,318,1128,539
0109.png,55,143,Smoke,446,387,501,530
0031.png,57,48,Smoke,1677,579,1734,627
0092.png,55,143,Smoke,446,387,501,530
1357.png,141,67,Smoke,1759,375,1900,442
1693.png,155,48,Smoke,1722,579,1877,627
1667.png,132,155,Smoke,1246,397,1378,552
1012.png,32,158,Smoke,962,381,994,539
0626.png,99,59,Smoke,1692,576,1791,635
0927.png,143,95,Smoke,596,460,739,555
1039.png,32,158,Smoke,962,381,994,539
0154.png,55,143,Smoke,445,385,500,528
1081.png,124,174,Smoke,1253,377,1377,551
1550.png,170,57,Smoke,568,497,738,554
1416.png,141,67,Smoke,1759,374,1900,441
0588.png,169,109,Smoke,1751,450,1920,559
1695.png,141,67,Smoke,1762,372,1903,439
0799.png,23,113,Smoke,1214,467,1237,580
0747.png,76,250,Smoke,1610,394,1686,644
0530.png,97,120,Smoke,647,425,744,545
1681.png,141,67,Smoke,1761,373,1902,440
1098.png,76,250,Smoke,1615,391,1691,641
1511.png,23,151,Smoke,1212,423,1235,574
0737.png,80,48,Smoke,414,514,494,562
1093.png,124,174,Smoke,1253,377,1377,551
1127.png,32,158,Smoke,963,376,995,534
1466.png,180,109,Smoke,1740,457,1920,566
1497.png,50,128,Smoke,1431,412,1481,540
1661.png,80,57,Smoke,1760,301,1840,358
0412.png,95,139,Smoke,822,407,917,546
1036.png,86,160,Smoke,814,379,900,539
0115.png,107,195,Smoke,1022,354,1129,549
1015.png,57,57,Smoke,1773,313,1830,370
1201.png,55,80,Smoke,546,424,601,504
1515.png,32,170,Smoke,962,375,994,545
0118.png,107,195,Smoke,1022,353,1129,548
0175.png,32,158,Smoke,962,387,994,545
1129.png,32,158,Smoke,963,376,995,534
0695.png,32,158,Smoke,963,390,995,548
0958.png,55,80,Smoke,546,424,601,504
0867.png,170,90,Smoke,567,465,737,555
1335.png,29,218,Smoke,1164,336,1193,554
1349.png,124,174,Smoke,1256,377,1380,551
0684.png,109,155,Smoke,811,394,920,549
0028.png,29,170,Smoke,1140,381,1169,551
0215.png,32,158,Smoke,962,387,994,545
1106.png,23,113,Smoke,1214,470,1237,583
0449.png,65,197,Smoke,1617,422,1682,619
1718.png,80,48,Smoke,414,514,494,562
0347.png,50,116,Smoke,1431,426,1481,542
1692.png,132,155,Smoke,1247,397,1379,552
0470.png,29,218,Smoke,1163,355,1192,573
0181.png,29,218,Smoke,1163,348,1192,566
1615.png,80,48,Smoke,414,514,494,562
0356.png,76,92,Smoke,1768,310,1844,402
1302.png,29,218,Smoke,1164,335,1193,553
0904.png,76,250,Smoke,1613,390,1689,640
1788.png,80,57,Smoke,1760,298,1840,355
1782.png,141,67,Smoke,1761,371,1902,438
1515.png,76,227,Smoke,1621,384,1697,611
0266.png,32,158,Smoke,962,387,994,545
0740.png,29,218,Smoke,1163,355,1192,573
0809.png,107,179,Smoke,815,367,922,546
1068.png,111,246,Smoke,1027,310,1138,556
1771.png,128,246,Smoke,1025,316,1153,562
1590.png,50,128,Smoke,1431,412,1481,540
1088.png,97,151,Smoke,814,393,911,544
0924.png,124,174,Smoke,1252,379,1376,553
1247.png,80,48,Smoke,414,514,494,562
0651.png,99,59,Smoke,1692,575,1791,634
0499.png,153,109,Smoke,1767,447,1920,556
0553.png,50,128,Smoke,1435,421,1485,549
1122.png,57,57,Smoke,1773,313,1830,370
0762.png,99,59,Smoke,1692,576,1791,635
1631.png,132,155,Smoke,1247,397,1379,552
0670.png,65,218,Smoke,1620,397,1685,615
1261.png,76,250,Smoke,1614,387,1690,637
0363.png,69,59,Smoke,1691,580,1760,639
0560.png,23,113,Smoke,1214,465,1237,578
1440.png,80,48,Smoke,414,514,494,562
1356.png,128,59,Smoke,1692,577,1820,636
1656.png,183,109,Smoke,1737,457,1920,566
0703.png,109,179,Smoke,813,368,922,547
1338.png,57,57,Smoke,1773,313,1830,370
0523.png,161,109,Smoke,1759,448,1920,557
0929.png,76,118,Smoke,1769,316,1845,434
1574.png,23,151,Smoke,1212,424,1235,575
0244.png,29,218,Smoke,1162,366,1191,584
1482.png,76,227,Smoke,1620,384,1696,611
1691.png,55,80,Smoke,546,424,601,504
1014.png,86,160,Smoke,814,379,900,539
0295.png,32,158,Smoke,962,387,994,545
0121.png,65,197,Smoke,1617,422,1682,619
0349.png,29,218,Smoke,1163,359,1192,577
0188.png,29,218,Smoke,1162,364,1191,582
1710.png,180,109,Smoke,1740,456,1920,565
0243.png,76,92,Smoke,1769,309,1845,401
0652.png,174,109,Smoke,1746,449,1920,558
0113.png,57,48,Smoke,1705,577,1762,625
1584.png,155,48,Smoke,1722,581,1877,629
0414.png,29,218,Smoke,1162,357,1191,575
0782.png,111,233,Smoke,1019,321,1130,554
0317.png,50,116,Smoke,1431,427,1481,543
1421.png,57,57,Smoke,1755,305,1812,362
0668.png,149,71,Smoke,589,487,738,558
0338.png,32,158,Smoke,962,387,994,545
1748.png,80,48,Smoke,414,514,494,562
0437.png,142,109,Smoke,1778,450,1920,559
0957.png,179,109,Smoke,1741,456,1920,565
0019.png,29,170,Smoke,1137,379,1166,549
0925.png,124,174,Smoke,1252,379,1376,553
1629.png,80,57,Smoke,1763,302,1843,359
1146.png,23,113,Smoke,1213,473,1236,586
0192.png,95,176,Smoke,819,375,914,551
0539.png,95,155,Smoke,824,394,919,549
1768.png,80,57,Smoke,1759,298,1839,355
0481.png,57,57,Smoke,1773,313,1830,370
0835.png,29,218,Smoke,1163,355,1192,573
1098.png,50,128,Smoke,1431,422,1481,550
1283.png,57,57,Smoke,1773,313,1830,370
0912.png,76,118,Smoke,1770,316,1846,434
1283.png,90,67,Smoke,815,493,905,560
1292.png,179,109,Smoke,1741,458,1920,567
0616.png,57,57,Smoke,1773,313,1830,370
1747.png,76,258,Smoke,1624,381,1700,639
1219.png,124,174,Smoke,1255,377,1379,551
0040.png,34,116,Smoke,1419,433,1453,549
0020.png,151,97,Smoke,1742,463,1893,560
0819.png,99,59,Smoke,1689,577,1788,636
0454.png,50,116,Smoke,1431,428,1481,544
0506.png,32,158,Smoke,962,387,994,545
1585.png,181,109,Smoke,1739,458,1920,567
0775.png,174,109,Smoke,1746,449,1920,558
0785.png,109,179,Smoke,813,367,922,546
1093.png,76,250,Smoke,1615,391,1691,641
1503.png,57,57,Smoke,1760,304,1817,361
0882.png,29,218,Smoke,1163,355,1192,573
1399.png,155,48,Smoke,1718,577,1873,625
0932.png,124,174,Smoke,1252,379,1376,553
0146.png,95,176,Smoke,818,378,913,554
0504.png,76,118,Smoke,1771,309,1847,427
0750.png,160,57,Smoke,580,501,740,558
1154.png,50,128,Smoke,1431,421,1481,549
0861.png,23,113,Smoke,1214,469,1237,582
1534.png,141,67,Smoke,1758,377,1899,444
0128.png,107,195,Smoke,1021,352,1128,547
0217.png,29,218,Smoke,1162,368,1191,586
0943.png,143,95,Smoke,595,460,738,555
1092.png,101,107,Smoke,635,446,736,553
0568.png,57,57,Smoke,1773,313,1830,370
0547.png,32,158,Smoke,962,389,994,547
1371.png,55,80,Smoke,546,424,601,504
0227.png,141,147,Smoke,1231,408,1372,555
0443.png,55,84,Smoke,450,460,505,544
0630.png,170,109,Smoke,1750,450,1920,559
0977.png,55,80,Smoke,546,424,601,504
0742.png,29,218,Smoke,1163,355,1192,573
0961.png,124,174,Smoke,1253,379,1377,553
0416.png,32,158,Smoke,962,387,994,545
1274.png,55,80,Smoke,546,424,601,504
0448.png,69,59,Smoke,1690,577,1759,636
1164.png,57,57,Smoke,1773,313,1830,370
0896.png,76,118,Smoke,1770,317,1846,435
0497.png,50,116,Smoke,1431,428,1481,544
0594.png,50,128,Smoke,1434,423,1484,551
0885.png,32,158,Smoke,964,386,996,544
1136.png,99,59,Smoke,1688,573,1787,632
0333.png,124,174,Smoke,1250,378,1374,552
1764.png,80,48,Smoke,414,514,494,562
0810.png,50,128,Smoke,1432,425,1482,553
1025.png,111,233,Smoke,1027,311,1138,544
0782.png,99,59,Smoke,1692,576,1791,635
1223.png,111,246,Smoke,1032,307,1143,553
0187.png,65,197,Smoke,1616,420,1681,617
0835.png,76,250,Smoke,1616,394,1692,644
0637.png,99,59,Smoke,1692,575,1791,634
0265.png,65,197,Smoke,1617,424,1682,621
1587.png,32,170,Smoke,963,372,995,542
1654.png,113,57,Smoke,629,495,742,552
0881.png,55,80,Smoke,546,424,601,504
1369.png,181,109,Smoke,1739,460,1920,569
0756.png,76,118,Smoke,1772,303,1848,421
1056.png,179,109,Smoke,1741,457,1920,566
0568.png,23,113,Smoke,1214,465,1237,578
0753.png,50,128,Smoke,1432,424,1482,552
0535.png,76,118,Smoke,1771,310,1847,428
0110.png,107,195,Smoke,1022,353,1129,548
0813.png,76,118,Smoke,1772,302,1848,420
0278.png,32,158,Smoke,962,387,994,545
1326.png,141,67,Smoke,1761,375,1902,442
1054.png,111,246,Smoke,1027,310,1138,556
0888.png,107,179,Smoke,814,369,921,548
1165.png,97,151,Smoke,816,393,913,544
0762.png,111,221,Smoke,1019,321,1130,542
0149.png,95,176,Smoke,818,377,913,553
1117.png,124,174,Smoke,1254,377,1378,551
0841.png,124,174,Smoke,1251,379,1375,553
1434.png,23,151,Smoke,1212,423,1235,574
0290.png,29,218,Smoke,1163,356,1192,574
1327.png,141,67,Smoke,1759,376,1900,443
0979.png,99,59,Smoke,1688,577,1787,636
1714.png,99,55,Smoke,642,498,741,553
0527.png,65,197,Smoke,1617,423,1682,620
0454.png,57,57,Smoke,1773,313,1830,370
1189.png,84,67,Smoke,1761,378,1845,445
0342.png,69,59,Smoke,1690,579,1759,638
0462.png,65,197,Smoke,1617,422,1682,619
1592.png,55,80,Smoke,546,424,601,504
0994.png,32,158,Smoke,962,381,994,539
0671.png,124,174,Smoke,1251,378,1375,552
0654.png,99,59,Smoke,1692,575,1791,634
1036.png,23,113,Smoke,1214,467,1237,580
0657.png,29,218,Smoke,1163,358,1192,576
0261.png,32,158,Smoke,962,387,994,545
1140.png,23,113,Smoke,1213,472,1236,585
0962.png,99,59,Smoke,1688,577,1787,636
0581.png,80,48,Smoke,415,515,495,563
0326.png,55,84,Smoke,450,460,505,544
0207.png,69,59,Smoke,1691,577,1760,636
1605.png,130,227,Smoke,1026,311,1156,538
0202.png,57,57,Smoke,1773,313,1830,370
1740.png,80,57,Smoke,1759,299,1839,356
1547.png,32,170,Smoke,962,373,994,543
1039.png,57,57,Smoke,1773,313,1830,370
1517.png,170,57,Smoke,568,498,738,555
0013.png,65,197,Smoke,1583,422,1648,619
1242.png,124,174,Smoke,1255,376,1379,550
1756.png,32,170,Smoke,966,384,998,554
0922.png,101,160,Smoke,813,385,914,545
0216.png,95,176,Smoke,820,375,915,551
1488.png,76,227,Smoke,1620,384,1696,611
0336.png,29,218,Smoke,1163,358,1192,576
1598.png,113,57,Smoke,629,497,742,554
0218.png,55,46,Smoke,552,484,607,530
1003.png,50,128,Smoke,1431,423,1481,551
1378.png,155,48,Smoke,1718,577,1873,625
0415.png,69,59,Smoke,1690,578,1759,637
1322.png,141,67,Smoke,1760,376,1901,443
0590.png,29,218,Smoke,1163,355,1192,573
0194.png,76,92,Smoke,1768,309,1844,401
0905.png,107,179,Smoke,815,369,922,548
1269.png,32,158,Smoke,963,376,995,534
0089.png,23,113,Smoke,1214,464,1237,577
0719.png,109,179,Smoke,813,368,922,547
0160.png,149,97,Smoke,1771,450,1920,547
0171.png,74,99,Smoke,666,433,740,532
1084.png,55,80,Smoke,546,424,601,504
0253.png,23,113,Smoke,1214,464,1237,577
1681.png,23,151,Smoke,1210,420,1233,571
0590.png,23,113,Smoke,1214,465,1237,578
1192.png,124,174,Smoke,1254,377,1378,551
1244.png,23,113,Smoke,1212,467,1235,580
1585.png,57,57,Smoke,1761,304,1818,361
0940.png,32,158,Smoke,962,381,994,539
0410.png,23,113,Smoke,1214,464,1237,577
0092.png,50,116,Smoke,1433,433,1483,549
0715.png,109,179,Smoke,813,368,922,547
0664.png,23,113,Smoke,1213,465,1236,578
0914.png,111,233,Smoke,1025,318,1136,551
0563.png,163,109,Smoke,1757,450,1920,559
0601.png,50,128,Smoke,1434,423,1484,551
1231.png,50,128,Smoke,1431,419,1481,547
1081.png,101,107,Smoke,635,446,736,553
1417.png,90,67,Smoke,816,489,906,556
0386.png,50,116,Smoke,1431,427,1481,543
0943.png,32,158,Smoke,962,381,994,539
0572.png,97,120,Smoke,647,426,744,546
1707.png,80,48,Smoke,414,514,494,562
1783.png,122,78,Smoke,814,476,936,554
1210.png,101,107,Smoke,635,446,736,553
0001.png,34,116,Smoke,1403,433,1437,549
0244.png,141,147,Smoke,1232,408,1373,555
1152.png,101,107,Smoke,635,446,736,553
1480.png,170,57,Smoke,563,502,733,559
0317.png,107,221,Smoke,1021,321,1128,542
1638.png,132,155,Smoke,1247,397,1379,552
1373.png,130,227,Smoke,1022,322,1152,549
0684.png,99,59,Smoke,1691,576,1790,635
1367.png,141,67,Smoke,1759,375,1900,442
0097.png,29,218,Smoke,1164,351,1193,569
0717.png,160,57,Smoke,580,501,740,558
1255.png,97,82,Smoke,815,459,912,541
0456.png,142,109,Smoke,1778,450,1920,559
1791.png,55,80,Smoke,546,424,601,504
0321.png,95,139,Smoke,822,409,917,548
0393.png,32,158,Smoke,962,387,994,545
0431.png,32,158,Smoke,962,387,994,545
1358.png,179,109,Smoke,1741,459,1920,568
0307.png,146,113,Smoke,1774,445,1920,558
1027.png,50,128,Smoke,1431,422,1481,550
1292.png,50,128,Smoke,1431,417,1481,545
0780.png,170,67,Smoke,569,489,739,556
1387.png,181,109,Smoke,1739,458,1920,567
0071.png,48,34,Smoke,559,483,607,517
0814.png,23,113,Smoke,1214,468,1237,581
0430.png,29,218,Smoke,1163,357,1192,575
1365.png,76,227,Smoke,1615,382,1691,609
0944.png,76,118,Smoke,1769,316,1845,434
0849.png,124,174,Smoke,1251,379,1375,553
0532.png,107,221,Smoke,1024,321,1131,542
1371.png,29,218,Smoke,1164,337,1193,555
1143.png,101,107,Smoke,635,446,736,553
0178.png,57,48,Smoke,1704,577,1761,625
0113.png,95,176,Smoke,817,375,912,551
0952.png,76,250,Smoke,1613,389,1689,639
1442.png,55,80,Smoke,546,424,601,504
1069.png,50,128,Smoke,1431,422,1481,550
1760.png,29,218,Smoke,1161,339,1190,557
0833.png,174,109,Smoke,1746,450,1920,559
0487.png,107,221,Smoke,1023,316,1130,537
0468.png,50,116,Smoke,1431,428,1481,544
0065.png,57,57,Smoke,1773,313,1830,370
0433.png,55,84,Smoke,450,460,505,544
1779.png,80,57,Smoke,1760,298,1840,355
0608.png,80,48,Smoke,414,516,494,564
1035.png,86,160,Smoke,814,379,900,539
0525.png,32,158,Smoke,963,387,995,545
0907.png,111,233,Smoke,1024,318,1135,551
1541.png,130,227,Smoke,1025,314,1155,541
1624.png,113,57,Smoke,630,497,743,554
0031.png,65,197,Smoke,1590,422,1655,619
0916.png,50,128,Smoke,1431,424,1481,552
0725.png,160,57,Smoke,580,501,740,558
0572.png,65,218,Smoke,1618,397,1683,615
0812.png,80,48,Smoke,414,514,494,562
0567.png,124,174,Smoke,1250,378,1374,552
1794.png,122,78,Smoke,814,476,936,554
1194.png,50,128,Smoke,1431,420,1481,548
0382.png,76,92,Smoke,1767,310,1843,402
1173.png,124,174,Smoke,1254,377,1378,551
0916.png,101,160,Smoke,813,387,914,547
1041.png,101,107,Smoke,635,446,736,553
1091.png,55,80,Smoke,546,424,601,504
0926.png,57,57,Smoke,1773,313,1830,370
1019.png,76,250,Smoke,1615,390,1691,640
1479.png,103,55,Smoke,817,499,920,554
0284.png,107,221,Smoke,1021,323,1128,544
0641.png,50,128,Smoke,1434,425,1484,553
1002.png,23,113,Smoke,1214,466,1237,579
0902.png,174,109,Smoke,1746,452,1920,561
1229.png,179,109,Smoke,1741,458,1920,567
0642.png,124,174,Smoke,1251,378,1375,552
0877.png,111,233,Smoke,1021,316,1132,549
0906.png,99,59,Smoke,1687,576,1786,635
0389.png,65,197,Smoke,1617,422,1682,619
1595.png,32,170,Smoke,964,372,996,542
1528.png,170,57,Smoke,568,498,738,555
0442.png,65,197,Smoke,1617,422,1682,619
1131.png,23,113,Smoke,1214,470,1237,583
1739.png,80,57,Smoke,1759,299,1839,356
1458.png,80,48,Smoke,414,514,494,562
0663.png,124,174,Smoke,1251,378,1375,552
0183.png,146,97,Smoke,1774,449,1920,546
0808.png,50,128,Smoke,1431,425,1481,553
0378.png,95,139,Smoke,821,409,916,548
0964.png,99,59,Smoke,1688,577,1787,636
0839.png,23,113,Smoke,1214,469,1237,582
1268.png,179,109,Smoke,1741,458,1920,567
1659.png,132,155,Smoke,1246,397,1378,552
0186.png,74,99,Smoke,665,432,739,531
1439.png,181,109,Smoke,1739,457,1920,566
0477.png,29,218,Smoke,1163,356,1192,574
0905.png,57,57,Smoke,1773,313,1830,370
0400.png,32,158,Smoke,962,386,994,544
1451.png,23,151,Smoke,1212,422,1235,573
0619.png,29,218,Smoke,1163,357,1192,575
1238.png,179,109,Smoke,1741,458,1920,567
0324.png,95,139,Smoke,822,409,917,548
1044.png,29,218,Smoke,1163,353,1192,571
1546.png,80,48,Smoke,414,514,494,562
1546.png,132,155,Smoke,1247,398,1379,553
0509.png,65,197,Smoke,1617,421,1682,618
1191.png,55,80,Smoke,546,424,601,504
0181.png,32,158,Smoke,962,387,994,545
0424.png,69,59,Smoke,1690,578,1759,637
1710.png,32,170,Smoke,966,380,998,550
0980.png,118,107,Smoke,619,446,737,553
0675.png,76,118,Smoke,1772,304,1848,422
0391.png,95,139,Smoke,821,409,916,548
1022.png,32,158,Smoke,962,381,994,539
0602.png,65,218,Smoke,1620,397,1685,615
0653.png,57,57,Smoke,1773,313,1830,370
1639.png,113,57,Smoke,629,495,742,552
1319.png,80,48,Smoke,414,514,494,562
0771.png,80,48,Smoke,414,514,494,562
0648.png,80,48,Smoke,415,514,495,562
1565.png,29,218,Smoke,1163,342,1192,560
1173.png,32,158,Smoke,963,376,995,534
0973.png,101,160,Smoke,812,381,913,541
1016.png,101,107,Smoke,636,446,737,553
1057.png,57,57,Smoke,1773,313,1830,370
0255.png,107,221,Smoke,1022,323,1129,544
1762.png,155,48,Smoke,1722,579,1877,627
0404.png,57,57,Smoke,1773,313,1830,370
0248.png,141,147,Smoke,1231,408,1372,555
1376.png,80,48,Smoke,414,514,494,562
1796.png,132,155,Smoke,1246,399,1378,554
1672.png,32,170,Smoke,966,380,998,550
1391.png,130,227,Smoke,1022,324,1152,551
1280.png,50,128,Smoke,1431,418,1481,546
1150.png,57,57,Smoke,1773,313,1830,370
1061.png,111,246,Smoke,1028,309,1139,555
0029.png,145,116,Smoke,1199,429,1344,545
0319.png,76,92,Smoke,1768,310,1844,402
0747.png,124,174,Smoke,1251,379,1375,553
0623.png,97,120,Smoke,647,429,744,549
0289.png,50,116,Smoke,1431,429,1481,545
1141.png,29,218,Smoke,1164,331,1193,549
1244.png,179,109,Smoke,1741,458,1920,567
0297.png,55,84,Smoke,449,460,504,544
1386.png,141,67,Smoke,1759,374,1900,441
1189.png,29,218,Smoke,1164,333,1193,551
0110.png,76,92,Smoke,1768,310,1844,402
0882.png,124,174,Smoke,1252,379,1376,553
0162.png,57,48,Smoke,1704,577,1761,625
0630.png,57,57,Smoke,1773,313,1830,370
0322.png,107,221,Smoke,1020,320,1127,541
0611.png,57,57,Smoke,1773,313,1830,370
1116.png,99,59,Smoke,1690,575,1789,634
0936.png,80,48,Smoke,414,514,494,562
0681.png,23,113,Smoke,1213,465,1236,578
0509.png,32,158,Smoke,962,387,994,545
0986.png,101,160,Smoke,812,379,913,539
0988.png,32,158,Smoke,962,381,994,539
0931.png,143,95,Smoke,595,460,738,555
0896.png,55,80,Smoke,546,424,601,504
1701.png,23,151,Smoke,1210,419,1233,570
0152.png,48,34,Smoke,559,483,607,517
0750.png,99,59,Smoke,1692,575,1791,634
0223.png,76,92,Smoke,1769,309,1845,401
1510.png,130,227,Smoke,1024,319,1154,546
0750.png,32,158,Smoke,963,388,995,546
1313.png,84,67,Smoke,1760,375,1844,442
0325.png,76,95,Smoke,665,434,741,529
1780.png,80,57,Smoke,1760,298,1840,355
0965.png,76,250,Smoke,1615,390,1691,640
0332.png,55,84,Smoke,450,460,505,544
0942.png,50,128,Smoke,1431,424,1481,552
1323.png,101,107,Smoke,635,446,736,553
1658.png,130,227,Smoke,1027,311,1157,538
1705.png,76,227,Smoke,1623,382,1699,609
1257.png,76,250,Smoke,1614,387,1690,637
0197.png,107,221,Smoke,1021,325,1128,546
0419.png,50,116,Smoke,1431,428,1481,544
0511.png,32,158,Smoke,962,387,994,545
0298.png,76,92,Smoke,1768,310,1844,402
0002.png,65,197,Smoke,1582,421,1647,618
0194.png,29,218,Smoke,1162,366,1191,584
0591.png,111,221,Smoke,1020,321,1131,542
1150.png,111,246,Smoke,1029,308,1140,554
0804.png,57,57,Smoke,1773,313,1830,370
0924.png,50,128,Smoke,1431,424,1481,552
1296.png,84,67,Smoke,1760,375,1844,442
1696.png,141,67,Smoke,1761,372,1902,439
0116.png,107,195,Smoke,1022,354,1129,549
0656.png,55,80,Smoke,546,424,601,504
0795.png,23,113,Smoke,1214,467,1237,580
1623.png,181,109,Smoke,1739,457,1920,566
0917.png,99,59,Smoke,1687,576,1786,635
0677.png,149,57,Smoke,590,500,739,557
1025.png,86,160,Smoke,814,379,900,539
1133.png,32,158,Smoke,963,376,995,534
0700.png,50,128,Smoke,1433,422,1483,550
1798.png,128,246,Smoke,1025,323,1153,569
1508.png,103,55,Smoke,819,501,922,556
0568.png,50,128,Smoke,1435,423,1485,551
1758.png,132,155,Smoke,1246,398,1378,553
1706.png,55,80,Smoke,546,424,601,504
0102.png,23,113,Smoke,1214,464,1237,577
1028.png,76,250,Smoke,1615,391,1691,641
1778.png,128,246,Smoke,1025,317,1153,563
1488.png,180,109,Smoke,1740,457,1920,566
0154.png,95,176,Smoke,818,376,913,552
0736.png,23,113,Smoke,1213,467,1236,580
1672.png,55,80,Smoke,546,424,601,504
1108.png,55,80,Smoke,546,424,601,504
0585.png,80,48,Smoke,415,515,495,563
1503.png,50,128,Smoke,1431,412,1481,540
0371.png,50,116,Smoke,1431,427,1481,543
0726.png,76,118,Smoke,1771,304,1847,422
1005.png,179,109,Smoke,1741,456,1920,565
1770.png,80,48,Smoke,414,514,494,562
0671.png,65,218,Smoke,1620,396,1685,614
0170.png,57,48,Smoke,1704,577,1761,625
0972.png,55,80,Smoke,546,424,601,504
1071.png,23,113,Smoke,1214,468,1237,581
0776.png,160,57,Smoke,580,501,740,558
0192.png,29,218,Smoke,1162,366,1191,584
0332.png,55,46,Smoke,552,484,607,530
0429.png,69,59,Smoke,1690,578,1759,637
1506.png,29,218,Smoke,1165,334,1194,552
1061.png,179,109,Smoke,1741,457,1920,566
1526.png,50,128,Smoke,1431,412,1481,540
0578.png,76,118,Smoke,1770,307,1846,425
1080.png,74,74,Smoke,1769,361,1843,435
1444.png,50,128,Smoke,1431,412,1481,540
1153.png,111,246,Smoke,1029,307,1140,553
1449.png,32,170,Smoke,962,373,994,543
0661.png,32,158,Smoke,963,389,995,547
1474.png,29,218,Smoke,1164,333,1193,551
1062.png,55,80,Smoke,546,424,601,504
1169.png,29,218,Smoke,1164,333,1193,551
0672.png,99,59,Smoke,1692,576,1791,635
1744.png,80,48,Smoke,414,514,494,562
1731.png,55,80,Smoke,546,424,601,504
1675.png,155,48,Smoke,1722,579,1877,627
0528.png,160,109,Smoke,1760,449,1920,558
0329.png,124,174,Smoke,1250,378,1374,552
1636.png,23,151,Smoke,1210,422,1233,573
0127.png,29,218,Smoke,1164,348,1193,566
0834.png,107,179,Smoke,815,369,922,548
1765.png,80,48,Smoke,414,514,494,562
1046.png,80,48,Smoke,414,514,494,562
0031.png,48,34,Smoke,559,483,607,517
1705.png,32,170,Smoke,966,380,998,550
0442.png,76,118,Smoke,1771,311,1847,429
1223.png,99,59,Smoke,1687,574,1786,633
0161.png,65,197,Smoke,1617,420,1682,617
0250.png,95,176,Smoke,819,371,914,547
0886.png,76,118,Smoke,1770,317,1846,435
0550.png,80,48,Smoke,415,514,495,562
1492.png,155,48,Smoke,1719,581,1874,629
0029.png,55,143,Smoke,419,394,474,537
1130.png,50,128,Smoke,1431,421,1481,549
0491.png,57,57,Smoke,1773,313,1830,370
1661.png,141,67,Smoke,1759,373,1900,440
0032.png,23,113,Smoke,1214,464,1237,577
1053.png,74,74,Smoke,1769,361,1843,435
0277.png,76,92,Smoke,1768,310,1844,402
1382.png,55,80,Smoke,546,424,601,504
0905.png,174,109,Smoke,1746,452,1920,561
0782.png,32,158,Smoke,963,388,995,546
0133.png,23,113,Smoke,1214,464,1237,577
1404.png,55,80,Smoke,546,424,601,504
0670.png,174,109,Smoke,1746,449,1920,558
1256.png,50,128,Smoke,1431,417,1481,545
1215.png,99,59,Smoke,1687,574,1786,633
0481.png,29,218,Smoke,1163,354,1192,572
0126.png,76,92,Smoke,1769,310,1845,402
1330.png,29,218,Smoke,1164,335,1193,553
0265.png,143,86,Smoke,1777,457,1920,543
0988.png,29,218,Smoke,1163,353,1192,571
0389.png,29,218,Smoke,1163,357,1192,575
0982.png,118,107,Smoke,619,448,737,555
0314.png,95,139,Smoke,821,409,916,548
1572.png,113,57,Smoke,625,497,738,554
0598.png,55,80,Smoke,546,424,601,504
0106.png,65,197,Smoke,1618,423,1683,620
0816.png,76,250,Smoke,1615,394,1691,644
0528.png,76,118,Smoke,1771,309,1847,427
0309.png,50,116,Smoke,1431,428,1481,544
1000.png,32,158,Smoke,962,381,994,539
0381.png,124,174,Smoke,1250,378,1374,552
0207.png,55,46,Smoke,552,484,607,530
0902.png,76,118,Smoke,1770,317,1846,435
0840.png,174,109,Smoke,1746,450,1920,559
0239.png,76,92,Smoke,1768,309,1844,401
1320.png,130,227,Smoke,1019,324,1149,551
1484.png,29,218,Smoke,1164,333,1193,551
0645.png,76,118,Smoke,1771,305,1847,423
0053.png,34,116,Smoke,1431,431,1465,547
0266.png,76,92,Smoke,1768,309,1844,401
0469.png,76,118,Smoke,1771,310,1847,428
1454.png,29,218,Smoke,1164,333,1193,551
1095.png,74,74,Smoke,1771,361,1845,435
1454.png,55,80,Smoke,546,424,601,504
1669.png,32,170,Smoke,966,378,998,548
1205.png,99,59,Smoke,1687,574,1786,633
0138.png,23,113,Smoke,1214,464,1237,577
1608.png,29,218,Smoke,1163,337,1192,555
1230.png,179,109,Smoke,1741,458,1920,567
1653.png,113,57,Smoke,629,495,742,552
0752.png,109,179,Smoke,813,368,922,547
1469.png,130,227,Smoke,1024,322,1154,549
1576.png,130,227,Smoke,1025,311,1155,538
0963.png,179,109,Smoke,1741,457,1920,566
0847.png,57,57,Smoke,1773,313,1830,370
0131.png,23,113,Smoke,1214,464,1237,577
0095.png,23,113,Smoke,1214,464,1237,577
0046.png,57,57,Smoke,1773,313,1830,370
1079.png,99,59,Smoke,1688,575,1787,634
0399.png,29,218,Smoke,1163,357,1192,575
1161.png,23,113,Smoke,1213,471,1236,584
0391.png,124,174,Smoke,1250,378,1374,552
1168.png,179,109,Smoke,1741,457,1920,566
1235.png,76,250,Smoke,1614,389,1690,639
1668.png,113,57,Smoke,630,494,743,551
1181.png,32,158,Smoke,963,376,995,534
1075.png,97,151,Smoke,814,393,911,544
1601.png,76,227,Smoke,1622,384,1698,611
1005.png,124,174,Smoke,1253,379,1377,553
0373.png,76,95,Smoke,666,432,742,527
0427.png,57,57,Smoke,1773,313,1830,370
1212.png,55,80,Smoke,546,424,601,504
0342.png,55,84,Smoke,450,460,505,544
1798.png,132,155,Smoke,1246,399,1378,554
1010.png,76,250,Smoke,1615,390,1691,640
1742.png,50,128,Smoke,1431,412,1481,540
0321.png,29,218,Smoke,1163,356,1192,574
1745.png,132,155,Smoke,1246,397,1378,552
1529.png,170,57,Smoke,568,498,738,555
0395.png,95,139,Smoke,821,409,916,548
0991.png,111,233,Smoke,1026,314,1137,547
1561.png,113,57,Smoke,623,497,736,554
1774.png,122,78,Smoke,814,476,936,554
0968.png,111,233,Smoke,1027,315,1138,548
0466.png,65,197,Smoke,1617,422,1682,619
1569.png,23,151,Smoke,1212,423,1235,574
0798.png,76,250,Smoke,1615,394,1691,644
1775.png,55,80,Smoke,546,424,601,504
0632.png,111,221,Smoke,1020,322,1131,543
0231.png,65,197,Smoke,1618,422,1683,619
0877.png,124,174,Smoke,1252,379,1376,553
0917.png,50,128,Smoke,1431,424,1481,552
1594.png,50,128,Smoke,1431,413,1481,541
0810.png,111,233,Smoke,1020,321,1131,554
1115.png,55,80,Smoke,546,424,601,504
0722.png,174,109,Smoke,1746,449,1920,558
0136.png,145,116,Smoke,1226,427,1371,543
1609.png,132,155,Smoke,1246,397,1378,552
0979.png,76,250,Smoke,1615,390,1691,640
0201.png,141,147,Smoke,1231,408,1372,555
0755.png,32,158,Smoke,963,388,995,546
1104.png,76,250,Smoke,1615,391,1691,641
0135.png,29,218,Smoke,1164,346,1193,564
0702.png,29,218,Smoke,1163,359,1192,577
1723.png,32,170,Smoke,966,382,998,552
0960.png,80,48,Smoke,414,514,494,562
0499.png,69,59,Smoke,1688,578,1757,637
1687.png,128,246,Smoke,1021,312,1149,558
0510.png,57,57,Smoke,1773,313,1830,370
0376.png,32,158,Smoke,962,387,994,545
0050.png,76,92,Smoke,1763,310,1839,402
0588.png,124,174,Smoke,1251,378,1375,552
0189.png,141,147,Smoke,1231,408,1372,555
1498.png,80,48,Smoke,414,514,494,562
0111.png,50,116,Smoke,1433,433,1483,549
1179.png,179,109,Smoke,1741,457,1920,566
0921.png,111,233,Smoke,1026,317,1137,550
1590.png,76,227,Smoke,1622,384,1698,611
0823.png,32,158,Smoke,963,386,995,544
0144.png,147,97,Smoke,1773,451,1920,548
0044.png,76,92,Smoke,1757,310,1833,402
1569.png,111,76,Smoke,815,478,926,554
1491.png,23,151,Smoke,1212,423,1235,574
0881.png,80,48,Smoke,414,514,494,562
0728.png,174,109,Smoke,1746,449,1920,558
0256.png,140,86,Smoke,1780,455,1920,541
1491.png,132,155,Smoke,1247,396,1379,551
0165.png,50,116,Smoke,1433,430,1483,546
0481.png,65,197,Smoke,1617,421,1682,618
1787.png,76,258,Smoke,1625,385,1701,643
1222.png,179,109,Smoke,1741,458,1920,567
1032.png,86,160,Smoke,814,379,900,539
0932.png,55,80,Smoke,546,424,601,504
0019.png,76,92,Smoke,1732,311,1808,403
0019.png,65,197,Smoke,1583,422,1648,619
0746.png,109,179,Smoke,813,368,922,547
1110.png,80,48,Smoke,414,514,494,562
1062.png,99,59,Smoke,1687,575,1786,634
1691.png,23,151,Smoke,1210,421,1233,572
0417.png,23,113,Smoke,1214,464,1237,577
0775.png,80,48,Smoke,414,514,494,562
0049.png,34,116,Smoke,1428,432,1462,548
1692.png,23,151,Smoke,1210,420,1233,571
1453.png,181,109,Smoke,1739,456,1920,565
0946.png,111,233,Smoke,1027,317,1138,550
1440.png,155,48,Smoke,1717,578,1872,626
1100.png,99,57,Smoke,1771,391,1870,448
0672.png,23,113,Smoke,1213,465,1236,578
0646.png,111,221,Smoke,1021,323,1132,544
0958.png,50,128,Smoke,1431,424,1481,552
1313.png,57,57,Smoke,1773,313,1830,370
1043.png,50,128,Smoke,1431,421,1481,549
1109.png,76,250,Smoke,1615,390,1691,640
0260.png,23,113,Smoke,1214,464,1237,577
