filename,width,height,class,x_min,y_min,x_max,y_max
0001.png,50,147,Smoke,418,397,468,544
0001.png,74,99,Smoke,628,447,702,546
0001.png,95,176,Smoke,784,380,879,556
0001.png,107,195,Smoke,992,355,1099,550
0001.png,32,158,Smoke,928,387,960,545
0001.png,29,170,Smoke,1136,380,1165,550
0001.png,145,116,Smoke,1193,429,1338,545
0001.png,151,97,Smoke,1741,460,1892,557
0001.png,65,197,Smoke,1582,422,1647,619
0001.png,57,48,Smoke,1670,578,1727,626
0001.png,34,116,Smoke,1403,433,1437,549
0001.png,76,92,Smoke,1733,309,1809,401
0001.png,48,34,Smoke,559,483,607,517
0001.png,23,113,Smoke,1214,464,1237,577
0001.png,57,57,Smoke,1773,313,1830,370
0002.png,50,147,Smoke,418,397,468,544
0002.png,74,99,Smoke,628,447,702,546
0002.png,95,176,Smoke,784,380,879,556
0002.png,107,195,Smoke,992,355,1099,550
0002.png,32,158,Smoke,928,387,960,545
0002.png,29,170,Smoke,1136,380,1165,550
0002.png,145,116,Smoke,1193,429,1338,545
0002.png,151,97,Smoke,1741,460,1892,557
0002.png,65,197,Smoke,1582,421,1647,618
0002.png,57,48,Smoke,1670,578,1727,626
0002.png,34,116,Smoke,1403,433,1437,549
0002.png,76,92,Smoke,1733,309,1809,401
0002.png,48,34,Smoke,559,483,607,517
0002.png,23,113,Smoke,1214,464,1237,577
0002.png,57,57,Smoke,1773,313,1830,370
0003.png,50,147,Smoke,418,397,468,544
0003.png,74,99,Smoke,628,447,702,546
0003.png,95,176,Smoke,784,380,879,556
0003.png,107,195,Smoke,992,355,1099,550
0003.png,32,158,Smoke,929,387,961,545
0003.png,29,170,Smoke,1136,380,1165,550
0003.png,145,116,Smoke,1193,429,1338,545
0003.png,151,97,Smoke,1741,460,1892,557
0003.png,65,197,Smoke,1582,422,1647,619
0003.png,57,48,Smoke,1670,579,1727,627
0003.png,34,116,Smoke,1403,433,1437,549
0003.png,76,92,Smoke,1733,309,1809,401
0003.png,48,34,Smoke,559,483,607,517
0003.png,23,113,Smoke,1214,464,1237,577
0003.png,57,57,Smoke,1773,313,1830,370
0004.png,50,147,Smoke,418,397,468,544
0004.png,74,99,Smoke,628,447,702,546
0004.png,95,176,Smoke,784,380,879,556
0004.png,107,195,Smoke,992,355,1099,550
0004.png,32,158,Smoke,928,387,960,545
0004.png,29,170,Smoke,1136,380,1165,550
0004.png,145,116,Smoke,1193,429,1338,545
0004.png,151,97,Smoke,1742,460,1893,557
0004.png,65,197,Smoke,1581,422,1646,619
0004.png,57,48,Smoke,1670,578,1727,626
0004.png,34,116,Smoke,1403,433,1437,549
0004.png,76,92,Smoke,1733,309,1809,401
0004.png,48,34,Smoke,559,483,607,517
0004.png,23,113,Smoke,1214,464,1237,577
0004.png,57,57,Smoke,1773,313,1830,370
0005.png,50,147,Smoke,418,397,468,544
0005.png,74,99,Smoke,628,447,702,546
0005.png,95,176,Smoke,784,380,879,556
0005.png,107,195,Smoke,992,355,1099,550
0005.png,32,158,Smoke,928,387,960,545
0005.png,29,170,Smoke,1136,380,1165,550
0005.png,145,116,Smoke,1193,428,1338,544
0005.png,151,97,Smoke,1741,460,1892,557
0005.png,65,197,Smoke,1583,422,1648,619
0005.png,57,48,Smoke,1670,578,1727,626
0005.png,34,116,Smoke,1403,433,1437,549
0005.png,76,92,Smoke,1733,309,1809,401
0005.png,48,34,Smoke,559,483,607,517
0005.png,23,113,Smoke,1214,464,1237,577
0005.png,57,57,Smoke,1773,313,1830,370
0006.png,50,147,Smoke,418,397,468,544
0006.png,74,99,Smoke,628,448,702,547
0006.png,95,176,Smoke,784,380,879,556
0006.png,107,195,Smoke,992,355,1099,550
0006.png,32,158,Smoke,928,387,960,545
0006.png,29,170,Smoke,1136,380,1165,550
0006.png,145,116,Smoke,1193,429,1338,545
0006.png,151,97,Smoke,1740,460,1891,557
0006.png,65,197,Smoke,1581,421,1646,618
0006.png,57,48,Smoke,1670,578,1727,626
0006.png,34,116,Smoke,1403,433,1437,549
0006.png,76,92,Smoke,1733,309,1809,401
0006.png,48,34,Smoke,559,483,607,517
0006.png,23,113,Smoke,1214,464,1237,577
0006.png,57,57,Smoke,1773,313,1830,370
0007.png,50,147,Smoke,418,397,468,544
0007.png,74,99,Smoke,629,447,703,546
0007.png,95,176,Smoke,784,382,879,558
0007.png,107,195,Smoke,992,355,1099,550
0007.png,32,158,Smoke,929,387,961,545
0007.png,29,170,Smoke,1136,380,1165,550
0007.png,145,116,Smoke,1193,429,1338,545
0007.png,151,97,Smoke,1741,460,1892,557
0007.png,65,197,Smoke,1583,422,1648,619
0007.png,57,48,Smoke,1670,578,1727,626
0007.png,34,116,Smoke,1403,433,1437,549
0007.png,76,92,Smoke,1733,309,1809,401
0007.png,48,34,Smoke,559,483,607,517
0007.png,23,113,Smoke,1214,464,1237,577
0007.png,57,57,Smoke,1773,313,1830,370
0008.png,50,147,Smoke,418,397,468,544
0008.png,74,99,Smoke,628,448,702,547
0008.png,95,176,Smoke,784,381,879,557
0008.png,107,195,Smoke,992,355,1099,550
0008.png,32,158,Smoke,928,387,960,545
0008.png,29,170,Smoke,1136,380,1165,550
0008.png,145,116,Smoke,1194,429,1339,545
0008.png,151,97,Smoke,1740,461,1891,558
0008.png,65,197,Smoke,1581,422,1646,619
0008.png,57,48,Smoke,1670,578,1727,626
0008.png,34,116,Smoke,1403,433,1437,549
0008.png,76,92,Smoke,1734,309,1810,401
0008.png,48,34,Smoke,559,483,607,517
0008.png,23,113,Smoke,1214,464,1237,577
0008.png,57,57,Smoke,1773,313,1830,370
0009.png,50,147,Smoke,418,397,468,544
0009.png,74,99,Smoke,628,448,702,547
0009.png,95,176,Smoke,785,380,880,556
0009.png,107,195,Smoke,992,355,1099,550
0009.png,32,158,Smoke,929,387,961,545
0009.png,29,170,Smoke,1136,380,1165,550
0009.png,145,116,Smoke,1193,428,1338,544
0009.png,151,97,Smoke,1741,461,1892,558
0009.png,65,197,Smoke,1583,422,1648,619
0009.png,57,48,Smoke,1670,578,1727,626
0009.png,34,116,Smoke,1403,433,1437,549
0009.png,76,92,Smoke,1734,309,1810,401
0009.png,48,34,Smoke,559,483,607,517
0009.png,23,113,Smoke,1214,464,1237,577
0009.png,57,57,Smoke,1773,313,1830,370
0010.png,50,147,Smoke,418,397,468,544
0010.png,74,99,Smoke,628,448,702,547
0010.png,95,176,Smoke,785,380,880,556
0010.png,107,195,Smoke,992,354,1099,549
0010.png,32,158,Smoke,929,387,961,545
0010.png,29,170,Smoke,1136,380,1165,550
0010.png,145,116,Smoke,1193,429,1338,545
0010.png,151,97,Smoke,1742,461,1893,558
0010.png,65,197,Smoke,1583,423,1648,620
0010.png,57,48,Smoke,1670,579,1727,627
0010.png,34,116,Smoke,1403,434,1437,550
0010.png,76,92,Smoke,1734,309,1810,401
0010.png,48,34,Smoke,559,483,607,517
0010.png,23,113,Smoke,1214,464,1237,577
0010.png,57,57,Smoke,1773,313,1830,370
0011.png,50,147,Smoke,418,397,468,544
0011.png,74,99,Smoke,628,447,702,546
0011.png,95,176,Smoke,785,380,880,556
0011.png,107,195,Smoke,991,355,1098,550
0011.png,32,158,Smoke,928,387,960,545
0011.png,29,170,Smoke,1136,380,1165,550
0011.png,145,116,Smoke,1194,430,1339,546
0011.png,151,97,Smoke,1741,461,1892,558
0011.png,65,197,Smoke,1583,422,1648,619
0011.png,57,48,Smoke,1670,578,1727,626
0011.png,34,116,Smoke,1403,434,1437,550
0011.png,76,92,Smoke,1733,310,1809,402
0011.png,48,34,Smoke,559,483,607,517
0011.png,23,113,Smoke,1214,464,1237,577
0011.png,57,57,Smoke,1773,313,1830,370
0012.png,50,147,Smoke,418,397,468,544
0012.png,74,99,Smoke,628,446,702,545
0012.png,95,176,Smoke,785,381,880,557
0012.png,107,195,Smoke,991,355,1098,550
0012.png,32,158,Smoke,928,387,960,545
0012.png,29,170,Smoke,1136,380,1165,550
0012.png,145,116,Smoke,1194,430,1339,546
0012.png,151,97,Smoke,1741,460,1892,557
0012.png,65,197,Smoke,1583,421,1648,618
0012.png,57,48,Smoke,1670,578,1727,626
0012.png,34,116,Smoke,1403,434,1437,550
0012.png,76,92,Smoke,1733,310,1809,402
0012.png,48,34,Smoke,559,483,607,517
0012.png,23,113,Smoke,1214,464,1237,577
0012.png,57,57,Smoke,1773,313,1830,370
0013.png,50,147,Smoke,419,397,469,544
0013.png,74,99,Smoke,629,446,703,545
0013.png,95,176,Smoke,785,382,880,558
0013.png,107,195,Smoke,991,355,1098,550
0013.png,32,158,Smoke,928,387,960,545
0013.png,29,170,Smoke,1137,381,1166,551
0013.png,145,116,Smoke,1194,430,1339,546
0013.png,151,97,Smoke,1741,462,1892,559
0013.png,65,197,Smoke,1583,422,1648,619
0013.png,57,48,Smoke,1670,579,1727,627
0013.png,34,116,Smoke,1403,434,1437,550
0013.png,76,92,Smoke,1733,310,1809,402
0013.png,48,34,Smoke,559,483,607,517
0013.png,23,113,Smoke,1214,464,1237,577
0013.png,57,57,Smoke,1773,313,1830,370
0014.png,50,147,Smoke,419,397,469,544
0014.png,74,99,Smoke,628,444,702,543
0014.png,95,176,Smoke,785,381,880,557
0014.png,107,195,Smoke,991,355,1098,550
0014.png,32,158,Smoke,928,387,960,545
0014.png,29,170,Smoke,1136,380,1165,550
0014.png,145,116,Smoke,1194,431,1339,547
0014.png,151,97,Smoke,1741,462,1892,559
0014.png,65,197,Smoke,1583,423,1648,620
0014.png,57,48,Smoke,1670,579,1727,627
0014.png,34,116,Smoke,1403,434,1437,550
0014.png,76,92,Smoke,1733,310,1809,402
0014.png,48,34,Smoke,559,483,607,517
0014.png,23,113,Smoke,1214,464,1237,577
0014.png,57,57,Smoke,1773,313,1830,370
0015.png,50,147,Smoke,418,397,468,544
0015.png,74,99,Smoke,629,446,703,545
0015.png,95,176,Smoke,785,382,880,558
0015.png,107,195,Smoke,992,355,1099,550
0015.png,32,158,Smoke,928,387,960,545
0015.png,29,170,Smoke,1135,381,1164,551
0015.png,145,116,Smoke,1194,430,1339,546
0015.png,151,97,Smoke,1741,462,1892,559
0015.png,65,197,Smoke,1583,422,1648,619
0015.png,57,48,Smoke,1670,579,1727,627
0015.png,34,116,Smoke,1403,434,1437,550
0015.png,76,92,Smoke,1733,311,1809,403
0015.png,48,34,Smoke,559,483,607,517
0015.png,23,113,Smoke,1214,464,1237,577
0015.png,57,57,Smoke,1773,313,1830,370
0016.png,50,147,Smoke,418,397,468,544
0016.png,74,99,Smoke,628,448,702,547
0016.png,95,176,Smoke,785,381,880,557
0016.png,107,195,Smoke,991,355,1098,550
0016.png,32,158,Smoke,928,387,960,545
0016.png,29,170,Smoke,1135,381,1164,551
0016.png,145,116,Smoke,1194,431,1339,547
0016.png,151,97,Smoke,1740,462,1891,559
0016.png,65,197,Smoke,1583,421,1648,618
0016.png,57,48,Smoke,1670,579,1727,627
0016.png,34,116,Smoke,1403,434,1437,550
0016.png,76,92,Smoke,1733,311,1809,403
0016.png,48,34,Smoke,559,483,607,517
0016.png,23,113,Smoke,1214,464,1237,577
0016.png,57,57,Smoke,1773,313,1830,370
0017.png,50,147,Smoke,418,397,468,544
0017.png,74,99,Smoke,628,448,702,547
0017.png,95,176,Smoke,785,382,880,558
0017.png,107,195,Smoke,991,355,1098,550
0017.png,32,158,Smoke,928,387,960,545
0017.png,29,170,Smoke,1136,382,1165,552
0017.png,145,116,Smoke,1194,431,1339,547
0017.png,151,97,Smoke,1741,463,1892,560
0017.png,65,197,Smoke,1583,422,1648,619
0017.png,57,48,Smoke,1670,578,1727,626
0017.png,34,116,Smoke,1403,434,1437,550
0017.png,76,92,Smoke,1733,311,1809,403
0017.png,48,34,Smoke,559,483,607,517
0017.png,23,113,Smoke,1214,464,1237,577
0017.png,57,57,Smoke,1773,313,1830,370
0018.png,50,147,Smoke,418,398,468,545
0018.png,74,99,Smoke,629,446,703,545
0018.png,95,176,Smoke,785,381,880,557
0018.png,107,195,Smoke,991,357,1098,552
0018.png,32,158,Smoke,928,387,960,545
0018.png,29,170,Smoke,1137,380,1166,550
0018.png,145,116,Smoke,1194,432,1339,548
0018.png,151,97,Smoke,1742,463,1893,560
0018.png,65,197,Smoke,1583,424,1648,621
0018.png,57,48,Smoke,1670,578,1727,626
0018.png,34,116,Smoke,1403,434,1437,550
0018.png,76,92,Smoke,1732,311,1808,403
0018.png,48,34,Smoke,559,483,607,517
0018.png,23,113,Smoke,1214,464,1237,577
0018.png,57,57,Smoke,1773,313,1830,370
0019.png,50,147,Smoke,419,397,469,544
0019.png,74,99,Smoke,629,448,703,547
0019.png,95,176,Smoke,785,382,880,558
0019.png,107,195,Smoke,991,357,1098,552
0019.png,32,158,Smoke,928,389,960,547
0019.png,29,170,Smoke,1137,379,1166,549
0019.png,145,116,Smoke,1194,430,1339,546
0019.png,151,97,Smoke,1741,463,1892,560
0019.png,65,197,Smoke,1583,422,1648,619
0019.png,57,48,Smoke,1670,579,1727,627
0019.png,34,116,Smoke,1403,434,1437,550
0019.png,76,92,Smoke,1732,311,1808,403
0019.png,48,34,Smoke,559,483,607,517
0019.png,23,113,Smoke,1214,464,1237,577
0019.png,57,57,Smoke,1773,313,1830,370
0020.png,50,147,Smoke,419,397,469,544
0020.png,74,99,Smoke,629,448,703,547
0020.png,95,176,Smoke,785,383,880,559
0020.png,107,195,Smoke,991,357,1098,552
0020.png,32,158,Smoke,928,389,960,547
0020.png,29,170,Smoke,1137,380,1166,550
0020.png,145,116,Smoke,1194,430,1339,546
0020.png,151,97,Smoke,1742,463,1893,560
0020.png,65,197,Smoke,1583,424,1648,621
0020.png,57,48,Smoke,1670,579,1727,627
0020.png,34,116,Smoke,1403,434,1437,550
0020.png,76,92,Smoke,1732,311,1808,403
0020.png,48,34,Smoke,559,483,607,517
0020.png,23,113,Smoke,1214,464,1237,577
0020.png,57,57,Smoke,1773,313,1830,370
0021.png,50,147,Smoke,419,397,469,544
0021.png,74,99,Smoke,629,448,703,547
0021.png,95,176,Smoke,785,382,880,558
0021.png,107,195,Smoke,991,357,1098,552
0021.png,32,158,Smoke,928,389,960,547
0021.png,29,170,Smoke,1136,380,1165,550
0021.png,145,116,Smoke,1194,430,1339,546
0021.png,151,97,Smoke,1741,463,1892,560
0021.png,65,197,Smoke,1583,422,1648,619
0021.png,57,48,Smoke,1670,579,1727,627
0021.png,34,116,Smoke,1403,435,1437,551
0021.png,76,92,Smoke,1733,311,1809,403
0021.png,48,34,Smoke,559,483,607,517
0021.png,23,113,Smoke,1214,464,1237,577
0021.png,57,57,Smoke,1773,313,1830,370
0022.png,50,147,Smoke,419,397,469,544
0022.png,74,99,Smoke,629,448,703,547
0022.png,95,176,Smoke,784,382,879,558
0022.png,107,195,Smoke,991,357,1098,552
0022.png,32,158,Smoke,928,389,960,547
0022.png,29,170,Smoke,1136,380,1165,550
0022.png,145,116,Smoke,1194,430,1339,546
0022.png,151,97,Smoke,1741,463,1892,560
0022.png,65,197,Smoke,1584,423,1649,620
0022.png,57,48,Smoke,1670,579,1727,627
0022.png,34,116,Smoke,1403,435,1437,551
0022.png,76,92,Smoke,1733,311,1809,403
0022.png,48,34,Smoke,559,483,607,517
0022.png,23,113,Smoke,1214,464,1237,577
0022.png,57,57,Smoke,1773,313,1830,370
0023.png,50,147,Smoke,419,397,469,544
0023.png,74,99,Smoke,629,448,703,547
0023.png,95,176,Smoke,785,381,880,557
0023.png,107,195,Smoke,992,357,1099,552
0023.png,32,158,Smoke,928,389,960,547
0023.png,29,170,Smoke,1136,380,1165,550
0023.png,145,116,Smoke,1195,430,1340,546
0023.png,151,97,Smoke,1741,463,1892,560
0023.png,65,197,Smoke,1584,423,1649,620
0023.png,57,48,Smoke,1670,579,1727,627
0023.png,34,116,Smoke,1403,435,1437,551
0023.png,76,92,Smoke,1734,311,1810,403
0023.png,48,34,Smoke,559,483,607,517
0023.png,23,113,Smoke,1214,464,1237,577
0023.png,57,57,Smoke,1773,313,1830,370
0024.png,50,147,Smoke,420,398,470,545
0024.png,74,99,Smoke,629,447,703,546
0024.png,95,176,Smoke,785,382,880,558
0024.png,107,195,Smoke,992,357,1099,552
0024.png,32,158,Smoke,929,389,961,547
0024.png,29,170,Smoke,1137,364,1166,534
0024.png,145,116,Smoke,1195,430,1340,546
0024.png,151,97,Smoke,1740,463,1891,560
0024.png,65,197,Smoke,1584,423,1649,620
0024.png,57,48,Smoke,1671,579,1728,627
0024.png,34,116,Smoke,1403,435,1437,551
0024.png,76,92,Smoke,1734,311,1810,403
0024.png,48,34,Smoke,559,483,607,517
0024.png,23,113,Smoke,1214,464,1237,577
0024.png,57,57,Smoke,1773,313,1830,370
0025.png,50,147,Smoke,420,398,470,545
0025.png,74,99,Smoke,630,448,704,547
0025.png,95,176,Smoke,786,382,881,558
0025.png,107,195,Smoke,992,357,1099,552
0025.png,32,158,Smoke,929,389,961,547
0025.png,29,170,Smoke,1136,388,1165,558
0025.png,145,116,Smoke,1195,430,1340,546
0025.png,151,97,Smoke,1741,463,1892,560
0025.png,65,197,Smoke,1584,422,1649,619
0025.png,57,48,Smoke,1671,580,1728,628
0025.png,34,116,Smoke,1404,435,1438,551
0025.png,76,92,Smoke,1734,312,1810,404
0025.png,48,34,Smoke,559,483,607,517
0025.png,23,113,Smoke,1214,464,1237,577
0025.png,57,57,Smoke,1773,313,1830,370
0026.png,55,143,Smoke,416,397,471,540
0026.png,74,99,Smoke,631,449,705,548
0026.png,95,176,Smoke,787,383,882,559
0026.png,107,195,Smoke,993,356,1100,551
0026.png,32,158,Smoke,930,389,962,547
0026.png,29,170,Smoke,1137,380,1166,550
0026.png,145,116,Smoke,1196,430,1341,546
0026.png,151,97,Smoke,1742,463,1893,560
0026.png,65,197,Smoke,1585,423,1650,620
0026.png,57,48,Smoke,1672,580,1729,628
0026.png,34,116,Smoke,1405,435,1439,551
0026.png,76,92,Smoke,1736,311,1812,403
0026.png,48,34,Smoke,559,483,607,517
0026.png,23,113,Smoke,1214,464,1237,577
0026.png,57,57,Smoke,1773,313,1830,370
0027.png,55,143,Smoke,416,395,471,538
0027.png,74,99,Smoke,632,448,706,547
0027.png,95,176,Smoke,788,383,883,559
0027.png,107,195,Smoke,995,357,1102,552
0027.png,32,158,Smoke,931,389,963,547
0027.png,29,170,Smoke,1136,412,1165,582
0027.png,145,116,Smoke,1197,429,1342,545
0027.png,151,97,Smoke,1743,463,1894,560
0027.png,65,197,Smoke,1586,423,1651,620
0027.png,57,48,Smoke,1673,579,1730,627
0027.png,34,116,Smoke,1406,436,1440,552
0027.png,76,92,Smoke,1737,311,1813,403
0027.png,48,34,Smoke,559,483,607,517
0027.png,23,113,Smoke,1214,464,1237,577
0027.png,57,57,Smoke,1773,313,1830,370
0028.png,55,143,Smoke,418,396,473,539
0028.png,74,99,Smoke,632,446,706,545
0028.png,95,176,Smoke,789,383,884,559
0028.png,107,195,Smoke,996,357,1103,552
0028.png,32,158,Smoke,932,389,964,547
0028.png,29,170,Smoke,1140,381,1169,551
0028.png,145,116,Smoke,1198,429,1343,545
0028.png,151,97,Smoke,1746,462,1897,559
0028.png,65,197,Smoke,1588,422,1653,619
0028.png,57,48,Smoke,1674,579,1731,627
0028.png,34,116,Smoke,1407,436,1441,552
0028.png,76,92,Smoke,1738,311,1814,403
0028.png,48,34,Smoke,559,483,607,517
0028.png,23,113,Smoke,1214,464,1237,577
0028.png,57,57,Smoke,1773,313,1830,370
0029.png,55,143,Smoke,419,394,474,537
0029.png,74,99,Smoke,634,448,708,547
0029.png,95,176,Smoke,790,382,885,558
0029.png,107,195,Smoke,996,357,1103,552
0029.png,32,158,Smoke,933,388,965,546
0029.png,29,170,Smoke,1141,379,1170,549
0029.png,145,116,Smoke,1199,429,1344,545
0029.png,151,97,Smoke,1747,462,1898,559
0029.png,65,197,Smoke,1588,422,1653,619
0029.png,57,48,Smoke,1675,579,1732,627
0029.png,34,116,Smoke,1408,436,1442,552
0029.png,76,92,Smoke,1739,311,1815,403
0029.png,48,34,Smoke,559,483,607,517
0029.png,23,113,Smoke,1214,464,1237,577
0029.png,57,57,Smoke,1773,313,1830,370
0030.png,55,143,Smoke,420,396,475,539
0030.png,74,99,Smoke,634,449,708,548
0030.png,95,176,Smoke,791,382,886,558
0030.png,107,195,Smoke,998,357,1105,552
0030.png,32,158,Smoke,935,389,967,547
0030.png,29,170,Smoke,1142,379,1171,549
0030.png,145,116,Smoke,1200,430,1345,546
0030.png,151,97,Smoke,1748,462,1899,559
0030.png,65,197,Smoke,1590,422,1655,619
0030.png,57,48,Smoke,1676,579,1733,627
0030.png,34,116,Smoke,1409,436,1443,552
0030.png,76,92,Smoke,1740,311,1816,403
0030.png,48,34,Smoke,559,483,607,517
0030.png,23,113,Smoke,1214,464,1237,577
0030.png,57,57,Smoke,1773,313,1830,370
0031.png,55,143,Smoke,421,395,476,538
0031.png,74,99,Smoke,636,447,710,546
0031.png,95,176,Smoke,792,381,887,557
0031.png,107,195,Smoke,998,357,1105,552
0031.png,32,158,Smoke,935,388,967,546
0031.png,29,170,Smoke,1143,379,1172,549
0031.png,145,116,Smoke,1201,428,1346,544
0031.png,151,97,Smoke,1749,462,1900,559
0031.png,65,197,Smoke,1590,422,1655,619
0031.png,57,48,Smoke,1677,579,1734,627
0031.png,34,116,Smoke,1410,434,1444,550
0031.png,76,92,Smoke,1741,311,1817,403
0031.png,48,34,Smoke,559,483,607,517
0031.png,23,113,Smoke,1214,464,1237,577
0031.png,57,57,Smoke,1773,313,1830,370
0032.png,55,143,Smoke,422,396,477,539
0032.png,74,99,Smoke,637,447,711,546
0032.png,95,176,Smoke,793,382,888,558
0032.png,107,195,Smoke,999,357,1106,552
0032.png,32,158,Smoke,936,390,968,548
0032.png,29,170,Smoke,1143,377,1172,547
0032.png,145,116,Smoke,1202,427,1347,543
0032.png,151,97,Smoke,1750,462,1901,559
0032.png,65,197,Smoke,1591,423,1656,620
0032.png,57,48,Smoke,1678,579,1735,627
0032.png,34,116,Smoke,1411,434,1445,550
0032.png,76,92,Smoke,1742,311,1818,403
0032.png,48,34,Smoke,559,483,607,517
0032.png,23,113,Smoke,1214,464,1237,577
0032.png,57,57,Smoke,1773,313,1830,370
0033.png,55,143,Smoke,423,395,478,538
0033.png,74,99,Smoke,638,447,712,546
0033.png,95,176,Smoke,794,381,889,557
0033.png,107,195,Smoke,999,357,1106,552
0033.png,32,158,Smoke,937,388,969,546
0033.png,29,170,Smoke,1144,387,1173,557
0033.png,145,116,Smoke,1203,427,1348,543
0033.png,151,97,Smoke,1751,463,1902,560
0033.png,65,197,Smoke,1592,423,1657,620
0033.png,57,48,Smoke,1679,579,1736,627
0033.png,34,116,Smoke,1412,434,1446,550
0033.png,76,92,Smoke,1744,311,1820,403
0033.png,48,34,Smoke,559,483,607,517
0033.png,23,113,Smoke,1214,464,1237,577
0033.png,57,57,Smoke,1773,313,1830,370
0034.png,55,143,Smoke,424,397,479,540
0034.png,74,99,Smoke,639,448,713,547
0034.png,95,176,Smoke,797,381,892,557
0034.png,107,195,Smoke,1000,357,1107,552
0034.png,32,158,Smoke,938,388,970,546
0034.png,29,170,Smoke,1143,441,1172,611
0034.png,145,116,Smoke,1204,427,1349,543
0034.png,151,97,Smoke,1752,462,1903,559
0034.png,65,197,Smoke,1593,423,1658,620
0034.png,57,48,Smoke,1680,579,1737,627
0034.png,34,116,Smoke,1413,433,1447,549
0034.png,76,92,Smoke,1745,311,1821,403
0034.png,48,34,Smoke,559,483,607,517
0034.png,23,113,Smoke,1214,464,1237,577
0034.png,57,57,Smoke,1773,313,1830,370
0035.png,55,143,Smoke,425,395,480,538
0035.png,74,99,Smoke,640,448,714,547
0035.png,95,176,Smoke,798,380,893,556
0035.png,107,195,Smoke,1001,357,1108,552
0035.png,32,158,Smoke,939,388,971,546
0035.png,29,170,Smoke,1147,382,1176,552
0035.png,145,116,Smoke,1205,428,1350,544
0035.png,151,97,Smoke,1755,462,1906,559
0035.png,65,197,Smoke,1595,422,1660,619
0035.png,57,48,Smoke,1682,578,1739,626
0035.png,34,116,Smoke,1414,433,1448,549
0035.png,76,92,Smoke,1746,311,1822,403
0035.png,48,34,Smoke,559,483,607,517
0035.png,23,113,Smoke,1214,464,1237,577
0035.png,57,57,Smoke,1773,313,1830,370
0036.png,55,143,Smoke,426,395,481,538
0036.png,74,99,Smoke,643,447,717,546
0036.png,95,176,Smoke,798,388,893,564
0036.png,107,195,Smoke,1003,357,1110,552
0036.png,32,158,Smoke,940,388,972,546
0036.png,29,170,Smoke,1149,378,1178,548
0036.png,145,116,Smoke,1206,427,1351,543
0036.png,151,97,Smoke,1754,462,1905,559
0036.png,65,197,Smoke,1596,423,1661,620
0036.png,57,48,Smoke,1683,578,1740,626
0036.png,34,116,Smoke,1415,433,1449,549
0036.png,76,92,Smoke,1747,311,1823,403
0036.png,48,34,Smoke,559,483,607,517
0036.png,23,113,Smoke,1214,464,1237,577
0036.png,57,57,Smoke,1773,313,1830,370
0037.png,55,143,Smoke,427,395,482,538
0037.png,74,99,Smoke,643,446,717,545
0037.png,95,176,Smoke,799,381,894,557
0037.png,107,195,Smoke,1004,357,1111,552
0037.png,32,158,Smoke,942,388,974,546
0037.png,29,170,Smoke,1149,381,1178,551
0037.png,145,116,Smoke,1207,427,1352,543
0037.png,151,97,Smoke,1757,462,1908,559
0037.png,65,197,Smoke,1597,422,1662,619
0037.png,57,48,Smoke,1684,579,1741,627
0037.png,34,116,Smoke,1416,433,1450,549
0037.png,76,92,Smoke,1748,311,1824,403
0037.png,48,34,Smoke,559,483,607,517
0037.png,23,113,Smoke,1214,464,1237,577
0037.png,57,57,Smoke,1773,313,1830,370
0038.png,55,143,Smoke,428,393,483,536
0038.png,74,99,Smoke,643,446,717,545
0038.png,95,176,Smoke,800,382,895,558
0038.png,107,195,Smoke,1004,357,1111,552
0038.png,32,158,Smoke,943,388,975,546
0038.png,29,170,Smoke,1148,401,1177,571
0038.png,145,116,Smoke,1208,427,1353,543
0038.png,151,97,Smoke,1758,462,1909,559
0038.png,65,197,Smoke,1598,423,1663,620
0038.png,57,48,Smoke,1685,579,1742,627
0038.png,34,116,Smoke,1417,433,1451,549
0038.png,76,92,Smoke,1749,311,1825,403
0038.png,48,34,Smoke,559,483,607,517
0038.png,23,113,Smoke,1214,464,1237,577
0038.png,57,57,Smoke,1773,313,1830,370
0039.png,55,143,Smoke,429,394,484,537
0039.png,74,99,Smoke,645,447,719,546
0039.png,95,176,Smoke,801,381,896,557
0039.png,107,195,Smoke,1006,357,1113,552
0039.png,32,158,Smoke,944,388,976,546
0039.png,29,170,Smoke,1151,374,1180,544
0039.png,145,116,Smoke,1210,428,1355,544
0039.png,151,97,Smoke,1759,462,1910,559
0039.png,65,197,Smoke,1599,422,1664,619
0039.png,57,48,Smoke,1686,578,1743,626
0039.png,34,116,Smoke,1418,433,1452,549
0039.png,76,92,Smoke,1751,311,1827,403
0039.png,48,34,Smoke,559,483,607,517
0039.png,23,113,Smoke,1214,464,1237,577
0039.png,57,57,Smoke,1773,313,1830,370
0040.png,55,143,Smoke,431,394,486,537
0040.png,74,99,Smoke,646,447,720,546
0040.png,95,176,Smoke,803,380,898,556
0040.png,107,195,Smoke,1007,357,1114,552
0040.png,32,158,Smoke,944,388,976,546
0040.png,29,170,Smoke,1152,379,1181,549
0040.png,145,116,Smoke,1211,427,1356,543
0040.png,151,97,Smoke,1760,462,1911,559
0040.png,65,197,Smoke,1601,423,1666,620
0040.png,57,48,Smoke,1687,579,1744,627
0040.png,34,116,Smoke,1419,433,1453,549
0040.png,76,92,Smoke,1752,311,1828,403
0040.png,48,34,Smoke,559,483,607,517
0040.png,23,113,Smoke,1214,464,1237,577
0040.png,57,57,Smoke,1773,313,1830,370
0041.png,55,143,Smoke,432,392,487,535
0041.png,74,99,Smoke,647,447,721,546
0041.png,95,176,Smoke,804,381,899,557
0041.png,107,195,Smoke,1008,357,1115,552
0041.png,32,158,Smoke,946,388,978,546
0041.png,29,170,Smoke,1154,380,1183,550
0041.png,145,116,Smoke,1212,427,1357,543
0041.png,151,97,Smoke,1763,462,1914,559
0041.png,65,197,Smoke,1602,422,1667,619
0041.png,57,48,Smoke,1688,578,1745,626
0041.png,34,116,Smoke,1420,433,1454,549
0041.png,76,92,Smoke,1753,311,1829,403
0041.png,48,34,Smoke,559,483,607,517
0041.png,23,113,Smoke,1214,464,1237,577
0041.png,57,57,Smoke,1773,313,1830,370
0042.png,55,143,Smoke,433,392,488,535
0042.png,74,99,Smoke,648,447,722,546
0042.png,95,176,Smoke,804,380,899,556
0042.png,107,195,Smoke,1009,357,1116,552
0042.png,32,158,Smoke,948,388,980,546
0042.png,29,170,Smoke,1156,378,1185,548
0042.png,145,116,Smoke,1213,427,1358,543
0042.png,151,97,Smoke,1766,461,1917,558
0042.png,65,197,Smoke,1603,423,1668,620
0042.png,57,48,Smoke,1689,578,1746,626
0042.png,34,116,Smoke,1421,433,1455,549
0042.png,76,92,Smoke,1755,311,1831,403
0042.png,48,34,Smoke,559,483,607,517
0042.png,23,113,Smoke,1214,464,1237,577
0042.png,57,57,Smoke,1773,313,1830,370
0043.png,55,143,Smoke,434,391,489,534
0043.png,74,99,Smoke,649,447,723,546
0043.png,95,176,Smoke,806,381,901,557
0043.png,107,195,Smoke,1010,357,1117,552
0043.png,32,158,Smoke,948,388,980,546
0043.png,29,170,Smoke,1160,377,1189,547
0043.png,145,116,Smoke,1214,427,1359,543
0043.png,151,97,Smoke,1767,462,1918,559
0043.png,65,197,Smoke,1605,422,1670,619
0043.png,57,48,Smoke,1690,578,1747,626
0043.png,34,116,Smoke,1422,433,1456,549
0043.png,76,92,Smoke,1755,311,1831,403
0043.png,48,34,Smoke,559,483,607,517
0043.png,23,113,Smoke,1214,464,1237,577
0043.png,57,57,Smoke,1773,313,1830,370
0044.png,55,143,Smoke,435,392,490,535
0044.png,74,99,Smoke,650,447,724,546
0044.png,95,176,Smoke,807,380,902,556
0044.png,107,195,Smoke,1011,356,1118,551
0044.png,32,158,Smoke,950,388,982,546
0044.png,29,170,Smoke,1157,377,1186,547
0044.png,145,116,Smoke,1215,427,1360,543
0044.png,151,97,Smoke,1768,462,1919,559
0044.png,65,197,Smoke,1606,421,1671,618
0044.png,57,48,Smoke,1691,578,1748,626
0044.png,34,116,Smoke,1423,433,1457,549
0044.png,76,92,Smoke,1757,310,1833,402
0044.png,48,34,Smoke,559,483,607,517
0044.png,23,113,Smoke,1214,464,1237,577
0044.png,57,57,Smoke,1773,313,1830,370
0045.png,55,143,Smoke,436,392,491,535
0045.png,74,99,Smoke,651,446,725,545
0045.png,95,176,Smoke,809,380,904,556
0045.png,107,195,Smoke,1012,357,1119,552
0045.png,32,158,Smoke,951,388,983,546
0045.png,29,170,Smoke,1159,374,1188,544
0045.png,145,116,Smoke,1216,427,1361,543
0045.png,151,97,Smoke,1768,462,1919,559
0045.png,65,197,Smoke,1607,422,1672,619
0045.png,57,48,Smoke,1693,578,1750,626
0045.png,34,116,Smoke,1424,432,1458,548
0045.png,76,92,Smoke,1759,310,1835,402
0045.png,48,34,Smoke,559,483,607,517
0045.png,23,113,Smoke,1214,464,1237,577
0045.png,57,57,Smoke,1773,313,1830,370
0046.png,55,143,Smoke,438,389,493,532
0046.png,74,99,Smoke,652,447,726,546
0046.png,95,176,Smoke,809,380,904,556
0046.png,107,195,Smoke,1014,355,1121,550
0046.png,32,158,Smoke,951,388,983,546
0046.png,29,170,Smoke,1160,379,1189,549
0046.png,145,116,Smoke,1218,427,1363,543
0046.png,150,97,Smoke,1770,459,1920,556
0046.png,65,197,Smoke,1608,421,1673,618
0046.png,57,48,Smoke,1694,578,1751,626
0046.png,34,116,Smoke,1425,432,1459,548
0046.png,76,92,Smoke,1760,310,1836,402
0046.png,48,34,Smoke,559,483,607,517
0046.png,23,113,Smoke,1214,464,1237,577
0046.png,57,57,Smoke,1773,313,1830,370
0047.png,55,143,Smoke,438,389,493,532
0047.png,74,99,Smoke,653,446,727,545
0047.png,95,176,Smoke,810,381,905,557
0047.png,107,195,Smoke,1014,355,1121,550
0047.png,32,158,Smoke,952,388,984,546
0047.png,29,170,Smoke,1162,375,1191,545
0047.png,145,116,Smoke,1219,427,1364,543
0047.png,151,97,Smoke,1769,462,1920,559
0047.png,65,197,Smoke,1609,422,1674,619
0047.png,57,48,Smoke,1695,578,1752,626
0047.png,34,116,Smoke,1426,432,1460,548
0047.png,76,92,Smoke,1760,310,1836,402
0047.png,48,34,Smoke,559,483,607,517
0047.png,23,113,Smoke,1214,464,1237,577
0047.png,57,57,Smoke,1773,313,1830,370
0048.png,55,143,Smoke,439,390,494,533
0048.png,74,99,Smoke,655,447,729,546
0048.png,95,176,Smoke,811,380,906,556
0048.png,107,195,Smoke,1016,356,1123,551
0048.png,32,158,Smoke,953,388,985,546
0048.png,29,170,Smoke,1162,380,1191,550
0048.png,145,116,Smoke,1220,426,1365,542
0048.png,150,97,Smoke,1770,462,1920,559
0048.png,65,197,Smoke,1610,421,1675,618
0048.png,57,48,Smoke,1696,578,1753,626
0048.png,34,116,Smoke,1427,432,1461,548
0048.png,76,92,Smoke,1762,310,1838,402
0048.png,48,34,Smoke,559,483,607,517
0048.png,23,113,Smoke,1214,464,1237,577
0048.png,57,57,Smoke,1773,313,1830,370
0049.png,55,143,Smoke,440,388,495,531
0049.png,74,99,Smoke,655,445,729,544
0049.png,95,176,Smoke,812,381,907,557
0049.png,107,195,Smoke,1016,357,1123,552
0049.png,32,158,Smoke,954,388,986,546
0049.png,29,170,Smoke,1164,379,1193,549
0049.png,145,116,Smoke,1220,427,1365,543
0049.png,151,97,Smoke,1768,462,1919,559
0049.png,65,197,Smoke,1611,422,1676,619
0049.png,57,48,Smoke,1697,578,1754,626
0049.png,34,116,Smoke,1428,432,1462,548
0049.png,76,92,Smoke,1762,310,1838,402
0049.png,48,34,Smoke,559,483,607,517
0049.png,23,113,Smoke,1214,464,1237,577
0049.png,57,57,Smoke,1773,313,1830,370
0050.png,55,143,Smoke,441,388,496,531
0050.png,74,99,Smoke,657,444,731,543
0050.png,95,176,Smoke,813,380,908,556
0050.png,107,195,Smoke,1017,355,1124,550
0050.png,32,158,Smoke,955,388,987,546
0050.png,29,170,Smoke,1165,380,1194,550
0050.png,145,116,Smoke,1221,427,1366,543
0050.png,150,97,Smoke,1770,457,1920,554
0050.png,65,197,Smoke,1612,421,1677,618
0050.png,57,48,Smoke,1698,578,1755,626
0050.png,34,116,Smoke,1430,432,1464,548
0050.png,76,92,Smoke,1763,310,1839,402
0050.png,48,34,Smoke,559,483,607,517
0050.png,23,113,Smoke,1214,464,1237,577
0050.png,57,57,Smoke,1773,313,1830,370
0051.png,55,143,Smoke,442,388,497,531
0051.png,74,99,Smoke,657,445,731,544
0051.png,95,176,Smoke,813,379,908,555
0051.png,107,195,Smoke,1018,355,1125,550
0051.png,32,158,Smoke,956,388,988,546
0051.png,29,170,Smoke,1165,382,1194,552
0051.png,145,116,Smoke,1222,427,1367,543
0051.png,151,97,Smoke,1768,462,1919,559
0051.png,65,197,Smoke,1612,422,1677,619
0051.png,57,48,Smoke,1698,577,1755,625
0051.png,34,116,Smoke,1430,432,1464,548
0051.png,76,92,Smoke,1764,310,1840,402
0051.png,48,34,Smoke,559,483,607,517
0051.png,23,113,Smoke,1214,464,1237,577
0051.png,57,57,Smoke,1773,313,1830,370
0052.png,55,143,Smoke,443,388,498,531
0052.png,74,99,Smoke,658,445,732,544
0052.png,95,176,Smoke,813,379,908,555
0052.png,107,195,Smoke,1019,355,1126,550
0052.png,32,158,Smoke,956,388,988,546
0052.png,29,170,Smoke,1166,385,1195,555
0052.png,145,116,Smoke,1222,426,1367,542
0052.png,151,97,Smoke,1769,462,1920,559
0052.png,65,197,Smoke,1612,422,1677,619
0052.png,57,48,Smoke,1699,577,1756,625
0052.png,34,116,Smoke,1430,433,1464,549
0052.png,76,92,Smoke,1766,310,1842,402
0052.png,48,34,Smoke,559,483,607,517
0052.png,23,113,Smoke,1214,464,1237,577
0052.png,57,57,Smoke,1773,313,1830,370
0053.png,55,143,Smoke,443,387,498,530
0053.png,74,99,Smoke,659,445,733,544
0053.png,95,176,Smoke,814,379,909,555
0053.png,107,195,Smoke,1018,355,1125,550
0053.png,32,158,Smoke,958,388,990,546
0053.png,29,170,Smoke,1163,384,1192,554
0053.png,145,116,Smoke,1223,427,1368,543
0053.png,150,97,Smoke,1770,462,1920,559
0053.png,65,197,Smoke,1614,422,1679,619
0053.png,57,48,Smoke,1699,577,1756,625
0053.png,34,116,Smoke,1431,431,1465,547
0053.png,76,92,Smoke,1765,311,1841,403
0053.png,48,34,Smoke,559,483,607,517
0053.png,23,113,Smoke,1214,464,1237,577
0053.png,57,57,Smoke,1773,313,1830,370
0054.png,55,143,Smoke,443,389,498,532
0054.png,74,99,Smoke,660,444,734,543
0054.png,95,176,Smoke,815,378,910,554
0054.png,107,195,Smoke,1019,355,1126,550
0054.png,32,158,Smoke,959,388,991,546
0054.png,29,170,Smoke,1166,397,1195,567
0054.png,145,116,Smoke,1224,426,1369,542
0054.png,151,97,Smoke,1769,462,1920,559
0054.png,65,197,Smoke,1614,423,1679,620
0054.png,57,48,Smoke,1700,578,1757,626
0054.png,34,116,Smoke,1431,431,1465,547
0054.png,76,92,Smoke,1765,310,1841,402
0054.png,48,34,Smoke,559,483,607,517
0054.png,23,113,Smoke,1214,464,1237,577
0054.png,57,57,Smoke,1773,313,1830,370
0055.png,55,143,Smoke,445,388,500,531
0055.png,74,99,Smoke,660,444,734,543
0055.png,95,176,Smoke,815,379,910,555
0055.png,107,195,Smoke,1020,355,1127,550
0055.png,32,158,Smoke,959,388,991,546
0055.png,29,170,Smoke,1168,380,1197,550
0055.png,145,116,Smoke,1225,427,1370,543
0055.png,150,97,Smoke,1770,462,1920,559
0055.png,65,197,Smoke,1615,422,1680,619
0055.png,57,48,Smoke,1701,577,1758,625
0055.png,34,116,Smoke,1432,431,1466,547
0055.png,76,92,Smoke,1766,310,1842,402
0055.png,48,34,Smoke,559,483,607,517
0055.png,23,113,Smoke,1214,464,1237,577
0055.png,57,57,Smoke,1773,313,1830,370
0056.png,55,143,Smoke,445,388,500,531
0056.png,74,99,Smoke,660,444,734,543
0056.png,95,176,Smoke,816,378,911,554
0056.png,107,195,Smoke,1020,355,1127,550
0056.png,32,158,Smoke,959,388,991,546
0056.png,29,170,Smoke,1167,380,1196,550
0056.png,145,116,Smoke,1225,426,1370,542
0056.png,151,97,Smoke,1769,462,1920,559
0056.png,65,197,Smoke,1615,421,1680,618
0056.png,57,48,Smoke,1701,577,1758,625
0056.png,34,116,Smoke,1433,432,1467,548
0056.png,76,92,Smoke,1768,309,1844,401
0056.png,48,34,Smoke,559,483,607,517
0056.png,23,113,Smoke,1214,464,1237,577
0056.png,57,57,Smoke,1773,313,1830,370
0057.png,55,143,Smoke,445,388,500,531
0057.png,74,99,Smoke,660,444,734,543
0057.png,95,176,Smoke,817,378,912,554
0057.png,107,195,Smoke,1021,355,1128,550
0057.png,32,158,Smoke,960,388,992,546
0057.png,29,170,Smoke,1164,393,1193,563
0057.png,145,116,Smoke,1225,427,1370,543
0057.png,150,97,Smoke,1770,462,1920,559
0057.png,65,197,Smoke,1616,422,1681,619
0057.png,57,48,Smoke,1702,578,1759,626
0057.png,34,116,Smoke,1433,431,1467,547
0057.png,76,92,Smoke,1767,309,1843,401
0057.png,48,34,Smoke,559,483,607,517
0057.png,23,113,Smoke,1214,464,1237,577
0057.png,57,57,Smoke,1773,313,1830,370
0058.png,55,143,Smoke,446,387,501,530
0058.png,74,99,Smoke,660,444,734,543
0058.png,95,176,Smoke,817,378,912,554
0058.png,107,195,Smoke,1022,355,1129,550
0058.png,32,158,Smoke,960,388,992,546
0058.png,29,170,Smoke,1168,375,1197,545
0058.png,145,116,Smoke,1225,426,1370,542
0058.png,151,97,Smoke,1769,459,1920,556
0058.png,65,197,Smoke,1616,423,1681,620
0058.png,57,48,Smoke,1702,578,1759,626
0058.png,34,116,Smoke,1433,434,1467,550
0058.png,76,92,Smoke,1767,309,1843,401
0058.png,48,34,Smoke,559,483,607,517
0058.png,23,113,Smoke,1214,464,1237,577
0058.png,57,57,Smoke,1773,313,1830,370
0059.png,55,143,Smoke,446,388,501,531
0059.png,74,99,Smoke,661,444,735,543
0059.png,95,176,Smoke,817,379,912,555
0059.png,107,195,Smoke,1022,355,1129,550
0059.png,32,158,Smoke,961,388,993,546
0059.png,29,170,Smoke,1167,382,1196,552
0059.png,145,116,Smoke,1226,426,1371,542
0059.png,150,97,Smoke,1770,461,1920,558
0059.png,65,197,Smoke,1616,422,1681,619
0059.png,57,48,Smoke,1702,578,1759,626
0059.png,34,116,Smoke,1434,434,1468,550
0059.png,76,92,Smoke,1767,309,1843,401
0059.png,48,34,Smoke,559,483,607,517
0059.png,23,113,Smoke,1214,464,1237,577
0059.png,57,57,Smoke,1773,313,1830,370
0060.png,55,143,Smoke,446,388,501,531
0060.png,74,99,Smoke,662,444,736,543
0060.png,95,176,Smoke,817,378,912,554
0060.png,107,195,Smoke,1022,355,1129,550
0060.png,32,158,Smoke,961,388,993,546
0060.png,29,170,Smoke,1168,381,1197,551
0060.png,145,116,Smoke,1226,427,1371,543
0060.png,151,97,Smoke,1769,461,1920,558
0060.png,65,197,Smoke,1617,421,1682,618
0060.png,57,48,Smoke,1703,578,1760,626
0060.png,34,116,Smoke,1434,434,1468,550
0060.png,76,92,Smoke,1768,310,1844,402
0060.png,48,34,Smoke,559,483,607,517
0060.png,23,113,Smoke,1214,464,1237,577
0060.png,57,57,Smoke,1773,313,1830,370
0061.png,55,143,Smoke,446,387,501,530
0061.png,74,99,Smoke,662,445,736,544
0061.png,95,176,Smoke,818,379,913,555
0061.png,107,195,Smoke,1023,355,1130,550
0061.png,32,158,Smoke,961,388,993,546
0061.png,29,170,Smoke,1169,375,1198,545
0061.png,145,116,Smoke,1226,427,1371,543
0061.png,150,97,Smoke,1770,459,1920,556
0061.png,65,197,Smoke,1617,422,1682,619
0061.png,57,48,Smoke,1703,578,1760,626
0061.png,34,116,Smoke,1433,433,1467,549
0061.png,76,92,Smoke,1769,309,1845,401
0061.png,48,34,Smoke,559,483,607,517
0061.png,23,113,Smoke,1214,464,1237,577
0061.png,57,57,Smoke,1773,313,1830,370
0062.png,55,143,Smoke,446,387,501,530
0062.png,74,99,Smoke,662,445,736,544
0062.png,95,176,Smoke,818,378,913,554
0062.png,107,195,Smoke,1022,355,1129,550
0062.png,32,158,Smoke,961,388,993,546
0062.png,29,170,Smoke,1169,375,1198,545
0062.png,145,116,Smoke,1226,427,1371,543
0062.png,149,97,Smoke,1771,459,1920,556
0062.png,65,197,Smoke,1617,423,1682,620
0062.png,57,48,Smoke,1703,578,1760,626
0062.png,34,116,Smoke,1433,433,1467,549
0062.png,76,92,Smoke,1770,309,1846,401
0062.png,48,34,Smoke,559,483,607,517
0062.png,23,113,Smoke,1214,464,1237,577
0062.png,57,57,Smoke,1773,313,1830,370
0063.png,55,143,Smoke,446,387,501,530
0063.png,74,99,Smoke,662,445,736,544
0063.png,95,176,Smoke,818,379,913,555
0063.png,107,195,Smoke,1023,355,1130,550
0063.png,32,158,Smoke,961,388,993,546
0063.png,29,170,Smoke,1168,375,1197,545
0063.png,145,116,Smoke,1226,428,1371,544
0063.png,149,97,Smoke,1771,458,1920,555
0063.png,65,197,Smoke,1617,422,1682,619
0063.png,57,48,Smoke,1703,577,1760,625
0063.png,34,116,Smoke,1432,433,1466,549
0063.png,76,92,Smoke,1769,309,1845,401
0063.png,48,34,Smoke,559,483,607,517
0063.png,23,113,Smoke,1214,464,1237,577
0063.png,57,57,Smoke,1773,313,1830,370
0064.png,55,143,Smoke,446,387,501,530
0064.png,74,99,Smoke,663,446,737,545
0064.png,95,176,Smoke,818,378,913,554
0064.png,107,195,Smoke,1022,355,1129,550
0064.png,32,158,Smoke,961,388,993,546
0064.png,29,170,Smoke,1169,375,1198,545
0064.png,145,116,Smoke,1227,427,1372,543
0064.png,149,97,Smoke,1771,458,1920,555
0064.png,65,197,Smoke,1617,423,1682,620
0064.png,57,48,Smoke,1703,577,1760,625
0064.png,34,116,Smoke,1433,432,1467,548
0064.png,76,92,Smoke,1770,309,1846,401
0064.png,48,34,Smoke,559,483,607,517
0064.png,23,113,Smoke,1214,464,1237,577
0064.png,57,57,Smoke,1773,313,1830,370
0065.png,55,143,Smoke,446,387,501,530
0065.png,74,99,Smoke,663,445,737,544
0065.png,95,176,Smoke,819,378,914,554
0065.png,107,195,Smoke,1023,355,1130,550
0065.png,32,158,Smoke,961,388,993,546
0065.png,29,170,Smoke,1169,375,1198,545
0065.png,145,116,Smoke,1227,427,1372,543
0065.png,149,97,Smoke,1771,458,1920,555
0065.png,65,197,Smoke,1617,422,1682,619
0065.png,57,48,Smoke,1703,577,1760,625
0065.png,34,116,Smoke,1433,432,1467,548
0065.png,76,92,Smoke,1769,309,1845,401
0065.png,48,34,Smoke,559,483,607,517
0065.png,23,113,Smoke,1214,464,1237,577
0065.png,57,57,Smoke,1773,313,1830,370
0066.png,55,143,Smoke,446,387,501,530
0066.png,74,99,Smoke,663,445,737,544
0066.png,95,176,Smoke,818,378,913,554
0066.png,107,195,Smoke,1024,355,1131,550
0066.png,32,158,Smoke,962,388,994,546
0066.png,29,170,Smoke,1168,375,1197,545
0066.png,145,116,Smoke,1227,427,1372,543
0066.png,149,97,Smoke,1771,458,1920,555
0066.png,65,197,Smoke,1618,421,1683,618
0066.png,57,48,Smoke,1703,578,1760,626
0066.png,34,116,Smoke,1433,432,1467,548
0066.png,76,92,Smoke,1769,309,1845,401
0066.png,48,34,Smoke,559,483,607,517
0066.png,23,113,Smoke,1214,464,1237,577
0066.png,57,57,Smoke,1773,313,1830,370
0067.png,55,143,Smoke,446,387,501,530
0067.png,74,99,Smoke,663,445,737,544
0067.png,95,176,Smoke,819,378,914,554
0067.png,107,195,Smoke,1023,355,1130,550
0067.png,32,158,Smoke,962,388,994,546
0067.png,29,170,Smoke,1166,407,1195,577
0067.png,145,116,Smoke,1227,427,1372,543
0067.png,149,97,Smoke,1771,458,1920,555
0067.png,65,197,Smoke,1618,422,1683,619
0067.png,57,48,Smoke,1703,578,1760,626
0067.png,34,116,Smoke,1433,432,1467,548
0067.png,76,92,Smoke,1769,309,1845,401
0067.png,48,34,Smoke,559,483,607,517
0067.png,23,113,Smoke,1214,464,1237,577
0067.png,57,57,Smoke,1773,313,1830,370
0068.png,55,143,Smoke,446,388,501,531
0068.png,74,99,Smoke,662,445,736,544
0068.png,95,176,Smoke,818,378,913,554
0068.png,107,195,Smoke,1023,355,1130,550
0068.png,32,158,Smoke,962,388,994,546
0068.png,29,170,Smoke,1168,375,1197,545
0068.png,145,116,Smoke,1227,427,1372,543
0068.png,149,97,Smoke,1771,457,1920,554
0068.png,65,197,Smoke,1618,421,1683,618
0068.png,57,48,Smoke,1704,578,1761,626
0068.png,34,116,Smoke,1433,432,1467,548
0068.png,76,92,Smoke,1769,309,1845,401
0068.png,48,34,Smoke,559,483,607,517
0068.png,23,113,Smoke,1214,464,1237,577
0068.png,57,57,Smoke,1773,313,1830,370
0069.png,55,143,Smoke,446,388,501,531
0069.png,74,99,Smoke,663,445,737,544
0069.png,95,176,Smoke,819,378,914,554
0069.png,107,195,Smoke,1023,355,1130,550
0069.png,32,158,Smoke,962,388,994,546
0069.png,29,218,Smoke,1166,357,1195,575
0069.png,145,116,Smoke,1227,427,1372,543
0069.png,149,97,Smoke,1771,456,1920,553
0069.png,65,197,Smoke,1618,422,1683,619
0069.png,57,48,Smoke,1703,578,1760,626
0069.png,34,116,Smoke,1433,432,1467,548
0069.png,76,92,Smoke,1769,309,1845,401
0069.png,48,34,Smoke,559,483,607,517
0069.png,23,113,Smoke,1214,464,1237,577
0069.png,57,57,Smoke,1773,313,1830,370
0070.png,55,143,Smoke,446,388,501,531
0070.png,74,99,Smoke,663,445,737,544
0070.png,95,176,Smoke,818,378,913,554
0070.png,107,195,Smoke,1023,357,1130,552
0070.png,32,158,Smoke,962,388,994,546
0070.png,29,218,Smoke,1166,357,1195,575
0070.png,145,116,Smoke,1227,427,1372,543
0070.png,149,97,Smoke,1771,457,1920,554
0070.png,65,197,Smoke,1618,421,1683,618
0070.png,57,48,Smoke,1704,578,1761,626
0070.png,34,116,Smoke,1433,432,1467,548
0070.png,76,92,Smoke,1769,309,1845,401
0070.png,48,34,Smoke,559,483,607,517
0070.png,23,113,Smoke,1214,464,1237,577
0070.png,57,57,Smoke,1773,313,1830,370
0071.png,55,143,Smoke,446,387,501,530
0071.png,74,99,Smoke,663,445,737,544
0071.png,95,176,Smoke,818,377,913,553
0071.png,107,195,Smoke,1022,357,1129,552
0071.png,32,158,Smoke,961,388,993,546
0071.png,29,218,Smoke,1166,357,1195,575
0071.png,145,116,Smoke,1226,427,1371,543
0071.png,149,97,Smoke,1771,457,1920,554
0071.png,65,197,Smoke,1618,422,1683,619
0071.png,57,48,Smoke,1704,577,1761,625
0071.png,34,116,Smoke,1433,432,1467,548
0071.png,76,92,Smoke,1769,309,1845,401
0071.png,48,34,Smoke,559,483,607,517
0071.png,23,113,Smoke,1214,464,1237,577
0071.png,57,57,Smoke,1773,313,1830,370
0072.png,55,143,Smoke,446,387,501,530
0072.png,74,99,Smoke,663,445,737,544
0072.png,95,176,Smoke,818,377,913,553
0072.png,107,195,Smoke,1022,355,1129,550
0072.png,32,158,Smoke,961,388,993,546
0072.png,29,218,Smoke,1166,356,1195,574
0072.png,145,116,Smoke,1226,427,1371,543
0072.png,148,97,Smoke,1772,456,1920,553
0072.png,65,197,Smoke,1618,422,1683,619
0072.png,57,48,Smoke,1704,577,1761,625
0072.png,34,116,Smoke,1433,432,1467,548
0072.png,76,92,Smoke,1769,309,1845,401
0072.png,48,34,Smoke,559,483,607,517
0072.png,23,113,Smoke,1214,464,1237,577
0072.png,57,57,Smoke,1773,313,1830,370
0073.png,55,143,Smoke,446,387,501,530
0073.png,74,99,Smoke,663,445,737,544
0073.png,95,176,Smoke,818,375,913,551
0073.png,107,195,Smoke,1022,357,1129,552
0073.png,32,158,Smoke,961,388,993,546
0073.png,29,218,Smoke,1166,356,1195,574
0073.png,145,116,Smoke,1226,427,1371,543
0073.png,148,97,Smoke,1772,457,1920,554
0073.png,65,197,Smoke,1618,422,1683,619
0073.png,57,48,Smoke,1704,577,1761,625
0073.png,34,116,Smoke,1433,432,1467,548
0073.png,76,92,Smoke,1769,309,1845,401
0073.png,48,34,Smoke,559,483,607,517
0073.png,23,113,Smoke,1214,464,1237,577
0073.png,57,57,Smoke,1773,313,1830,370
0074.png,55,143,Smoke,446,387,501,530
0074.png,74,99,Smoke,663,445,737,544
0074.png,95,176,Smoke,818,376,913,552
0074.png,107,195,Smoke,1022,357,1129,552
0074.png,32,158,Smoke,961,388,993,546
0074.png,29,218,Smoke,1165,359,1194,577
0074.png,145,116,Smoke,1226,427,1371,543
0074.png,148,97,Smoke,1772,456,1920,553
0074.png,65,197,Smoke,1618,421,1683,618
0074.png,57,48,Smoke,1704,577,1761,625
0074.png,34,116,Smoke,1433,432,1467,548
0074.png,76,92,Smoke,1769,309,1845,401
0074.png,48,34,Smoke,559,483,607,517
0074.png,23,113,Smoke,1214,464,1237,577
0074.png,57,57,Smoke,1773,313,1830,370
0075.png,55,143,Smoke,446,388,501,531
0075.png,74,99,Smoke,663,445,737,544
0075.png,95,176,Smoke,818,376,913,552
0075.png,107,195,Smoke,1022,357,1129,552
0075.png,32,158,Smoke,962,387,994,545
0075.png,29,218,Smoke,1165,355,1194,573
0075.png,145,116,Smoke,1226,427,1371,543
0075.png,148,97,Smoke,1772,456,1920,553
0075.png,65,197,Smoke,1618,422,1683,619
0075.png,57,48,Smoke,1704,578,1761,626
0075.png,34,116,Smoke,1433,432,1467,548
0075.png,76,92,Smoke,1770,309,1846,401
0075.png,48,34,Smoke,559,483,607,517
0075.png,23,113,Smoke,1214,464,1237,577
0075.png,57,57,Smoke,1773,313,1830,370
0076.png,55,143,Smoke,446,387,501,530
0076.png,74,99,Smoke,663,444,737,543
0076.png,95,176,Smoke,817,376,912,552
0076.png,107,195,Smoke,1022,357,1129,552
0076.png,32,158,Smoke,961,388,993,546
0076.png,29,218,Smoke,1165,357,1194,575
0076.png,145,116,Smoke,1226,427,1371,543
0076.png,148,97,Smoke,1772,456,1920,553
0076.png,65,197,Smoke,1618,421,1683,618
0076.png,57,48,Smoke,1704,578,1761,626
0076.png,34,116,Smoke,1433,433,1467,549
0076.png,76,92,Smoke,1769,309,1845,401
0076.png,48,34,Smoke,559,483,607,517
0076.png,23,113,Smoke,1214,464,1237,577
0076.png,57,57,Smoke,1773,313,1830,370
0077.png,55,143,Smoke,446,387,501,530
0077.png,74,99,Smoke,663,445,737,544
0077.png,95,176,Smoke,818,377,913,553
0077.png,107,195,Smoke,1022,357,1129,552
0077.png,32,158,Smoke,962,388,994,546
0077.png,29,218,Smoke,1165,355,1194,573
0077.png,145,116,Smoke,1226,427,1371,543
0077.png,148,97,Smoke,1772,456,1920,553
0077.png,65,197,Smoke,1618,422,1683,619
0077.png,57,48,Smoke,1704,578,1761,626
0077.png,34,116,Smoke,1433,431,1467,547
0077.png,76,92,Smoke,1769,309,1845,401
0077.png,48,34,Smoke,559,483,607,517
0077.png,23,113,Smoke,1214,464,1237,577
0077.png,57,57,Smoke,1773,313,1830,370
0078.png,55,143,Smoke,446,387,501,530
0078.png,74,99,Smoke,663,444,737,543
0078.png,95,176,Smoke,818,376,913,552
0078.png,107,195,Smoke,1022,357,1129,552
0078.png,32,158,Smoke,962,387,994,545
0078.png,29,218,Smoke,1165,354,1194,572
0078.png,145,116,Smoke,1226,427,1371,543
0078.png,149,97,Smoke,1771,456,1920,553
0078.png,65,197,Smoke,1618,421,1683,618
0078.png,57,48,Smoke,1704,577,1761,625
0078.png,50,116,Smoke,1433,433,1483,549
0078.png,76,92,Smoke,1769,309,1845,401
0078.png,48,34,Smoke,559,483,607,517
0078.png,23,113,Smoke,1214,464,1237,577
0078.png,57,57,Smoke,1773,313,1830,370
0079.png,55,143,Smoke,446,387,501,530
0079.png,74,99,Smoke,663,444,737,543
0079.png,95,176,Smoke,817,377,912,553
0079.png,107,195,Smoke,1022,357,1129,552
0079.png,32,158,Smoke,961,386,993,544
0079.png,29,218,Smoke,1166,355,1195,573
0079.png,145,116,Smoke,1226,427,1371,543
0079.png,149,97,Smoke,1771,456,1920,553
0079.png,65,197,Smoke,1618,422,1683,619
0079.png,57,48,Smoke,1703,578,1760,626
0079.png,50,116,Smoke,1433,433,1483,549
0079.png,76,92,Smoke,1769,309,1845,401
0079.png,48,34,Smoke,559,483,607,517
0079.png,23,113,Smoke,1214,464,1237,577
0079.png,57,57,Smoke,1773,313,1830,370
0080.png,55,143,Smoke,446,387,501,530
0080.png,74,99,Smoke,663,444,737,543
0080.png,95,176,Smoke,817,376,912,552
0080.png,107,195,Smoke,1022,357,1129,552
0080.png,32,158,Smoke,962,388,994,546
0080.png,29,218,Smoke,1166,355,1195,573
0080.png,145,116,Smoke,1226,427,1371,543
0080.png,149,97,Smoke,1771,456,1920,553
0080.png,65,197,Smoke,1618,421,1683,618
0080.png,57,48,Smoke,1703,577,1760,625
0080.png,50,116,Smoke,1433,433,1483,549
0080.png,76,92,Smoke,1768,309,1844,401
0080.png,48,34,Smoke,559,483,607,517
0080.png,23,113,Smoke,1214,464,1237,577
0080.png,57,57,Smoke,1773,313,1830,370
0081.png,55,143,Smoke,446,387,501,530
0081.png,74,99,Smoke,663,444,737,543
0081.png,95,176,Smoke,818,375,913,551
0081.png,107,195,Smoke,1022,357,1129,552
0081.png,32,158,Smoke,961,386,993,544
0081.png,29,218,Smoke,1165,355,1194,573
0081.png,145,116,Smoke,1226,427,1371,543
0081.png,149,97,Smoke,1771,455,1920,552
0081.png,65,197,Smoke,1618,422,1683,619
0081.png,57,48,Smoke,1704,577,1761,625
0081.png,50,116,Smoke,1433,433,1483,549
0081.png,76,92,Smoke,1768,309,1844,401
0081.png,48,34,Smoke,559,483,607,517
0081.png,23,113,Smoke,1214,464,1237,577
0081.png,57,57,Smoke,1773,313,1830,370
0082.png,55,143,Smoke,446,388,501,531
0082.png,74,99,Smoke,663,444,737,543
0082.png,95,176,Smoke,818,376,913,552
0082.png,107,195,Smoke,1022,358,1129,553
0082.png,32,158,Smoke,962,386,994,544
0082.png,29,218,Smoke,1165,355,1194,573
0082.png,145,116,Smoke,1226,427,1371,543
0082.png,148,97,Smoke,1772,455,1920,552
0082.png,65,197,Smoke,1618,422,1683,619
0082.png,57,48,Smoke,1704,577,1761,625
0082.png,50,116,Smoke,1433,433,1483,549
0082.png,76,92,Smoke,1768,309,1844,401
0082.png,48,34,Smoke,559,483,607,517
0082.png,23,113,Smoke,1214,464,1237,577
0082.png,57,57,Smoke,1773,313,1830,370
0083.png,55,143,Smoke,446,388,501,531
0083.png,74,99,Smoke,664,444,738,543
0083.png,95,176,Smoke,818,375,913,551
0083.png,107,195,Smoke,1022,358,1129,553
0083.png,32,158,Smoke,961,386,993,544
0083.png,29,218,Smoke,1165,355,1194,573
0083.png,145,116,Smoke,1226,427,1371,543
0083.png,148,97,Smoke,1772,455,1920,552
0083.png,65,197,Smoke,1618,422,1683,619
0083.png,57,48,Smoke,1704,577,1761,625
0083.png,50,116,Smoke,1433,433,1483,549
0083.png,76,92,Smoke,1768,309,1844,401
0083.png,48,34,Smoke,559,483,607,517
0083.png,23,113,Smoke,1214,464,1237,577
0083.png,57,57,Smoke,1773,313,1830,370
0084.png,55,143,Smoke,446,388,501,531
0084.png,74,99,Smoke,663,443,737,542
0084.png,95,176,Smoke,818,376,913,552
0084.png,107,195,Smoke,1022,357,1129,552
0084.png,32,158,Smoke,961,388,993,546
0084.png,29,218,Smoke,1165,353,1194,571
0084.png,145,116,Smoke,1226,427,1371,543
0084.png,148,97,Smoke,1772,455,1920,552
0084.png,65,197,Smoke,1618,421,1683,618
0084.png,57,48,Smoke,1704,577,1761,625
0084.png,50,116,Smoke,1433,433,1483,549
0084.png,76,92,Smoke,1768,309,1844,401
0084.png,48,34,Smoke,559,483,607,517
0084.png,23,113,Smoke,1214,464,1237,577
0084.png,57,57,Smoke,1773,313,1830,370
0085.png,55,143,Smoke,446,387,501,530
0085.png,74,99,Smoke,664,444,738,543
0085.png,95,176,Smoke,818,375,913,551
0085.png,107,195,Smoke,1022,357,1129,552
0085.png,32,158,Smoke,961,387,993,545
0085.png,29,218,Smoke,1165,353,1194,571
0085.png,145,116,Smoke,1226,427,1371,543
0085.png,148,97,Smoke,1772,456,1920,553
0085.png,65,197,Smoke,1618,422,1683,619
0085.png,57,48,Smoke,1704,577,1761,625
0085.png,50,116,Smoke,1433,433,1483,549
0085.png,76,92,Smoke,1768,309,1844,401
0085.png,48,34,Smoke,559,483,607,517
0085.png,23,113,Smoke,1214,464,1237,577
0085.png,57,57,Smoke,1773,313,1830,370
0086.png,55,143,Smoke,446,387,501,530
0086.png,74,99,Smoke,665,444,739,543
0086.png,95,176,Smoke,818,376,913,552
0086.png,107,195,Smoke,1022,357,1129,552
0086.png,32,158,Smoke,961,387,993,545
0086.png,29,218,Smoke,1165,353,1194,571
0086.png,145,116,Smoke,1226,427,1371,543
0086.png,148,97,Smoke,1772,456,1920,553
0086.png,65,197,Smoke,1618,422,1683,619
0086.png,57,48,Smoke,1704,577,1761,625
0086.png,50,116,Smoke,1433,433,1483,549
0086.png,76,92,Smoke,1768,309,1844,401
0086.png,48,34,Smoke,559,483,607,517
0086.png,23,113,Smoke,1214,464,1237,577
0086.png,57,57,Smoke,1773,313,1830,370
0087.png,55,143,Smoke,446,387,501,530
0087.png,74,99,Smoke,664,443,738,542
0087.png,95,176,Smoke,819,375,914,551
0087.png,107,195,Smoke,1022,357,1129,552
0087.png,32,158,Smoke,961,387,993,545
0087.png,29,218,Smoke,1165,355,1194,573
0087.png,145,116,Smoke,1226,427,1371,543
0087.png,148,97,Smoke,1772,456,1920,553
0087.png,65,197,Smoke,1618,422,1683,619
0087.png,57,48,Smoke,1705,577,1762,625
0087.png,50,116,Smoke,1433,433,1483,549
0087.png,76,92,Smoke,1768,309,1844,401
0087.png,48,34,Smoke,559,483,607,517
0087.png,23,113,Smoke,1214,464,1237,577
0087.png,57,57,Smoke,1773,313,1830,370
0088.png,55,143,Smoke,446,387,501,530
0088.png,74,99,Smoke,664,443,738,542
0088.png,95,176,Smoke,818,374,913,550
0088.png,107,195,Smoke,1022,357,1129,552
0088.png,32,158,Smoke,961,387,993,545
0088.png,29,218,Smoke,1165,355,1194,573
0088.png,145,116,Smoke,1226,427,1371,543
0088.png,148,97,Smoke,1772,456,1920,553
0088.png,65,197,Smoke,1618,422,1683,619
0088.png,57,48,Smoke,1704,576,1761,624
0088.png,50,116,Smoke,1433,433,1483,549
0088.png,76,92,Smoke,1768,309,1844,401
0088.png,48,34,Smoke,559,483,607,517
0088.png,23,113,Smoke,1214,464,1237,577
0088.png,57,57,Smoke,1773,313,1830,370
0089.png,55,143,Smoke,446,387,501,530
0089.png,74,99,Smoke,664,443,738,542
0089.png,95,176,Smoke,818,375,913,551
0089.png,107,195,Smoke,1022,357,1129,552
0089.png,32,158,Smoke,961,387,993,545
0089.png,29,218,Smoke,1165,355,1194,573
0089.png,145,116,Smoke,1226,427,1371,543
0089.png,148,97,Smoke,1772,456,1920,553
0089.png,65,197,Smoke,1618,422,1683,619
0089.png,57,48,Smoke,1704,576,1761,624
0089.png,50,116,Smoke,1433,433,1483,549
0089.png,76,92,Smoke,1767,309,1843,401
0089.png,48,34,Smoke,559,483,607,517
0089.png,23,113,Smoke,1214,464,1237,577
0089.png,57,57,Smoke,1773,313,1830,370
0090.png,55,143,Smoke,446,387,501,530
0090.png,74,99,Smoke,665,443,739,542
0090.png,95,176,Smoke,818,376,913,552
0090.png,107,195,Smoke,1023,357,1130,552
0090.png,32,158,Smoke,961,387,993,545
0090.png,29,218,Smoke,1164,355,1193,573
0090.png,145,116,Smoke,1226,427,1371,543
0090.png,148,97,Smoke,1772,456,1920,553
0090.png,65,197,Smoke,1618,421,1683,618
0090.png,57,48,Smoke,1704,576,1761,624
0090.png,50,116,Smoke,1433,433,1483,549
0090.png,76,92,Smoke,1768,309,1844,401
0090.png,48,34,Smoke,559,483,607,517
0090.png,23,113,Smoke,1214,464,1237,577
0090.png,57,57,Smoke,1773,313,1830,370
0091.png,55,143,Smoke,446,387,501,530
0091.png,74,99,Smoke,665,442,739,541
0091.png,95,176,Smoke,818,375,913,551
0091.png,107,195,Smoke,1022,357,1129,552
0091.png,32,158,Smoke,961,387,993,545
0091.png,29,218,Smoke,1164,355,1193,573
0091.png,145,116,Smoke,1226,427,1371,543
0091.png,148,97,Smoke,1772,456,1920,553
0091.png,65,197,Smoke,1618,422,1683,619
0091.png,57,48,Smoke,1704,576,1761,624
0091.png,50,116,Smoke,1433,433,1483,549
0091.png,76,92,Smoke,1768,309,1844,401
0091.png,48,34,Smoke,559,483,607,517
0091.png,23,113,Smoke,1214,464,1237,577
0091.png,57,57,Smoke,1773,313,1830,370
0092.png,55,143,Smoke,446,387,501,530
0092.png,74,99,Smoke,665,443,739,542
0092.png,95,176,Smoke,818,375,913,551
0092.png,107,195,Smoke,1022,356,1129,551
0092.png,32,158,Smoke,962,387,994,545
0092.png,29,218,Smoke,1164,357,1193,575
0092.png,145,116,Smoke,1226,427,1371,543
0092.png,147,97,Smoke,1773,456,1920,553
0092.png,65,197,Smoke,1618,423,1683,620
0092.png,57,48,Smoke,1704,577,1761,625
0092.png,50,116,Smoke,1433,433,1483,549
0092.png,76,92,Smoke,1768,309,1844,401
0092.png,48,34,Smoke,559,483,607,517
0092.png,23,113,Smoke,1214,464,1237,577
0092.png,57,57,Smoke,1773,313,1830,370
0093.png,55,143,Smoke,446,386,501,529
0093.png,74,99,Smoke,665,443,739,542
0093.png,95,176,Smoke,818,375,913,551
0093.png,107,195,Smoke,1022,357,1129,552
0093.png,32,158,Smoke,962,387,994,545
0093.png,29,218,Smoke,1164,351,1193,569
0093.png,145,116,Smoke,1226,427,1371,543
0093.png,148,97,Smoke,1772,455,1920,552
0093.png,65,197,Smoke,1618,422,1683,619
0093.png,57,48,Smoke,1704,577,1761,625
0093.png,50,116,Smoke,1433,433,1483,549
0093.png,76,92,Smoke,1768,309,1844,401
0093.png,48,34,Smoke,559,483,607,517
0093.png,23,113,Smoke,1214,464,1237,577
0093.png,57,57,Smoke,1773,313,1830,370
0094.png,55,143,Smoke,446,386,501,529
0094.png,74,99,Smoke,666,442,740,541
0094.png,95,176,Smoke,818,375,913,551
0094.png,107,195,Smoke,1022,357,1129,552
0094.png,32,158,Smoke,961,386,993,544
0094.png,29,218,Smoke,1164,351,1193,569
0094.png,145,116,Smoke,1226,427,1371,543
0094.png,150,97,Smoke,1770,455,1920,552
0094.png,65,197,Smoke,1618,423,1683,620
0094.png,57,48,Smoke,1704,576,1761,624
0094.png,50,116,Smoke,1433,433,1483,549
0094.png,76,92,Smoke,1768,309,1844,401
0094.png,48,34,Smoke,559,483,607,517
0094.png,23,113,Smoke,1214,464,1237,577
0094.png,57,57,Smoke,1773,313,1830,370
0095.png,55,143,Smoke,446,387,501,530
0095.png,74,99,Smoke,665,442,739,541
0095.png,95,176,Smoke,818,375,913,551
0095.png,107,195,Smoke,1022,357,1129,552
0095.png,32,158,Smoke,962,386,994,544
0095.png,29,218,Smoke,1164,351,1193,569
0095.png,145,116,Smoke,1226,427,1371,543
0095.png,151,97,Smoke,1769,455,1920,552
0095.png,65,197,Smoke,1618,422,1683,619
0095.png,57,48,Smoke,1704,575,1761,623
0095.png,50,116,Smoke,1433,433,1483,549
0095.png,76,92,Smoke,1768,309,1844,401
0095.png,48,34,Smoke,559,483,607,517
0095.png,23,113,Smoke,1214,464,1237,577
0095.png,57,57,Smoke,1773,313,1830,370
0096.png,55,143,Smoke,446,387,501,530
0096.png,74,99,Smoke,665,442,739,541
0096.png,95,176,Smoke,818,375,913,551
0096.png,107,195,Smoke,1022,356,1129,551
0096.png,32,158,Smoke,962,386,994,544
0096.png,29,218,Smoke,1164,351,1193,569
0096.png,145,116,Smoke,1226,427,1371,543
0096.png,148,97,Smoke,1772,456,1920,553
0096.png,65,197,Smoke,1618,421,1683,618
0096.png,57,48,Smoke,1704,576,1761,624
0096.png,50,116,Smoke,1433,434,1483,550
0096.png,76,92,Smoke,1768,309,1844,401
0096.png,48,34,Smoke,559,483,607,517
0096.png,23,113,Smoke,1214,464,1237,577
0096.png,57,57,Smoke,1773,313,1830,370
0097.png,55,143,Smoke,446,386,501,529
0097.png,74,99,Smoke,665,442,739,541
0097.png,95,176,Smoke,818,375,913,551
0097.png,107,195,Smoke,1023,356,1130,551
0097.png,32,158,Smoke,962,387,994,545
0097.png,29,218,Smoke,1164,351,1193,569
0097.png,145,116,Smoke,1226,427,1371,543
0097.png,148,97,Smoke,1772,456,1920,553
0097.png,65,197,Smoke,1618,422,1683,619
0097.png,57,48,Smoke,1703,577,1760,625
0097.png,50,116,Smoke,1433,432,1483,548
0097.png,76,92,Smoke,1768,309,1844,401
0097.png,48,34,Smoke,559,483,607,517
0097.png,23,113,Smoke,1214,464,1237,577
0097.png,57,57,Smoke,1773,313,1830,370
0098.png,55,143,Smoke,446,385,501,528
0098.png,74,99,Smoke,665,442,739,541
0098.png,95,176,Smoke,818,374,913,550
0098.png,107,195,Smoke,1023,356,1130,551
0098.png,32,158,Smoke,961,386,993,544
0098.png,29,218,Smoke,1164,351,1193,569
0098.png,145,116,Smoke,1226,427,1371,543
0098.png,148,97,Smoke,1772,456,1920,553
0098.png,65,197,Smoke,1618,422,1683,619
0098.png,57,48,Smoke,1704,577,1761,625
0098.png,50,116,Smoke,1433,432,1483,548
0098.png,76,92,Smoke,1768,309,1844,401
0098.png,48,34,Smoke,559,483,607,517
0098.png,23,113,Smoke,1214,464,1237,577
0098.png,57,57,Smoke,1773,313,1830,370
0099.png,55,143,Smoke,446,385,501,528
0099.png,74,99,Smoke,665,442,739,541
0099.png,95,176,Smoke,818,375,913,551
0099.png,107,195,Smoke,1022,356,1129,551
0099.png,32,158,Smoke,962,387,994,545
0099.png,29,218,Smoke,1164,351,1193,569
0099.png,145,116,Smoke,1226,427,1371,543
0099.png,148,97,Smoke,1772,456,1920,553
0099.png,65,197,Smoke,1618,422,1683,619
0099.png,57,48,Smoke,1704,577,1761,625
0099.png,50,116,Smoke,1433,433,1483,549
0099.png,76,92,Smoke,1768,309,1844,401
0099.png,48,34,Smoke,559,483,607,517
0099.png,23,113,Smoke,1214,464,1237,577
0099.png,57,57,Smoke,1773,313,1830,370
0100.png,55,143,Smoke,446,385,501,528
0100.png,74,99,Smoke,665,442,739,541
0100.png,95,176,Smoke,818,374,913,550
0100.png,107,195,Smoke,1022,355,1129,550
0100.png,32,158,Smoke,962,387,994,545
0100.png,29,218,Smoke,1164,351,1193,569
0100.png,145,116,Smoke,1226,427,1371,543
0100.png,148,97,Smoke,1772,456,1920,553
0100.png,65,197,Smoke,1618,421,1683,618
0100.png,57,48,Smoke,1704,577,1761,625
0100.png,50,116,Smoke,1433,433,1483,549
0100.png,76,92,Smoke,1768,309,1844,401
0100.png,48,34,Smoke,559,483,607,517
0100.png,23,113,Smoke,1214,464,1237,577
0100.png,57,57,Smoke,1773,313,1830,370
0101.png,55,143,Smoke,446,386,501,529
0101.png,74,99,Smoke,665,442,739,541
0101.png,95,176,Smoke,818,375,913,551
0101.png,107,195,Smoke,1022,355,1129,550
0101.png,32,158,Smoke,962,387,994,545
0101.png,29,218,Smoke,1164,351,1193,569
0101.png,145,116,Smoke,1226,427,1371,543
0101.png,149,97,Smoke,1771,456,1920,553
0101.png,65,197,Smoke,1618,422,1683,619
0101.png,57,48,Smoke,1704,577,1761,625
0101.png,50,116,Smoke,1433,433,1483,549
0101.png,76,92,Smoke,1768,309,1844,401
0101.png,48,34,Smoke,559,483,607,517
0101.png,23,113,Smoke,1214,464,1237,577
0101.png,57,57,Smoke,1773,313,1830,370
0102.png,55,143,Smoke,446,386,501,529
0102.png,74,99,Smoke,665,442,739,541
0102.png,95,176,Smoke,818,376,913,552
0102.png,107,195,Smoke,1022,355,1129,550
0102.png,32,158,Smoke,962,387,994,545
0102.png,29,218,Smoke,1164,351,1193,569
0102.png,145,116,Smoke,1226,427,1371,543
0102.png,148,97,Smoke,1772,457,1920,554
0102.png,65,197,Smoke,1618,421,1683,618
0102.png,57,48,Smoke,1704,577,1761,625
0102.png,50,116,Smoke,1433,433,1483,549
0102.png,76,92,Smoke,1768,309,1844,401
0102.png,48,34,Smoke,559,483,607,517
0102.png,23,113,Smoke,1214,464,1237,577
0102.png,57,57,Smoke,1773,313,1830,370
0103.png,55,143,Smoke,446,386,501,529
0103.png,74,99,Smoke,665,443,739,542
0103.png,95,176,Smoke,818,375,913,551
0103.png,107,195,Smoke,1022,355,1129,550
0103.png,32,158,Smoke,962,387,994,545
0103.png,29,218,Smoke,1164,351,1193,569
0103.png,145,116,Smoke,1226,427,1371,543
0103.png,148,97,Smoke,1772,457,1920,554
0103.png,65,197,Smoke,1618,422,1683,619
0103.png,57,48,Smoke,1704,577,1761,625
0103.png,50,116,Smoke,1433,433,1483,549
0103.png,76,92,Smoke,1768,309,1844,401
0103.png,48,34,Smoke,559,483,607,517
0103.png,23,113,Smoke,1214,464,1237,577
0103.png,57,57,Smoke,1773,313,1830,370
0104.png,55,143,Smoke,446,386,501,529
0104.png,74,99,Smoke,665,443,739,542
0104.png,95,176,Smoke,818,376,913,552
0104.png,107,195,Smoke,1022,355,1129,550
0104.png,32,158,Smoke,962,387,994,545
0104.png,29,218,Smoke,1164,351,1193,569
0104.png,145,116,Smoke,1226,427,1371,543
0104.png,148,97,Smoke,1772,457,1920,554
0104.png,65,197,Smoke,1618,421,1683,618
0104.png,57,48,Smoke,1704,577,1761,625
0104.png,50,116,Smoke,1433,433,1483,549
0104.png,76,92,Smoke,1768,309,1844,401
0104.png,48,34,Smoke,559,483,607,517
0104.png,23,113,Smoke,1214,464,1237,577
0104.png,57,57,Smoke,1773,313,1830,370
0105.png,55,143,Smoke,446,386,501,529
0105.png,74,99,Smoke,665,443,739,542
0105.png,95,176,Smoke,818,375,913,551
0105.png,107,195,Smoke,1021,355,1128,550
0105.png,32,158,Smoke,962,387,994,545
0105.png,29,218,Smoke,1164,351,1193,569
0105.png,145,116,Smoke,1226,427,1371,543
0105.png,148,97,Smoke,1772,457,1920,554
0105.png,65,197,Smoke,1618,422,1683,619
0105.png,57,48,Smoke,1704,577,1761,625
0105.png,50,116,Smoke,1433,433,1483,549
0105.png,76,92,Smoke,1768,309,1844,401
0105.png,48,34,Smoke,559,483,607,517
0105.png,23,113,Smoke,1214,464,1237,577
0105.png,57,57,Smoke,1773,313,1830,370
0106.png,55,143,Smoke,445,387,500,530
0106.png,74,99,Smoke,665,441,739,540
0106.png,95,176,Smoke,818,376,913,552
0106.png,107,195,Smoke,1022,354,1129,549
0106.png,32,158,Smoke,962,387,994,545
0106.png,29,218,Smoke,1164,351,1193,569
0106.png,145,116,Smoke,1226,427,1371,543
0106.png,148,97,Smoke,1772,455,1920,552
0106.png,65,197,Smoke,1618,423,1683,620
0106.png,57,48,Smoke,1704,579,1761,627
0106.png,50,116,Smoke,1433,433,1483,549
0106.png,76,92,Smoke,1768,309,1844,401
0106.png,48,34,Smoke,559,483,607,517
0106.png,23,113,Smoke,1214,464,1237,577
0106.png,57,57,Smoke,1773,313,1830,370
0107.png,55,143,Smoke,445,387,500,530
0107.png,74,99,Smoke,665,441,739,540
0107.png,95,176,Smoke,818,375,913,551
0107.png,107,195,Smoke,1022,354,1129,549
0107.png,32,158,Smoke,962,387,994,545
0107.png,29,218,Smoke,1164,351,1193,569
0107.png,145,116,Smoke,1226,427,1371,543
0107.png,148,97,Smoke,1772,455,1920,552
0107.png,65,197,Smoke,1618,422,1683,619
0107.png,57,48,Smoke,1704,578,1761,626
0107.png,50,116,Smoke,1433,433,1483,549
0107.png,76,92,Smoke,1768,309,1844,401
0107.png,48,34,Smoke,559,483,607,517
0107.png,23,113,Smoke,1214,464,1237,577
0107.png,57,57,Smoke,1773,313,1830,370
0108.png,55,143,Smoke,446,386,501,529
0108.png,74,99,Smoke,665,441,739,540
0108.png,95,176,Smoke,818,376,913,552
0108.png,107,195,Smoke,1022,354,1129,549
0108.png,32,158,Smoke,962,387,994,545
0108.png,29,218,Smoke,1164,351,1193,569
0108.png,145,116,Smoke,1226,427,1371,543
0108.png,148,97,Smoke,1772,456,1920,553
0108.png,65,197,Smoke,1618,423,1683,620
0108.png,57,48,Smoke,1704,577,1761,625
0108.png,50,116,Smoke,1433,433,1483,549
0108.png,76,92,Smoke,1768,309,1844,401
0108.png,48,34,Smoke,559,483,607,517
0108.png,23,113,Smoke,1214,464,1237,577
0108.png,57,57,Smoke,1773,313,1830,370
0109.png,55,143,Smoke,446,387,501,530
0109.png,74,99,Smoke,665,441,739,540
0109.png,95,176,Smoke,818,375,913,551
0109.png,107,195,Smoke,1022,353,1129,548
0109.png,32,158,Smoke,962,387,994,545
0109.png,29,218,Smoke,1164,351,1193,569
0109.png,145,116,Smoke,1226,427,1371,543
0109.png,148,97,Smoke,1772,456,1920,553
0109.png,65,197,Smoke,1618,422,1683,619
0109.png,57,48,Smoke,1704,577,1761,625
0109.png,50,116,Smoke,1433,433,1483,549
0109.png,76,92,Smoke,1768,308,1844,400
0109.png,48,34,Smoke,559,483,607,517
0109.png,23,113,Smoke,1214,464,1237,577
0109.png,57,57,Smoke,1773,313,1830,370
0110.png,55,143,Smoke,446,387,501,530
0110.png,74,99,Smoke,665,441,739,540
0110.png,95,176,Smoke,818,376,913,552
0110.png,107,195,Smoke,1022,353,1129,548
0110.png,32,158,Smoke,962,387,994,545
0110.png,29,218,Smoke,1164,353,1193,571
0110.png,145,116,Smoke,1226,427,1371,543
0110.png,148,97,Smoke,1772,456,1920,553
0110.png,65,197,Smoke,1618,421,1683,618
0110.png,57,48,Smoke,1704,579,1761,627
0110.png,50,116,Smoke,1433,433,1483,549
0110.png,76,92,Smoke,1768,310,1844,402
0110.png,48,34,Smoke,559,483,607,517
0110.png,23,113,Smoke,1214,464,1237,577
0110.png,57,57,Smoke,1773,313,1830,370
0111.png,55,143,Smoke,446,387,501,530
0111.png,74,99,Smoke,665,440,739,539
0111.png,95,176,Smoke,818,375,913,551
0111.png,107,195,Smoke,1022,354,1129,549
0111.png,32,158,Smoke,962,387,994,545
0111.png,29,218,Smoke,1164,351,1193,569
0111.png,145,116,Smoke,1226,427,1371,543
0111.png,148,97,Smoke,1772,457,1920,554
0111.png,65,197,Smoke,1618,422,1683,619
0111.png,57,48,Smoke,1705,577,1762,625
0111.png,50,116,Smoke,1433,433,1483,549
0111.png,76,92,Smoke,1768,310,1844,402
0111.png,48,34,Smoke,559,483,607,517
0111.png,23,113,Smoke,1214,464,1237,577
0111.png,57,57,Smoke,1773,313,1830,370
0112.png,55,143,Smoke,446,387,501,530
0112.png,74,99,Smoke,665,440,739,539
0112.png,95,176,Smoke,816,374,911,550
0112.png,107,195,Smoke,1022,354,1129,549
0112.png,32,158,Smoke,962,387,994,545
0112.png,29,218,Smoke,1164,351,1193,569
0112.png,145,116,Smoke,1226,427,1371,543
0112.png,147,97,Smoke,1773,457,1920,554
0112.png,65,197,Smoke,1618,422,1683,619
0112.png,57,48,Smoke,1705,577,1762,625
0112.png,50,116,Smoke,1433,432,1483,548
0112.png,76,92,Smoke,1768,310,1844,402
0112.png,48,34,Smoke,559,483,607,517
0112.png,23,113,Smoke,1214,464,1237,577
0112.png,57,57,Smoke,1773,313,1830,370
0113.png,55,143,Smoke,446,387,501,530
0113.png,74,99,Smoke,665,440,739,539
0113.png,95,176,Smoke,817,375,912,551
0113.png,107,195,Smoke,1022,354,1129,549
0113.png,32,158,Smoke,962,387,994,545
0113.png,29,218,Smoke,1164,352,1193,570
0113.png,145,116,Smoke,1226,427,1371,543
0113.png,147,97,Smoke,1773,457,1920,554
0113.png,65,197,Smoke,1618,422,1683,619
0113.png,57,48,Smoke,1705,577,1762,625
0113.png,50,116,Smoke,1433,431,1483,547
0113.png,76,92,Smoke,1768,310,1844,402
0113.png,48,34,Smoke,559,483,607,517
0113.png,23,113,Smoke,1214,464,1237,577
0113.png,57,57,Smoke,1773,313,1830,370
0114.png,55,143,Smoke,446,387,501,530
0114.png,74,99,Smoke,665,439,739,538
0114.png,95,176,Smoke,818,375,913,551
0114.png,107,195,Smoke,1022,353,1129,548
0114.png,32,158,Smoke,962,387,994,545
0114.png,29,218,Smoke,1164,349,1193,567
0114.png,145,116,Smoke,1226,427,1371,543
0114.png,147,97,Smoke,1773,457,1920,554
0114.png,65,197,Smoke,1618,421,1683,618
0114.png,57,48,Smoke,1705,577,1762,625
0114.png,50,116,Smoke,1433,433,1483,549
0114.png,76,92,Smoke,1769,310,1845,402
0114.png,48,34,Smoke,559,483,607,517
0114.png,23,113,Smoke,1214,464,1237,577
0114.png,57,57,Smoke,1773,313,1830,370
0115.png,55,143,Smoke,446,385,501,528
0115.png,74,99,Smoke,666,439,740,538
0115.png,95,176,Smoke,818,375,913,551
0115.png,107,195,Smoke,1022,354,1129,549
0115.png,32,158,Smoke,962,387,994,545
0115.png,29,218,Smoke,1164,350,1193,568
0115.png,145,116,Smoke,1226,427,1371,543
0115.png,148,97,Smoke,1772,455,1920,552
0115.png,65,197,Smoke,1618,421,1683,618
0115.png,57,48,Smoke,1705,577,1762,625
0115.png,50,116,Smoke,1434,433,1484,549
0115.png,76,92,Smoke,1768,311,1844,403
0115.png,48,34,Smoke,559,483,607,517
0115.png,23,113,Smoke,1214,464,1237,577
0115.png,57,57,Smoke,1773,313,1830,370
0116.png,55,143,Smoke,446,386,501,529
0116.png,74,99,Smoke,665,439,739,538
0116.png,95,176,Smoke,818,374,913,550
0116.png,107,195,Smoke,1022,354,1129,549
0116.png,32,158,Smoke,962,387,994,545
0116.png,29,218,Smoke,1164,351,1193,569
0116.png,145,116,Smoke,1226,427,1371,543
0116.png,150,97,Smoke,1770,455,1920,552
0116.png,65,197,Smoke,1618,421,1683,618
0116.png,57,48,Smoke,1705,577,1762,625
0116.png,50,116,Smoke,1433,433,1483,549
0116.png,76,92,Smoke,1769,310,1845,402
0116.png,48,34,Smoke,559,483,607,517
0116.png,23,113,Smoke,1214,464,1237,577
0116.png,57,57,Smoke,1773,313,1830,370
0117.png,55,143,Smoke,446,387,501,530
0117.png,74,99,Smoke,665,440,739,539
0117.png,95,176,Smoke,818,375,913,551
0117.png,107,195,Smoke,1022,353,1129,548
0117.png,32,158,Smoke,962,387,994,545
0117.png,29,218,Smoke,1164,351,1193,569
0117.png,145,116,Smoke,1226,427,1371,543
0117.png,148,97,Smoke,1772,454,1920,551
0117.png,65,197,Smoke,1617,422,1682,619
0117.png,57,48,Smoke,1705,577,1762,625
0117.png,50,116,Smoke,1433,433,1483,549
0117.png,76,92,Smoke,1769,310,1845,402
0117.png,48,34,Smoke,559,483,607,517
0117.png,23,113,Smoke,1214,464,1237,577
0117.png,57,57,Smoke,1773,313,1830,370
0118.png,55,143,Smoke,446,386,501,529
0118.png,74,99,Smoke,665,441,739,540
0118.png,95,176,Smoke,818,375,913,551
0118.png,107,195,Smoke,1022,353,1129,548
0118.png,32,158,Smoke,962,387,994,545
0118.png,29,218,Smoke,1164,349,1193,567
0118.png,145,116,Smoke,1226,427,1371,543
0118.png,149,97,Smoke,1771,453,1920,550
0118.png,65,197,Smoke,1618,420,1683,617
0118.png,57,48,Smoke,1705,577,1762,625
0118.png,50,116,Smoke,1433,434,1483,550
0118.png,76,92,Smoke,1768,310,1844,402
0118.png,48,34,Smoke,559,483,607,517
0118.png,23,113,Smoke,1214,464,1237,577
0118.png,57,57,Smoke,1773,313,1830,370
0119.png,55,143,Smoke,446,387,501,530
0119.png,74,99,Smoke,665,439,739,538
0119.png,95,176,Smoke,818,375,913,551
0119.png,107,195,Smoke,1022,353,1129,548
0119.png,32,158,Smoke,962,387,994,545
0119.png,29,218,Smoke,1164,347,1193,565
0119.png,145,116,Smoke,1226,427,1371,543
0119.png,149,97,Smoke,1771,453,1920,550
0119.png,65,197,Smoke,1617,422,1682,619
0119.png,57,48,Smoke,1705,577,1762,625
0119.png,50,116,Smoke,1433,433,1483,549
0119.png,76,92,Smoke,1768,310,1844,402
0119.png,48,34,Smoke,559,483,607,517
0119.png,23,113,Smoke,1214,464,1237,577
0119.png,57,57,Smoke,1773,313,1830,370
0120.png,55,143,Smoke,446,387,501,530
0120.png,74,99,Smoke,665,441,739,540
0120.png,95,176,Smoke,818,374,913,550
0120.png,107,195,Smoke,1022,352,1129,547
0120.png,32,158,Smoke,962,387,994,545
0120.png,29,218,Smoke,1164,347,1193,565
0120.png,145,116,Smoke,1226,427,1371,543
0120.png,150,97,Smoke,1770,452,1920,549
0120.png,65,197,Smoke,1617,421,1682,618
0120.png,57,48,Smoke,1705,577,1762,625
0120.png,50,116,Smoke,1433,433,1483,549
0120.png,76,92,Smoke,1768,310,1844,402
0120.png,48,34,Smoke,559,483,607,517
0120.png,23,113,Smoke,1214,464,1237,577
0120.png,57,57,Smoke,1773,313,1830,370
0121.png,55,143,Smoke,445,387,500,530
0121.png,74,99,Smoke,666,437,740,536
0121.png,95,176,Smoke,818,375,913,551
0121.png,107,195,Smoke,1022,352,1129,547
0121.png,32,158,Smoke,962,387,994,545
0121.png,29,218,Smoke,1164,347,1193,565
0121.png,145,116,Smoke,1226,427,1371,543
0121.png,150,97,Smoke,1770,455,1920,552
0121.png,65,197,Smoke,1617,422,1682,619
0121.png,57,48,Smoke,1705,577,1762,625
0121.png,50,116,Smoke,1433,433,1483,549
0121.png,76,92,Smoke,1768,310,1844,402
0121.png,48,34,Smoke,559,483,607,517
0121.png,23,113,Smoke,1214,464,1237,577
0121.png,57,57,Smoke,1773,313,1830,370
0122.png,55,143,Smoke,444,387,499,530
0122.png,74,99,Smoke,666,438,740,537
0122.png,95,176,Smoke,818,376,913,552
0122.png,107,195,Smoke,1021,352,1128,547
0122.png,32,158,Smoke,962,387,994,545
0122.png,29,218,Smoke,1163,347,1192,565
0122.png,145,116,Smoke,1226,427,1371,543
0122.png,149,97,Smoke,1771,455,1920,552
0122.png,65,197,Smoke,1617,421,1682,618
0122.png,57,48,Smoke,1705,577,1762,625
0122.png,50,116,Smoke,1433,433,1483,549
0122.png,76,92,Smoke,1769,310,1845,402
0122.png,48,34,Smoke,559,483,607,517
0122.png,23,113,Smoke,1214,464,1237,577
0122.png,57,57,Smoke,1773,313,1830,370
0123.png,55,143,Smoke,445,386,500,529
0123.png,74,99,Smoke,667,437,741,536
0123.png,95,176,Smoke,818,375,913,551
0123.png,107,195,Smoke,1021,352,1128,547
0123.png,32,158,Smoke,962,387,994,545
0123.png,29,218,Smoke,1164,348,1193,566
0123.png,145,116,Smoke,1226,427,1371,543
0123.png,149,97,Smoke,1771,455,1920,552
0123.png,65,197,Smoke,1617,422,1682,619
0123.png,57,48,Smoke,1705,577,1762,625
0123.png,50,116,Smoke,1433,433,1483,549
0123.png,76,92,Smoke,1769,310,1845,402
0123.png,48,34,Smoke,559,483,607,517
0123.png,23,113,Smoke,1214,464,1237,577
0123.png,57,57,Smoke,1773,313,1830,370
0124.png,55,143,Smoke,445,387,500,530
0124.png,74,99,Smoke,666,439,740,538
0124.png,95,176,Smoke,818,375,913,551
0124.png,107,195,Smoke,1021,352,1128,547
0124.png,32,158,Smoke,962,387,994,545
0124.png,29,218,Smoke,1164,345,1193,563
0124.png,145,116,Smoke,1226,427,1371,543
0124.png,149,97,Smoke,1771,455,1920,552
0124.png,65,197,Smoke,1617,423,1682,620
0124.png,57,48,Smoke,1705,577,1762,625
0124.png,50,116,Smoke,1433,433,1483,549
0124.png,76,92,Smoke,1769,310,1845,402
0124.png,48,34,Smoke,559,483,607,517
0124.png,23,113,Smoke,1214,464,1237,577
0124.png,57,57,Smoke,1773,313,1830,370
0125.png,55,143,Smoke,445,387,500,530
0125.png,74,99,Smoke,666,439,740,538
0125.png,95,176,Smoke,818,375,913,551
0125.png,107,195,Smoke,1021,352,1128,547
0125.png,32,158,Smoke,962,387,994,545
0125.png,29,218,Smoke,1164,347,1193,565
0125.png,145,116,Smoke,1226,427,1371,543
0125.png,149,97,Smoke,1771,455,1920,552
0125.png,65,197,Smoke,1617,422,1682,619
0125.png,57,48,Smoke,1705,577,1762,625
0125.png,50,116,Smoke,1433,433,1483,549
0125.png,76,92,Smoke,1769,310,1845,402
0125.png,48,34,Smoke,559,483,607,517
0125.png,23,113,Smoke,1214,464,1237,577
0125.png,57,57,Smoke,1773,313,1830,370
0126.png,55,143,Smoke,445,387,500,530
0126.png,74,99,Smoke,666,439,740,538
0126.png,95,176,Smoke,818,376,913,552
0126.png,107,195,Smoke,1022,352,1129,547
0126.png,32,158,Smoke,962,387,994,545
0126.png,29,218,Smoke,1164,346,1193,564
0126.png,145,116,Smoke,1226,427,1371,543
0126.png,149,97,Smoke,1771,454,1920,551
0126.png,65,197,Smoke,1617,423,1682,620
0126.png,57,48,Smoke,1705,577,1762,625
0126.png,50,116,Smoke,1433,433,1483,549
0126.png,76,92,Smoke,1769,310,1845,402
0126.png,48,34,Smoke,559,483,607,517
0126.png,23,113,Smoke,1214,464,1237,577
0126.png,57,57,Smoke,1773,313,1830,370
0127.png,55,143,Smoke,445,387,500,530
0127.png,74,99,Smoke,666,437,740,536
0127.png,95,176,Smoke,818,376,913,552
0127.png,107,195,Smoke,1021,352,1128,547
0127.png,32,158,Smoke,962,387,994,545
0127.png,29,218,Smoke,1164,348,1193,566
0127.png,145,116,Smoke,1226,427,1371,543
0127.png,149,97,Smoke,1771,453,1920,550
0127.png,65,197,Smoke,1617,422,1682,619
0127.png,57,48,Smoke,1705,577,1762,625
0127.png,50,116,Smoke,1433,434,1483,550
0127.png,76,92,Smoke,1769,310,1845,402
0127.png,48,34,Smoke,559,483,607,517
0127.png,23,113,Smoke,1214,464,1237,577
0127.png,57,57,Smoke,1773,313,1830,370
0128.png,55,143,Smoke,445,387,500,530
0128.png,74,99,Smoke,666,437,740,536
0128.png,95,176,Smoke,818,375,913,551
0128.png,107,195,Smoke,1021,352,1128,547
0128.png,32,158,Smoke,962,387,994,545
0128.png,29,218,Smoke,1164,347,1193,565
0128.png,145,116,Smoke,1226,427,1371,543
0128.png,149,97,Smoke,1771,453,1920,550
0128.png,65,197,Smoke,1617,423,1682,620
0128.png,57,48,Smoke,1705,577,1762,625
0128.png,50,116,Smoke,1433,433,1483,549
0128.png,76,92,Smoke,1768,310,1844,402
0128.png,48,34,Smoke,559,483,607,517
0128.png,23,113,Smoke,1214,464,1237,577
0128.png,57,57,Smoke,1773,313,1830,370
0129.png,55,143,Smoke,445,387,500,530
0129.png,74,99,Smoke,666,437,740,536
0129.png,95,176,Smoke,818,375,913,551
0129.png,107,195,Smoke,1022,350,1129,545
0129.png,32,158,Smoke,962,387,994,545
0129.png,29,218,Smoke,1164,347,1193,565
0129.png,145,116,Smoke,1226,427,1371,543
0129.png,150,97,Smoke,1770,452,1920,549
0129.png,65,197,Smoke,1617,422,1682,619
0129.png,57,48,Smoke,1705,577,1762,625
0129.png,50,116,Smoke,1433,434,1483,550
0129.png,76,92,Smoke,1768,310,1844,402
0129.png,48,34,Smoke,559,483,607,517
0129.png,23,113,Smoke,1214,464,1237,577
0129.png,57,57,Smoke,1773,313,1830,370
0130.png,55,143,Smoke,445,387,500,530
0130.png,74,99,Smoke,666,437,740,536
0130.png,95,176,Smoke,818,375,913,551
0130.png,107,195,Smoke,1022,350,1129,545
0130.png,32,158,Smoke,962,387,994,545
0130.png,29,218,Smoke,1164,348,1193,566
0130.png,145,116,Smoke,1226,427,1371,543
0130.png,149,97,Smoke,1771,453,1920,550
0130.png,65,197,Smoke,1617,423,1682,620
0130.png,57,48,Smoke,1705,577,1762,625
0130.png,50,116,Smoke,1433,433,1483,549
0130.png,76,92,Smoke,1768,310,1844,402
0130.png,48,34,Smoke,559,483,607,517
0130.png,23,113,Smoke,1214,464,1237,577
0130.png,57,57,Smoke,1773,313,1830,370
0131.png,55,143,Smoke,445,387,500,530
0131.png,74,99,Smoke,666,437,740,536
0131.png,95,176,Smoke,818,375,913,551
0131.png,107,195,Smoke,1022,350,1129,545
0131.png,32,158,Smoke,962,387,994,545
0131.png,29,218,Smoke,1164,348,1193,566
0131.png,145,116,Smoke,1226,427,1371,543
0131.png,149,97,Smoke,1771,453,1920,550
0131.png,65,197,Smoke,1617,422,1682,619
0131.png,57,48,Smoke,1705,577,1762,625
0131.png,50,116,Smoke,1433,433,1483,549
0131.png,76,92,Smoke,1768,310,1844,402
0131.png,48,34,Smoke,559,483,607,517
0131.png,23,113,Smoke,1214,464,1237,577
0131.png,57,57,Smoke,1773,313,1830,370
0132.png,55,143,Smoke,445,387,500,530
0132.png,74,99,Smoke,666,438,740,537
0132.png,95,176,Smoke,818,375,913,551
0132.png,107,195,Smoke,1022,350,1129,545
0132.png,32,158,Smoke,962,387,994,545
0132.png,29,218,Smoke,1163,348,1192,566
0132.png,145,116,Smoke,1226,427,1371,543
0132.png,148,97,Smoke,1772,453,1920,550
0132.png,65,197,Smoke,1617,422,1682,619
0132.png,57,48,Smoke,1705,577,1762,625
0132.png,50,116,Smoke,1433,433,1483,549
0132.png,76,92,Smoke,1768,310,1844,402
0132.png,48,34,Smoke,559,483,607,517
0132.png,23,113,Smoke,1214,464,1237,577
0132.png,57,57,Smoke,1773,313,1830,370
0133.png,55,143,Smoke,445,386,500,529
0133.png,74,99,Smoke,666,437,740,536
0133.png,95,176,Smoke,818,375,913,551
0133.png,107,195,Smoke,1022,350,1129,545
0133.png,32,158,Smoke,962,387,994,545
0133.png,29,218,Smoke,1164,348,1193,566
0133.png,145,116,Smoke,1226,427,1371,543
0133.png,148,97,Smoke,1772,452,1920,549
0133.png,65,197,Smoke,1617,422,1682,619
0133.png,57,48,Smoke,1705,577,1762,625
0133.png,50,116,Smoke,1433,433,1483,549
0133.png,76,92,Smoke,1768,311,1844,403
0133.png,48,34,Smoke,559,483,607,517
0133.png,23,113,Smoke,1214,464,1237,577
0133.png,57,57,Smoke,1773,313,1830,370
0134.png,55,143,Smoke,445,386,500,529
0134.png,74,99,Smoke,666,437,740,536
0134.png,95,176,Smoke,818,376,913,552
0134.png,107,195,Smoke,1022,350,1129,545
0134.png,32,158,Smoke,962,387,994,545
0134.png,29,218,Smoke,1164,346,1193,564
0134.png,145,116,Smoke,1226,427,1371,543
0134.png,148,97,Smoke,1772,452,1920,549
0134.png,65,197,Smoke,1617,421,1682,618
0134.png,57,48,Smoke,1705,577,1762,625
0134.png,50,116,Smoke,1433,433,1483,549
0134.png,76,92,Smoke,1768,309,1844,401
0134.png,48,34,Smoke,559,483,607,517
0134.png,23,113,Smoke,1214,464,1237,577
0134.png,57,57,Smoke,1773,313,1830,370
0135.png,55,143,Smoke,445,386,500,529
0135.png,74,99,Smoke,666,438,740,537
0135.png,95,176,Smoke,818,375,913,551
0135.png,107,195,Smoke,1022,350,1129,545
0135.png,32,158,Smoke,962,387,994,545
0135.png,29,218,Smoke,1164,346,1193,564
0135.png,145,116,Smoke,1226,427,1371,543
0135.png,148,97,Smoke,1772,452,1920,549
0135.png,65,197,Smoke,1617,422,1682,619
0135.png,57,48,Smoke,1705,577,1762,625
0135.png,50,116,Smoke,1433,433,1483,549
0135.png,76,92,Smoke,1768,310,1844,402
0135.png,48,34,Smoke,559,483,607,517
0135.png,23,113,Smoke,1214,464,1237,577
0135.png,57,57,Smoke,1773,313,1830,370
0136.png,55,143,Smoke,445,386,500,529
0136.png,74,99,Smoke,666,437,740,536
0136.png,95,176,Smoke,818,376,913,552
0136.png,107,195,Smoke,1022,350,1129,545
0136.png,32,158,Smoke,962,387,994,545
0136.png,29,218,Smoke,1164,346,1193,564
0136.png,145,116,Smoke,1226,427,1371,543
0136.png,148,97,Smoke,1772,452,1920,549
0136.png,65,197,Smoke,1617,421,1682,618
0136.png,57,48,Smoke,1705,577,1762,625
0136.png,50,116,Smoke,1433,432,1483,548
0136.png,76,92,Smoke,1768,310,1844,402
0136.png,48,34,Smoke,559,483,607,517
0136.png,23,113,Smoke,1214,464,1237,577
0136.png,57,57,Smoke,1773,313,1830,370
0137.png,55,143,Smoke,445,386,500,529
0137.png,74,99,Smoke,666,437,740,536
0137.png,95,176,Smoke,819,375,914,551
0137.png,107,195,Smoke,1022,350,1129,545
0137.png,32,158,Smoke,962,387,994,545
0137.png,29,218,Smoke,1164,347,1193,565
0137.png,145,116,Smoke,1226,427,1371,543
0137.png,148,97,Smoke,1772,451,1920,548
0137.png,65,197,Smoke,1617,422,1682,619
0137.png,57,48,Smoke,1705,577,1762,625
0137.png,50,116,Smoke,1433,433,1483,549
0137.png,76,92,Smoke,1768,310,1844,402
0137.png,48,34,Smoke,559,483,607,517
0137.png,23,113,Smoke,1214,464,1237,577
0137.png,57,57,Smoke,1773,313,1830,370
0138.png,55,143,Smoke,445,386,500,529
0138.png,74,99,Smoke,666,437,740,536
0138.png,95,176,Smoke,818,376,913,552
0138.png,107,195,Smoke,1022,350,1129,545
0138.png,32,158,Smoke,962,387,994,545
0138.png,29,218,Smoke,1164,346,1193,564
0138.png,145,116,Smoke,1226,427,1371,543
0138.png,148,97,Smoke,1772,452,1920,549
0138.png,65,197,Smoke,1617,421,1682,618
0138.png,57,48,Smoke,1705,577,1762,625
0138.png,50,116,Smoke,1433,432,1483,548
0138.png,76,92,Smoke,1768,310,1844,402
0138.png,48,34,Smoke,559,483,607,517
0138.png,23,113,Smoke,1214,464,1237,577
0138.png,57,57,Smoke,1773,313,1830,370
0139.png,55,143,Smoke,445,385,500,528
0139.png,74,99,Smoke,666,437,740,536
0139.png,95,176,Smoke,819,374,914,550
0139.png,107,195,Smoke,1023,350,1130,545
0139.png,32,158,Smoke,962,387,994,545
0139.png,29,218,Smoke,1164,346,1193,564
0139.png,145,116,Smoke,1226,427,1371,543
0139.png,148,97,Smoke,1772,451,1920,548
0139.png,65,197,Smoke,1617,422,1682,619
0139.png,57,48,Smoke,1705,577,1762,625
0139.png,50,116,Smoke,1433,432,1483,548
0139.png,76,92,Smoke,1768,310,1844,402
0139.png,48,34,Smoke,559,483,607,517
0139.png,23,113,Smoke,1214,464,1237,577
0139.png,57,57,Smoke,1773,313,1830,370
0140.png,55,143,Smoke,445,386,500,529
0140.png,74,99,Smoke,667,437,741,536
0140.png,95,176,Smoke,818,376,913,552
0140.png,107,195,Smoke,1022,350,1129,545
0140.png,32,158,Smoke,962,387,994,545
0140.png,29,218,Smoke,1164,346,1193,564
0140.png,145,116,Smoke,1226,427,1371,543
0140.png,148,97,Smoke,1772,451,1920,548
0140.png,65,197,Smoke,1617,421,1682,618
0140.png,57,48,Smoke,1705,577,1762,625
0140.png,50,116,Smoke,1433,434,1483,550
0140.png,76,92,Smoke,1768,310,1844,402
0140.png,48,34,Smoke,559,483,607,517
0140.png,23,113,Smoke,1214,464,1237,577
0140.png,57,57,Smoke,1773,313,1830,370
0141.png,55,143,Smoke,445,386,500,529
0141.png,74,99,Smoke,666,437,740,536
0141.png,95,176,Smoke,818,377,913,553
0141.png,107,195,Smoke,1022,350,1129,545
0141.png,32,158,Smoke,962,387,994,545
0141.png,29,218,Smoke,1164,346,1193,564
0141.png,145,116,Smoke,1226,427,1371,543
0141.png,148,97,Smoke,1772,450,1920,547
0141.png,65,197,Smoke,1617,422,1682,619
0141.png,57,48,Smoke,1705,577,1762,625
0141.png,50,116,Smoke,1433,432,1483,548
0141.png,76,92,Smoke,1768,310,1844,402
0141.png,48,34,Smoke,559,483,607,517
0141.png,23,113,Smoke,1214,464,1237,577
0141.png,57,57,Smoke,1773,313,1830,370
0142.png,55,143,Smoke,445,385,500,528
0142.png,74,99,Smoke,666,437,740,536
0142.png,95,176,Smoke,818,376,913,552
0142.png,107,195,Smoke,1022,350,1129,545
0142.png,32,158,Smoke,962,387,994,545
0142.png,29,218,Smoke,1164,346,1193,564
0142.png,145,116,Smoke,1226,427,1371,543
0142.png,147,97,Smoke,1773,450,1920,547
0142.png,65,197,Smoke,1617,421,1682,618
0142.png,57,48,Smoke,1705,577,1762,625
0142.png,50,116,Smoke,1433,430,1483,546
0142.png,76,92,Smoke,1768,310,1844,402
0142.png,48,34,Smoke,559,483,607,517
0142.png,23,113,Smoke,1214,464,1237,577
0142.png,57,57,Smoke,1773,313,1830,370
0143.png,55,143,Smoke,445,385,500,528
0143.png,74,99,Smoke,666,437,740,536
0143.png,95,176,Smoke,818,377,913,553
0143.png,107,195,Smoke,1022,350,1129,545
0143.png,32,158,Smoke,962,387,994,545
0143.png,29,218,Smoke,1163,348,1192,566
0143.png,145,116,Smoke,1226,427,1371,543
0143.png,147,97,Smoke,1773,451,1920,548
0143.png,65,197,Smoke,1617,422,1682,619
0143.png,57,48,Smoke,1705,577,1762,625
0143.png,50,116,Smoke,1433,430,1483,546
0143.png,76,92,Smoke,1768,310,1844,402
0143.png,48,34,Smoke,559,483,607,517
0143.png,23,113,Smoke,1214,464,1237,577
0143.png,57,57,Smoke,1773,313,1830,370
0144.png,55,143,Smoke,445,385,500,528
0144.png,74,99,Smoke,666,437,740,536
0144.png,95,176,Smoke,818,376,913,552
0144.png,107,195,Smoke,1022,350,1129,545
0144.png,32,158,Smoke,962,387,994,545
0144.png,29,218,Smoke,1164,340,1193,558
0144.png,145,116,Smoke,1226,427,1371,543
0144.png,147,97,Smoke,1773,451,1920,548
0144.png,65,197,Smoke,1617,421,1682,618
0144.png,57,48,Smoke,1705,577,1762,625
0144.png,50,116,Smoke,1433,430,1483,546
0144.png,76,92,Smoke,1768,311,1844,403
0144.png,48,34,Smoke,559,483,607,517
0144.png,23,113,Smoke,1214,464,1237,577
0144.png,57,57,Smoke,1773,313,1830,370
0145.png,55,143,Smoke,445,385,500,528
0145.png,74,99,Smoke,666,437,740,536
0145.png,95,176,Smoke,818,375,913,551
0145.png,107,195,Smoke,1022,350,1129,545
0145.png,32,158,Smoke,962,387,994,545
0145.png,29,218,Smoke,1163,349,1192,567
0145.png,145,116,Smoke,1226,427,1371,543
0145.png,147,97,Smoke,1773,451,1920,548
0145.png,65,197,Smoke,1617,422,1682,619
0145.png,57,48,Smoke,1705,577,1762,625
0145.png,50,116,Smoke,1433,431,1483,547
0145.png,76,92,Smoke,1768,310,1844,402
0145.png,48,34,Smoke,559,483,607,517
0145.png,23,113,Smoke,1214,464,1237,577
0145.png,57,57,Smoke,1773,313,1830,370
0146.png,55,143,Smoke,445,384,500,527
0146.png,74,99,Smoke,666,437,740,536
0146.png,95,176,Smoke,818,378,913,554
0146.png,107,195,Smoke,1022,350,1129,545
0146.png,32,158,Smoke,962,387,994,545
0146.png,29,218,Smoke,1164,340,1193,558
0146.png,145,116,Smoke,1226,427,1371,543
0146.png,147,97,Smoke,1773,451,1920,548
0146.png,65,197,Smoke,1617,421,1682,618
0146.png,57,48,Smoke,1705,577,1762,625
0146.png,50,116,Smoke,1433,431,1483,547
0146.png,76,92,Smoke,1768,310,1844,402
0146.png,48,34,Smoke,559,483,607,517
0146.png,23,113,Smoke,1214,464,1237,577
0146.png,57,57,Smoke,1773,313,1830,370
0147.png,55,143,Smoke,445,386,500,529
0147.png,74,99,Smoke,666,437,740,536
0147.png,95,176,Smoke,817,377,912,553
0147.png,107,195,Smoke,1022,350,1129,545
0147.png,32,158,Smoke,962,387,994,545
0147.png,29,218,Smoke,1164,340,1193,558
0147.png,145,116,Smoke,1226,427,1371,543
0147.png,147,97,Smoke,1773,452,1920,549
0147.png,65,197,Smoke,1617,422,1682,619
0147.png,57,48,Smoke,1705,577,1762,625
0147.png,50,116,Smoke,1433,432,1483,548
0147.png,76,92,Smoke,1768,310,1844,402
0147.png,48,34,Smoke,559,483,607,517
0147.png,23,113,Smoke,1214,464,1237,577
0147.png,57,57,Smoke,1773,313,1830,370
0148.png,55,143,Smoke,445,385,500,528
0148.png,74,99,Smoke,666,437,740,536
0148.png,95,176,Smoke,818,374,913,550
0148.png,107,195,Smoke,1022,350,1129,545
0148.png,32,158,Smoke,962,387,994,545
0148.png,29,218,Smoke,1164,340,1193,558
0148.png,145,116,Smoke,1226,427,1371,543
0148.png,147,97,Smoke,1773,450,1920,547
0148.png,65,197,Smoke,1617,421,1682,618
0148.png,57,48,Smoke,1705,577,1762,625
0148.png,50,116,Smoke,1433,430,1483,546
0148.png,76,92,Smoke,1768,310,1844,402
0148.png,48,34,Smoke,559,483,607,517
0148.png,23,113,Smoke,1214,464,1237,577
0148.png,57,57,Smoke,1773,313,1830,370
0149.png,55,143,Smoke,445,386,500,529
0149.png,74,99,Smoke,666,437,740,536
0149.png,95,176,Smoke,818,377,913,553
0149.png,107,195,Smoke,1022,350,1129,545
0149.png,32,158,Smoke,962,387,994,545
0149.png,29,218,Smoke,1164,342,1193,560
0149.png,145,116,Smoke,1226,427,1371,543
0149.png,147,97,Smoke,1773,450,1920,547
0149.png,65,197,Smoke,1617,422,1682,619
0149.png,57,48,Smoke,1705,577,1762,625
0149.png,50,116,Smoke,1432,432,1482,548
0149.png,76,92,Smoke,1768,310,1844,402
0149.png,48,34,Smoke,559,483,607,517
0149.png,23,113,Smoke,1214,464,1237,577
0149.png,57,57,Smoke,1773,313,1830,370
0150.png,55,143,Smoke,445,385,500,528
0150.png,74,99,Smoke,666,437,740,536
0150.png,95,176,Smoke,818,376,913,552
0150.png,107,195,Smoke,1022,350,1129,545
0150.png,32,158,Smoke,962,387,994,545
0150.png,29,218,Smoke,1163,352,1192,570
0150.png,145,116,Smoke,1226,427,1371,543
0150.png,147,97,Smoke,1773,449,1920,546
0150.png,65,197,Smoke,1617,421,1682,618
0150.png,57,48,Smoke,1705,577,1762,625
0150.png,50,116,Smoke,1433,429,1483,545
0150.png,76,92,Smoke,1768,310,1844,402
0150.png,48,34,Smoke,559,483,607,517
0150.png,23,113,Smoke,1214,464,1237,577
0150.png,57,57,Smoke,1773,313,1830,370
0151.png,55,143,Smoke,445,385,500,528
0151.png,74,99,Smoke,666,437,740,536
0151.png,95,176,Smoke,818,375,913,551
0151.png,107,195,Smoke,1022,350,1129,545
0151.png,32,158,Smoke,962,387,994,545
0151.png,29,218,Smoke,1163,350,1192,568
0151.png,145,116,Smoke,1226,427,1371,543
0151.png,147,97,Smoke,1773,450,1920,547
0151.png,65,197,Smoke,1617,422,1682,619
0151.png,57,48,Smoke,1705,577,1762,625
0151.png,50,116,Smoke,1433,431,1483,547
0151.png,76,92,Smoke,1768,310,1844,402
0151.png,48,34,Smoke,559,483,607,517
0151.png,23,113,Smoke,1214,464,1237,577
0151.png,57,57,Smoke,1773,313,1830,370
0152.png,55,143,Smoke,445,385,500,528
0152.png,74,99,Smoke,666,437,740,536
0152.png,95,176,Smoke,818,375,913,551
0152.png,107,195,Smoke,1022,350,1129,545
0152.png,32,158,Smoke,962,387,994,545
0152.png,29,218,Smoke,1163,350,1192,568
0152.png,145,116,Smoke,1226,427,1371,543
0152.png,148,97,Smoke,1772,450,1920,547
0152.png,65,197,Smoke,1617,421,1682,618
0152.png,57,48,Smoke,1705,577,1762,625
0152.png,50,116,Smoke,1432,431,1482,547
0152.png,76,92,Smoke,1768,310,1844,402
0152.png,48,34,Smoke,559,483,607,517
0152.png,23,113,Smoke,1214,464,1237,577
0152.png,57,57,Smoke,1773,313,1830,370
0153.png,55,143,Smoke,445,385,500,528
0153.png,74,99,Smoke,666,439,740,538
0153.png,95,176,Smoke,818,375,913,551
0153.png,107,195,Smoke,1022,350,1129,545
0153.png,32,158,Smoke,962,387,994,545
0153.png,29,218,Smoke,1163,348,1192,566
0153.png,145,116,Smoke,1226,427,1371,543
0153.png,148,97,Smoke,1772,451,1920,548
0153.png,65,197,Smoke,1617,422,1682,619
0153.png,57,48,Smoke,1705,577,1762,625
0153.png,50,116,Smoke,1432,433,1482,549
0153.png,76,92,Smoke,1768,310,1844,402
0153.png,48,34,Smoke,559,483,607,517
0153.png,23,113,Smoke,1214,464,1237,577
0153.png,57,57,Smoke,1773,313,1830,370
0154.png,55,143,Smoke,445,385,500,528
0154.png,74,99,Smoke,666,436,740,535
0154.png,95,176,Smoke,818,376,913,552
0154.png,107,195,Smoke,1022,350,1129,545
0154.png,32,158,Smoke,962,387,994,545
0154.png,29,218,Smoke,1163,348,1192,566
0154.png,145,116,Smoke,1226,426,1371,542
0154.png,148,97,Smoke,1772,451,1920,548
0154.png,65,197,Smoke,1617,421,1682,618
0154.png,57,48,Smoke,1705,577,1762,625
0154.png,50,116,Smoke,1433,433,1483,549
0154.png,76,92,Smoke,1768,310,1844,402
0154.png,48,34,Smoke,559,483,607,517
0154.png,23,113,Smoke,1214,464,1237,577
0154.png,57,57,Smoke,1773,313,1830,370
0155.png,55,143,Smoke,445,385,500,528
0155.png,74,99,Smoke,666,436,740,535
0155.png,95,176,Smoke,818,375,913,551
0155.png,107,195,Smoke,1022,350,1129,545
0155.png,32,158,Smoke,962,387,994,545
0155.png,29,218,Smoke,1163,348,1192,566
0155.png,145,116,Smoke,1226,427,1371,543
0155.png,148,97,Smoke,1772,450,1920,547
0155.png,65,197,Smoke,1617,422,1682,619
0155.png,57,48,Smoke,1705,577,1762,625
0155.png,50,116,Smoke,1433,430,1483,546
0155.png,76,92,Smoke,1768,310,1844,402
0155.png,48,34,Smoke,559,483,607,517
0155.png,23,113,Smoke,1214,464,1237,577
0155.png,57,57,Smoke,1773,313,1830,370
0156.png,55,143,Smoke,445,385,500,528
0156.png,74,99,Smoke,666,436,740,535
0156.png,95,176,Smoke,818,375,913,551
0156.png,107,195,Smoke,1022,350,1129,545
0156.png,32,158,Smoke,962,387,994,545
0156.png,29,218,Smoke,1163,348,1192,566
0156.png,145,116,Smoke,1226,427,1371,543
0156.png,148,97,Smoke,1772,450,1920,547
0156.png,65,197,Smoke,1617,421,1682,618
0156.png,57,48,Smoke,1704,577,1761,625
0156.png,50,116,Smoke,1433,430,1483,546
0156.png,76,92,Smoke,1768,310,1844,402
0156.png,48,34,Smoke,559,483,607,517
0156.png,23,113,Smoke,1214,464,1237,577
0156.png,57,57,Smoke,1773,313,1830,370
0157.png,55,143,Smoke,445,385,500,528
0157.png,74,99,Smoke,665,436,739,535
0157.png,95,176,Smoke,818,375,913,551
0157.png,107,195,Smoke,1022,350,1129,545
0157.png,32,158,Smoke,962,387,994,545
0157.png,29,218,Smoke,1163,346,1192,564
0157.png,145,116,Smoke,1226,427,1371,543
0157.png,149,97,Smoke,1771,450,1920,547
0157.png,65,197,Smoke,1617,421,1682,618
0157.png,57,48,Smoke,1704,577,1761,625
0157.png,50,116,Smoke,1433,431,1483,547
0157.png,76,92,Smoke,1768,310,1844,402
0157.png,48,34,Smoke,559,483,607,517
0157.png,23,113,Smoke,1214,464,1237,577
0157.png,57,57,Smoke,1773,313,1830,370
0158.png,55,143,Smoke,445,385,500,528
0158.png,74,99,Smoke,665,435,739,534
0158.png,95,176,Smoke,818,376,913,552
0158.png,107,195,Smoke,1022,350,1129,545
0158.png,32,158,Smoke,962,387,994,545
0158.png,29,218,Smoke,1163,344,1192,562
0158.png,145,116,Smoke,1226,427,1371,543
0158.png,148,97,Smoke,1772,450,1920,547
0158.png,65,197,Smoke,1617,421,1682,618
0158.png,57,48,Smoke,1704,577,1761,625
0158.png,50,116,Smoke,1433,430,1483,546
0158.png,76,92,Smoke,1768,310,1844,402
0158.png,48,34,Smoke,559,483,607,517
0158.png,23,113,Smoke,1214,464,1237,577
0158.png,57,57,Smoke,1773,313,1830,370
0159.png,55,143,Smoke,445,385,500,528
0159.png,74,99,Smoke,665,435,739,534
0159.png,95,176,Smoke,818,375,913,551
0159.png,107,195,Smoke,1022,350,1129,545
0159.png,32,158,Smoke,962,387,994,545
0159.png,29,218,Smoke,1163,348,1192,566
0159.png,145,116,Smoke,1226,427,1371,543
0159.png,148,97,Smoke,1772,450,1920,547
0159.png,65,197,Smoke,1617,420,1682,617
0159.png,57,48,Smoke,1704,577,1761,625
0159.png,50,116,Smoke,1433,430,1483,546
0159.png,76,92,Smoke,1768,310,1844,402
0159.png,48,34,Smoke,559,483,607,517
0159.png,23,113,Smoke,1214,464,1237,577
0159.png,57,57,Smoke,1773,313,1830,370
0160.png,55,143,Smoke,445,385,500,528
0160.png,74,99,Smoke,666,436,740,535
0160.png,95,176,Smoke,818,376,913,552
0160.png,107,195,Smoke,1022,350,1129,545
0160.png,32,158,Smoke,962,387,994,545
0160.png,29,218,Smoke,1163,348,1192,566
0160.png,145,116,Smoke,1226,427,1371,543
0160.png,149,97,Smoke,1771,450,1920,547
0160.png,65,197,Smoke,1617,421,1682,618
0160.png,57,48,Smoke,1704,577,1761,625
0160.png,50,116,Smoke,1433,430,1483,546
0160.png,76,92,Smoke,1768,310,1844,402
0160.png,48,34,Smoke,559,483,607,517
0160.png,23,113,Smoke,1214,464,1237,577
0160.png,57,57,Smoke,1773,313,1830,370
0161.png,55,143,Smoke,445,385,500,528
0161.png,74,99,Smoke,666,434,740,533
0161.png,95,176,Smoke,818,375,913,551
0161.png,107,195,Smoke,1022,350,1129,545
0161.png,32,158,Smoke,962,387,994,545
0161.png,29,218,Smoke,1163,348,1192,566
0161.png,145,116,Smoke,1226,427,1371,543
0161.png,149,97,Smoke,1771,449,1920,546
0161.png,65,197,Smoke,1617,420,1682,617
0161.png,57,48,Smoke,1704,577,1761,625
0161.png,50,116,Smoke,1433,430,1483,546
0161.png,76,92,Smoke,1768,310,1844,402
0161.png,48,34,Smoke,559,483,607,517
0161.png,23,113,Smoke,1214,464,1237,577
0161.png,57,57,Smoke,1773,313,1830,370
0162.png,55,143,Smoke,445,385,500,528
0162.png,74,99,Smoke,666,433,740,532
0162.png,95,176,Smoke,818,375,913,551
0162.png,107,195,Smoke,1022,350,1129,545
0162.png,32,158,Smoke,962,387,994,545
0162.png,29,218,Smoke,1163,348,1192,566
0162.png,145,116,Smoke,1226,427,1371,543
0162.png,148,97,Smoke,1772,449,1920,546
0162.png,65,197,Smoke,1617,421,1682,618
0162.png,57,48,Smoke,1704,577,1761,625
0162.png,50,116,Smoke,1433,429,1483,545
0162.png,76,92,Smoke,1769,310,1845,402
0162.png,48,34,Smoke,559,483,607,517
0162.png,23,113,Smoke,1214,464,1237,577
0162.png,57,57,Smoke,1773,313,1830,370
0163.png,55,143,Smoke,445,385,500,528
0163.png,74,99,Smoke,666,433,740,532
0163.png,95,176,Smoke,818,377,913,553
0163.png,107,195,Smoke,1022,350,1129,545
0163.png,32,158,Smoke,962,387,994,545
0163.png,29,218,Smoke,1163,348,1192,566
0163.png,145,116,Smoke,1226,427,1371,543
0163.png,148,97,Smoke,1772,449,1920,546
0163.png,65,197,Smoke,1617,420,1682,617
0163.png,57,48,Smoke,1704,577,1761,625
0163.png,50,116,Smoke,1433,429,1483,545
0163.png,76,92,Smoke,1768,309,1844,401
0163.png,48,34,Smoke,559,483,607,517
0163.png,23,113,Smoke,1214,464,1237,577
0163.png,57,57,Smoke,1773,313,1830,370
0164.png,55,143,Smoke,445,385,500,528
0164.png,74,99,Smoke,666,433,740,532
0164.png,95,176,Smoke,818,374,913,550
0164.png,107,195,Smoke,1022,350,1129,545
0164.png,32,158,Smoke,962,387,994,545
0164.png,29,218,Smoke,1163,348,1192,566
0164.png,145,116,Smoke,1226,427,1371,543
0164.png,148,97,Smoke,1772,449,1920,546
0164.png,65,197,Smoke,1617,421,1682,618
0164.png,57,48,Smoke,1704,577,1761,625
0164.png,50,116,Smoke,1433,429,1483,545
0164.png,76,92,Smoke,1768,309,1844,401
0164.png,48,34,Smoke,559,483,607,517
0164.png,23,113,Smoke,1214,464,1237,577
0164.png,57,57,Smoke,1773,313,1830,370
0165.png,55,143,Smoke,445,385,500,528
0165.png,74,99,Smoke,667,433,741,532
0165.png,95,176,Smoke,819,375,914,551
0165.png,107,195,Smoke,1022,350,1129,545
0165.png,32,158,Smoke,962,387,994,545
0165.png,29,218,Smoke,1163,350,1192,568
0165.png,145,116,Smoke,1226,427,1371,543
0165.png,148,97,Smoke,1772,449,1920,546
0165.png,65,197,Smoke,1617,420,1682,617
0165.png,57,48,Smoke,1704,577,1761,625
0165.png,50,116,Smoke,1433,430,1483,546
0165.png,76,92,Smoke,1768,309,1844,401
0165.png,48,34,Smoke,559,483,607,517
0165.png,23,113,Smoke,1214,464,1237,577
0165.png,57,57,Smoke,1773,313,1830,370
0166.png,55,143,Smoke,445,385,500,528
0166.png,74,99,Smoke,666,433,740,532
0166.png,95,176,Smoke,818,376,913,552
0166.png,107,195,Smoke,1022,350,1129,545
0166.png,32,158,Smoke,962,387,994,545
0166.png,29,218,Smoke,1163,350,1192,568
0166.png,145,116,Smoke,1226,427,1371,543
0166.png,148,97,Smoke,1772,447,1920,544
0166.png,65,197,Smoke,1617,421,1682,618
0166.png,57,48,Smoke,1704,577,1761,625
0166.png,50,116,Smoke,1433,430,1483,546
0166.png,76,92,Smoke,1768,309,1844,401
0166.png,48,34,Smoke,559,483,607,517
0166.png,23,113,Smoke,1214,464,1237,577
0166.png,57,57,Smoke,1773,313,1830,370
0167.png,55,143,Smoke,445,385,500,528
0167.png,74,99,Smoke,666,433,740,532
0167.png,95,176,Smoke,818,375,913,551
0167.png,107,195,Smoke,1022,350,1129,545
0167.png,32,158,Smoke,962,387,994,545
0167.png,29,218,Smoke,1163,348,1192,566
0167.png,145,116,Smoke,1226,427,1371,543
0167.png,148,97,Smoke,1772,448,1920,545
0167.png,65,197,Smoke,1617,420,1682,617
0167.png,57,48,Smoke,1704,577,1761,625
0167.png,50,116,Smoke,1433,429,1483,545
0167.png,76,92,Smoke,1768,309,1844,401
0167.png,48,34,Smoke,559,483,607,517
0167.png,23,113,Smoke,1214,464,1237,577
0167.png,57,57,Smoke,1773,313,1830,370
0168.png,55,143,Smoke,445,385,500,528
0168.png,74,99,Smoke,666,433,740,532
0168.png,95,176,Smoke,818,376,913,552
0168.png,107,195,Smoke,1022,350,1129,545
0168.png,32,158,Smoke,962,387,994,545
0168.png,29,218,Smoke,1163,348,1192,566
0168.png,145,116,Smoke,1226,427,1371,543
0168.png,148,97,Smoke,1772,449,1920,546
0168.png,65,197,Smoke,1617,421,1682,618
0168.png,57,48,Smoke,1704,577,1761,625
0168.png,50,116,Smoke,1433,430,1483,546
0168.png,76,92,Smoke,1768,309,1844,401
0168.png,48,34,Smoke,559,483,607,517
0168.png,23,113,Smoke,1214,464,1237,577
0168.png,57,57,Smoke,1773,313,1830,370
0169.png,55,143,Smoke,445,385,500,528
0169.png,74,99,Smoke,666,433,740,532
0169.png,95,176,Smoke,818,375,913,551
0169.png,107,195,Smoke,1021,350,1128,545
0169.png,32,158,Smoke,962,387,994,545
0169.png,29,218,Smoke,1163,348,1192,566
0169.png,145,116,Smoke,1226,427,1371,543
0169.png,148,97,Smoke,1772,449,1920,546
0169.png,65,197,Smoke,1617,420,1682,617
0169.png,57,48,Smoke,1704,577,1761,625
0169.png,50,116,Smoke,1433,430,1483,546
0169.png,76,92,Smoke,1768,309,1844,401
0169.png,48,34,Smoke,559,483,607,517
0169.png,23,113,Smoke,1214,464,1237,577
0169.png,57,57,Smoke,1773,313,1830,370
0170.png,55,143,Smoke,445,385,500,528
0170.png,74,99,Smoke,667,433,741,532
0170.png,95,176,Smoke,818,374,913,550
0170.png,107,195,Smoke,1021,350,1128,545
0170.png,32,158,Smoke,962,387,994,545
0170.png,29,218,Smoke,1163,348,1192,566
0170.png,145,116,Smoke,1226,427,1371,543
0170.png,148,97,Smoke,1772,448,1920,545
0170.png,65,197,Smoke,1617,421,1682,618
0170.png,57,48,Smoke,1704,577,1761,625
0170.png,50,116,Smoke,1433,428,1483,544
0170.png,76,92,Smoke,1768,309,1844,401
0170.png,48,34,Smoke,559,483,607,517
0170.png,23,113,Smoke,1214,464,1237,577
0170.png,57,57,Smoke,1773,313,1830,370
0171.png,55,143,Smoke,445,385,500,528
0171.png,74,99,Smoke,666,433,740,532
0171.png,95,176,Smoke,818,375,913,551
0171.png,107,195,Smoke,1021,350,1128,545
0171.png,32,158,Smoke,962,387,994,545
0171.png,29,218,Smoke,1163,348,1192,566
0171.png,145,116,Smoke,1226,427,1371,543
0171.png,148,97,Smoke,1772,449,1920,546
0171.png,65,197,Smoke,1617,420,1682,617
0171.png,57,48,Smoke,1704,577,1761,625
0171.png,50,116,Smoke,1433,428,1483,544
0171.png,76,92,Smoke,1768,309,1844,401
0171.png,48,34,Smoke,559,483,607,517
0171.png,23,113,Smoke,1214,464,1237,577
0171.png,57,57,Smoke,1773,313,1830,370
0172.png,55,143,Smoke,445,385,500,528
0172.png,74,99,Smoke,666,432,740,531
0172.png,95,176,Smoke,818,375,913,551
0172.png,107,195,Smoke,1021,350,1128,545
0172.png,32,158,Smoke,962,387,994,545
0172.png,29,218,Smoke,1163,348,1192,566
0172.png,145,116,Smoke,1226,427,1371,543
0172.png,147,97,Smoke,1773,449,1920,546
0172.png,65,197,Smoke,1617,421,1682,618
0172.png,57,48,Smoke,1704,577,1761,625
0172.png,50,116,Smoke,1433,428,1483,544
0172.png,76,92,Smoke,1768,308,1844,400
0172.png,48,34,Smoke,559,483,607,517
0172.png,23,113,Smoke,1214,464,1237,577
0172.png,57,57,Smoke,1773,313,1830,370
0173.png,55,143,Smoke,445,385,500,528
0173.png,74,99,Smoke,666,432,740,531
0173.png,95,176,Smoke,818,375,913,551
0173.png,107,195,Smoke,1021,350,1128,545
0173.png,32,158,Smoke,962,387,994,545
0173.png,29,218,Smoke,1163,348,1192,566
0173.png,145,116,Smoke,1226,427,1371,543
0173.png,147,97,Smoke,1773,449,1920,546
0173.png,65,197,Smoke,1617,420,1682,617
0173.png,57,48,Smoke,1704,577,1761,625
0173.png,50,116,Smoke,1433,428,1483,544
0173.png,76,92,Smoke,1769,310,1845,402
0173.png,48,34,Smoke,559,483,607,517
0173.png,23,113,Smoke,1214,464,1237,577
0173.png,57,57,Smoke,1773,313,1830,370
0174.png,55,143,Smoke,445,384,500,527
0174.png,74,99,Smoke,665,433,739,532
0174.png,95,176,Smoke,818,375,913,551
0174.png,107,195,Smoke,1021,350,1128,545
0174.png,32,158,Smoke,962,387,994,545
0174.png,29,218,Smoke,1163,348,1192,566
0174.png,145,116,Smoke,1226,427,1371,543
0174.png,147,97,Smoke,1773,449,1920,546
0174.png,65,197,Smoke,1617,421,1682,618
0174.png,57,48,Smoke,1704,577,1761,625
0174.png,50,116,Smoke,1433,428,1483,544
0174.png,76,92,Smoke,1769,309,1845,401
0174.png,48,34,Smoke,559,483,607,517
0174.png,23,113,Smoke,1214,464,1237,577
0174.png,57,57,Smoke,1773,313,1830,370
0175.png,55,143,Smoke,445,384,500,527
0175.png,74,99,Smoke,666,432,740,531
0175.png,95,176,Smoke,818,375,913,551
0175.png,107,195,Smoke,1021,350,1128,545
0175.png,32,158,Smoke,962,387,994,545
0175.png,29,218,Smoke,1162,348,1191,566
0175.png,145,116,Smoke,1226,427,1371,543
0175.png,148,97,Smoke,1772,449,1920,546
0175.png,65,197,Smoke,1617,420,1682,617
0175.png,57,48,Smoke,1704,577,1761,625
0175.png,50,116,Smoke,1433,428,1483,544
0175.png,76,92,Smoke,1768,309,1844,401
0175.png,48,34,Smoke,559,483,607,517
0175.png,23,113,Smoke,1214,464,1237,577
0175.png,57,57,Smoke,1773,313,1830,370
0176.png,55,143,Smoke,445,384,500,527
0176.png,74,99,Smoke,666,432,740,531
0176.png,95,176,Smoke,818,374,913,550
0176.png,107,195,Smoke,1021,350,1128,545
0176.png,32,158,Smoke,962,387,994,545
0176.png,29,218,Smoke,1163,347,1192,565
0176.png,145,116,Smoke,1226,427,1371,543
0176.png,148,97,Smoke,1772,449,1920,546
0176.png,65,197,Smoke,1617,421,1682,618
0176.png,57,48,Smoke,1704,577,1761,625
0176.png,50,116,Smoke,1433,428,1483,544
0176.png,76,92,Smoke,1768,309,1844,401
0176.png,48,34,Smoke,559,483,607,517
0176.png,23,113,Smoke,1214,464,1237,577
0176.png,57,57,Smoke,1773,313,1830,370
0177.png,55,143,Smoke,445,384,500,527
0177.png,74,99,Smoke,666,432,740,531
0177.png,95,176,Smoke,818,375,913,551
0177.png,107,195,Smoke,1021,350,1128,545
0177.png,32,158,Smoke,962,386,994,544
0177.png,29,218,Smoke,1163,348,1192,566
0177.png,145,116,Smoke,1226,427,1371,543
0177.png,148,97,Smoke,1772,449,1920,546
0177.png,65,197,Smoke,1617,422,1682,619
0177.png,57,48,Smoke,1704,577,1761,625
0177.png,50,116,Smoke,1433,428,1483,544
0177.png,76,92,Smoke,1768,309,1844,401
0177.png,48,34,Smoke,559,483,607,517
0177.png,23,113,Smoke,1214,464,1237,577
0177.png,57,57,Smoke,1773,313,1830,370
0178.png,55,143,Smoke,445,384,500,527
0178.png,74,99,Smoke,666,432,740,531
0178.png,95,176,Smoke,818,374,913,550
0178.png,107,195,Smoke,1021,350,1128,545
0178.png,32,158,Smoke,962,387,994,545
0178.png,29,218,Smoke,1162,348,1191,566
0178.png,145,116,Smoke,1226,427,1371,543
0178.png,147,97,Smoke,1773,449,1920,546
0178.png,65,197,Smoke,1617,421,1682,618
0178.png,57,48,Smoke,1704,577,1761,625
0178.png,50,116,Smoke,1432,429,1482,545
0178.png,76,92,Smoke,1768,309,1844,401
0178.png,48,34,Smoke,559,483,607,517
0178.png,23,113,Smoke,1214,464,1237,577
0178.png,57,57,Smoke,1773,313,1830,370
0179.png,55,143,Smoke,445,384,500,527
0179.png,74,99,Smoke,666,432,740,531
0179.png,95,176,Smoke,818,375,913,551
0179.png,107,195,Smoke,1021,350,1128,545
0179.png,32,158,Smoke,962,387,994,545
0179.png,29,218,Smoke,1163,348,1192,566
0179.png,145,116,Smoke,1226,427,1371,543
0179.png,147,97,Smoke,1773,449,1920,546
0179.png,65,197,Smoke,1617,422,1682,619
0179.png,57,48,Smoke,1704,577,1761,625
0179.png,50,116,Smoke,1432,428,1482,544
0179.png,76,92,Smoke,1768,309,1844,401
0179.png,48,34,Smoke,559,483,607,517
0179.png,23,113,Smoke,1214,464,1237,577
0179.png,57,57,Smoke,1773,313,1830,370
0180.png,55,143,Smoke,445,384,500,527
0180.png,74,99,Smoke,666,431,740,530
0180.png,95,176,Smoke,818,374,913,550
0180.png,107,195,Smoke,1021,350,1128,545
0180.png,32,158,Smoke,962,387,994,545
0180.png,29,218,Smoke,1163,348,1192,566
0180.png,145,116,Smoke,1226,427,1371,543
0180.png,147,97,Smoke,1773,449,1920,546
0180.png,65,197,Smoke,1617,421,1682,618
0180.png,57,48,Smoke,1704,577,1761,625
0180.png,50,116,Smoke,1432,429,1482,545
0180.png,76,92,Smoke,1768,309,1844,401
0180.png,48,34,Smoke,559,483,607,517
0180.png,23,113,Smoke,1214,464,1237,577
0180.png,57,57,Smoke,1773,313,1830,370
0181.png,55,143,Smoke,445,384,500,527
0181.png,74,99,Smoke,666,432,740,531
0181.png,95,176,Smoke,818,376,913,552
0181.png,107,195,Smoke,1021,350,1128,545
0181.png,32,158,Smoke,962,387,994,545
0181.png,29,218,Smoke,1163,348,1192,566
0181.png,145,116,Smoke,1226,427,1371,543
0181.png,147,97,Smoke,1773,449,1920,546
0181.png,65,197,Smoke,1617,420,1682,617
0181.png,57,48,Smoke,1704,577,1761,625
0181.png,50,116,Smoke,1433,426,1483,542
0181.png,76,92,Smoke,1768,309,1844,401
0181.png,48,34,Smoke,559,483,607,517
0181.png,23,113,Smoke,1214,464,1237,577
0181.png,57,57,Smoke,1773,313,1830,370
0182.png,55,143,Smoke,445,384,500,527
0182.png,74,99,Smoke,666,431,740,530
0182.png,95,176,Smoke,818,376,913,552
0182.png,107,195,Smoke,1021,350,1128,545
0182.png,32,158,Smoke,962,387,994,545
0182.png,29,218,Smoke,1163,348,1192,566
0182.png,145,116,Smoke,1226,427,1371,543
0182.png,146,97,Smoke,1774,449,1920,546
0182.png,65,197,Smoke,1617,421,1682,618
0182.png,57,48,Smoke,1704,577,1761,625
0182.png,50,116,Smoke,1433,426,1483,542
0182.png,76,92,Smoke,1768,309,1844,401
0182.png,48,34,Smoke,559,483,607,517
0182.png,23,113,Smoke,1214,464,1237,577
0182.png,57,57,Smoke,1773,313,1830,370
0183.png,55,97,Smoke,450,445,505,542
0183.png,74,99,Smoke,666,431,740,530
0183.png,95,176,Smoke,818,376,913,552
0183.png,107,195,Smoke,1021,350,1128,545
0183.png,32,158,Smoke,962,387,994,545
0183.png,29,218,Smoke,1163,352,1192,570
0183.png,141,147,Smoke,1231,408,1372,555
0183.png,146,97,Smoke,1774,449,1920,546
0183.png,65,197,Smoke,1617,420,1682,617
0183.png,57,48,Smoke,1704,577,1761,625
0183.png,50,116,Smoke,1433,426,1483,542
0183.png,76,92,Smoke,1768,309,1844,401
0183.png,55,46,Smoke,552,483,607,529
0183.png,23,113,Smoke,1214,464,1237,577
0183.png,57,57,Smoke,1773,313,1830,370
0184.png,55,97,Smoke,450,445,505,542
0184.png,74,99,Smoke,666,432,740,531
0184.png,95,176,Smoke,818,375,913,551
0184.png,107,195,Smoke,1021,350,1128,545
0184.png,32,158,Smoke,962,387,994,545
0184.png,29,218,Smoke,1163,346,1192,564
0184.png,141,147,Smoke,1231,408,1372,555
0184.png,146,97,Smoke,1774,449,1920,546
0184.png,65,197,Smoke,1617,421,1682,618
0184.png,57,48,Smoke,1704,577,1761,625
0184.png,50,116,Smoke,1433,426,1483,542
0184.png,76,92,Smoke,1768,308,1844,400
0184.png,55,46,Smoke,552,484,607,530
0184.png,23,113,Smoke,1214,464,1237,577
0184.png,57,57,Smoke,1773,313,1830,370
0185.png,55,97,Smoke,450,446,505,543
0185.png,74,99,Smoke,666,431,740,530
0185.png,95,176,Smoke,818,376,913,552
0185.png,107,195,Smoke,1021,350,1128,545
0185.png,32,158,Smoke,962,387,994,545
0185.png,29,218,Smoke,1162,349,1191,567
0185.png,141,147,Smoke,1231,408,1372,555
0185.png,146,97,Smoke,1774,449,1920,546
0185.png,65,197,Smoke,1617,420,1682,617
0185.png,57,48,Smoke,1704,577,1761,625
0185.png,50,116,Smoke,1433,426,1483,542
0185.png,76,92,Smoke,1768,309,1844,401
0185.png,55,46,Smoke,552,484,607,530
0185.png,23,113,Smoke,1214,464,1237,577
0185.png,57,57,Smoke,1773,313,1830,370
0186.png,55,97,Smoke,450,445,505,542
0186.png,74,99,Smoke,665,432,739,531
0186.png,95,176,Smoke,818,377,913,553
0186.png,107,195,Smoke,1021,350,1128,545
0186.png,32,158,Smoke,962,387,994,545
0186.png,29,218,Smoke,1162,350,1191,568
0186.png,141,147,Smoke,1231,408,1372,555
0186.png,146,97,Smoke,1774,449,1920,546
0186.png,65,197,Smoke,1617,421,1682,618
0186.png,57,48,Smoke,1704,577,1761,625
0186.png,50,116,Smoke,1433,426,1483,542
0186.png,76,92,Smoke,1768,309,1844,401
0186.png,55,46,Smoke,552,484,607,530
0186.png,23,113,Smoke,1214,464,1237,577
0186.png,57,57,Smoke,1773,313,1830,370
0187.png,55,97,Smoke,450,445,505,542
0187.png,74,99,Smoke,666,431,740,530
0187.png,95,176,Smoke,818,377,913,553
0187.png,107,195,Smoke,1021,350,1128,545
0187.png,32,158,Smoke,962,387,994,545
0187.png,29,218,Smoke,1162,349,1191,567
0187.png,141,147,Smoke,1231,408,1372,555
0187.png,146,97,Smoke,1774,449,1920,546
0187.png,65,197,Smoke,1616,420,1681,617
0187.png,57,48,Smoke,1704,577,1761,625
0187.png,50,116,Smoke,1433,426,1483,542
0187.png,76,92,Smoke,1768,309,1844,401
0187.png,55,46,Smoke,552,484,607,530
0187.png,23,113,Smoke,1214,464,1237,577
0187.png,57,57,Smoke,1773,313,1830,370
0188.png,55,97,Smoke,450,445,505,542
0188.png,74,99,Smoke,666,431,740,530
0188.png,95,176,Smoke,818,377,913,553
0188.png,107,195,Smoke,1021,350,1128,545
0188.png,32,158,Smoke,962,387,994,545
0188.png,29,218,Smoke,1162,364,1191,582
0188.png,141,147,Smoke,1231,408,1372,555
0188.png,146,97,Smoke,1774,449,1920,546
0188.png,65,197,Smoke,1617,421,1682,618
0188.png,57,48,Smoke,1704,577,1761,625
0188.png,50,116,Smoke,1433,426,1483,542
0188.png,76,92,Smoke,1768,309,1844,401
0188.png,55,46,Smoke,552,483,607,529
0188.png,23,113,Smoke,1214,464,1237,577
0188.png,57,57,Smoke,1773,313,1830,370
0189.png,55,97,Smoke,450,445,505,542
0189.png,74,99,Smoke,665,432,739,531
0189.png,95,176,Smoke,818,376,913,552
0189.png,107,195,Smoke,1021,350,1128,545
0189.png,32,158,Smoke,962,387,994,545
0189.png,29,218,Smoke,1162,349,1191,567
0189.png,141,147,Smoke,1231,408,1372,555
0189.png,146,97,Smoke,1774,449,1920,546
0189.png,65,197,Smoke,1617,422,1682,619
0189.png,57,48,Smoke,1704,577,1761,625
0189.png,50,116,Smoke,1433,427,1483,543
0189.png,76,92,Smoke,1768,309,1844,401
0189.png,55,46,Smoke,552,483,607,529
0189.png,23,113,Smoke,1214,464,1237,577
0189.png,57,57,Smoke,1773,313,1830,370
0190.png,55,97,Smoke,450,445,505,542
0190.png,74,99,Smoke,665,432,739,531
0190.png,95,176,Smoke,818,377,913,553
0190.png,107,195,Smoke,1021,350,1128,545
0190.png,32,158,Smoke,962,387,994,545
0190.png,29,218,Smoke,1162,349,1191,567
0190.png,141,147,Smoke,1231,408,1372,555
0190.png,146,97,Smoke,1774,449,1920,546
0190.png,65,197,Smoke,1617,421,1682,618
0190.png,57,48,Smoke,1704,577,1761,625
0190.png,50,116,Smoke,1432,426,1482,542
0190.png,76,92,Smoke,1768,309,1844,401
0190.png,55,46,Smoke,552,484,607,530
0190.png,23,113,Smoke,1214,464,1237,577
0190.png,57,57,Smoke,1773,313,1830,370
0191.png,55,97,Smoke,450,445,505,542
0191.png,74,99,Smoke,666,431,740,530
0191.png,95,176,Smoke,819,376,914,552
0191.png,107,195,Smoke,1021,350,1128,545
0191.png,32,158,Smoke,962,387,994,545
0191.png,29,218,Smoke,1162,364,1191,582
0191.png,141,147,Smoke,1231,408,1372,555
0191.png,146,97,Smoke,1774,449,1920,546
0191.png,65,197,Smoke,1617,420,1682,617
0191.png,57,48,Smoke,1704,577,1761,625
0191.png,50,116,Smoke,1432,426,1482,542
0191.png,76,92,Smoke,1768,309,1844,401
0191.png,55,46,Smoke,552,484,607,530
0191.png,23,113,Smoke,1214,464,1237,577
0191.png,57,57,Smoke,1773,313,1830,370
0192.png,55,97,Smoke,450,445,505,542
0192.png,74,99,Smoke,666,431,740,530
0192.png,95,176,Smoke,819,375,914,551
0192.png,107,195,Smoke,1021,350,1128,545
0192.png,32,158,Smoke,962,387,994,545
0192.png,29,218,Smoke,1162,366,1191,584
0192.png,141,147,Smoke,1231,408,1372,555
0192.png,146,97,Smoke,1774,449,1920,546
0192.png,65,197,Smoke,1617,421,1682,618
0192.png,57,48,Smoke,1704,577,1761,625
0192.png,50,116,Smoke,1432,426,1482,542
0192.png,76,92,Smoke,1768,309,1844,401
0192.png,55,46,Smoke,552,484,607,530
0192.png,23,113,Smoke,1214,464,1237,577
0192.png,57,57,Smoke,1773,313,1830,370
0193.png,55,97,Smoke,450,445,505,542
0193.png,74,99,Smoke,666,431,740,530
0193.png,95,176,Smoke,819,376,914,552
0193.png,107,221,Smoke,1021,324,1128,545
0193.png,32,158,Smoke,962,387,994,545
0193.png,29,218,Smoke,1162,366,1191,584
0193.png,141,147,Smoke,1231,408,1372,555
0193.png,145,86,Smoke,1775,460,1920,546
0193.png,65,197,Smoke,1616,420,1681,617
0193.png,69,59,Smoke,1691,578,1760,637
0193.png,50,116,Smoke,1432,426,1482,542
0193.png,76,92,Smoke,1768,309,1844,401
0193.png,55,46,Smoke,552,484,607,530
0193.png,23,113,Smoke,1214,464,1237,577
0193.png,57,57,Smoke,1773,313,1830,370
0194.png,55,97,Smoke,450,445,505,542
0194.png,74,99,Smoke,666,431,740,530
0194.png,95,176,Smoke,819,375,914,551
0194.png,107,221,Smoke,1021,324,1128,545
0194.png,32,158,Smoke,962,387,994,545
0194.png,29,218,Smoke,1162,366,1191,584
0194.png,141,147,Smoke,1231,408,1372,555
0194.png,144,86,Smoke,1776,459,1920,545
0194.png,65,197,Smoke,1616,421,1681,618
0194.png,69,59,Smoke,1691,578,1760,637
0194.png,50,116,Smoke,1432,426,1482,542
0194.png,76,92,Smoke,1768,309,1844,401
0194.png,55,46,Smoke,552,484,607,530
0194.png,23,113,Smoke,1214,464,1237,577
0194.png,57,57,Smoke,1773,313,1830,370
0195.png,55,97,Smoke,450,445,505,542
0195.png,74,99,Smoke,666,431,740,530
0195.png,95,176,Smoke,819,376,914,552
0195.png,107,221,Smoke,1021,324,1128,545
0195.png,32,158,Smoke,962,387,994,545
0195.png,29,218,Smoke,1162,364,1191,582
0195.png,141,147,Smoke,1231,408,1372,555
0195.png,145,86,Smoke,1775,459,1920,545
0195.png,65,197,Smoke,1617,420,1682,617
0195.png,69,59,Smoke,1691,578,1760,637
0195.png,50,116,Smoke,1432,426,1482,542
0195.png,76,92,Smoke,1768,309,1844,401
0195.png,55,46,Smoke,552,484,607,530
0195.png,23,113,Smoke,1214,464,1237,577
0195.png,57,57,Smoke,1773,313,1830,370
0196.png,55,97,Smoke,450,445,505,542
0196.png,74,99,Smoke,666,431,740,530
0196.png,95,176,Smoke,819,376,914,552
0196.png,107,221,Smoke,1021,323,1128,544
0196.png,32,158,Smoke,962,387,994,545
0196.png,29,218,Smoke,1162,365,1191,583
0196.png,141,147,Smoke,1231,408,1372,555
0196.png,145,86,Smoke,1775,460,1920,546
0196.png,65,197,Smoke,1617,421,1682,618
0196.png,69,59,Smoke,1691,578,1760,637
0196.png,50,116,Smoke,1432,426,1482,542
0196.png,76,92,Smoke,1768,309,1844,401
0196.png,55,46,Smoke,552,484,607,530
0196.png,23,113,Smoke,1214,464,1237,577
0196.png,57,57,Smoke,1773,313,1830,370
0197.png,55,97,Smoke,450,445,505,542
0197.png,74,99,Smoke,666,432,740,531
0197.png,95,176,Smoke,819,375,914,551
0197.png,107,221,Smoke,1021,325,1128,546
0197.png,32,158,Smoke,962,387,994,545
0197.png,29,218,Smoke,1162,363,1191,581
0197.png,141,147,Smoke,1231,408,1372,555
0197.png,145,86,Smoke,1775,459,1920,545
0197.png,65,197,Smoke,1617,420,1682,617
0197.png,69,59,Smoke,1691,577,1760,636
0197.png,50,116,Smoke,1432,426,1482,542
0197.png,76,92,Smoke,1768,309,1844,401
0197.png,55,46,Smoke,552,484,607,530
0197.png,23,113,Smoke,1214,464,1237,577
0197.png,57,57,Smoke,1773,313,1830,370
0198.png,55,97,Smoke,450,445,505,542
0198.png,74,99,Smoke,666,431,740,530
0198.png,95,176,Smoke,819,375,914,551
0198.png,107,221,Smoke,1021,325,1128,546
0198.png,32,158,Smoke,962,387,994,545
0198.png,29,218,Smoke,1162,365,1191,583
0198.png,141,147,Smoke,1231,408,1372,555
0198.png,145,86,Smoke,1775,457,1920,543
0198.png,65,197,Smoke,1617,421,1682,618
0198.png,69,59,Smoke,1691,578,1760,637
0198.png,50,116,Smoke,1432,426,1482,542
0198.png,76,92,Smoke,1768,309,1844,401
0198.png,55,46,Smoke,552,484,607,530
0198.png,23,113,Smoke,1214,464,1237,577
0198.png,57,57,Smoke,1773,313,1830,370
0199.png,55,97,Smoke,450,445,505,542
0199.png,74,99,Smoke,666,431,740,530
0199.png,95,176,Smoke,819,376,914,552
0199.png,107,221,Smoke,1021,324,1128,545
0199.png,32,158,Smoke,962,387,994,545
0199.png,29,218,Smoke,1162,366,1191,584
0199.png,141,147,Smoke,1231,408,1372,555
0199.png,145,86,Smoke,1775,457,1920,543
0199.png,65,197,Smoke,1617,420,1682,617
0199.png,69,59,Smoke,1691,578,1760,637
0199.png,50,116,Smoke,1432,426,1482,542
0199.png,76,92,Smoke,1768,309,1844,401
0199.png,55,46,Smoke,552,484,607,530
0199.png,23,113,Smoke,1214,464,1237,577
0199.png,57,57,Smoke,1773,313,1830,370
0200.png,55,97,Smoke,450,445,505,542
0200.png,74,99,Smoke,666,431,740,530
0200.png,95,176,Smoke,820,375,915,551
0200.png,107,221,Smoke,1021,323,1128,544
0200.png,32,158,Smoke,962,387,994,545
0200.png,29,218,Smoke,1162,366,1191,584
0200.png,141,147,Smoke,1231,408,1372,555
0200.png,144,86,Smoke,1776,456,1920,542
0200.png,65,197,Smoke,1617,421,1682,618
0200.png,69,59,Smoke,1691,577,1760,636
0200.png,50,116,Smoke,1432,426,1482,542
0200.png,76,92,Smoke,1768,309,1844,401
0200.png,55,46,Smoke,552,483,607,529
0200.png,23,113,Smoke,1214,464,1237,577
0200.png,57,57,Smoke,1773,313,1830,370
0201.png,55,97,Smoke,450,445,505,542
0201.png,74,99,Smoke,666,431,740,530
0201.png,95,176,Smoke,819,376,914,552
0201.png,107,221,Smoke,1021,324,1128,545
0201.png,32,158,Smoke,962,387,994,545
0201.png,29,218,Smoke,1162,366,1191,584
0201.png,141,147,Smoke,1231,408,1372,555
0201.png,145,86,Smoke,1775,457,1920,543
0201.png,65,197,Smoke,1617,422,1682,619
0201.png,69,59,Smoke,1691,577,1760,636
0201.png,50,116,Smoke,1432,426,1482,542
0201.png,76,92,Smoke,1769,309,1845,401
0201.png,55,46,Smoke,552,484,607,530
0201.png,23,113,Smoke,1214,464,1237,577
0201.png,57,57,Smoke,1773,313,1830,370
0201.png,55,46,Smoke,552,484,607,530
0202.png,55,97,Smoke,450,445,505,542
0202.png,74,99,Smoke,666,431,740,530
0202.png,95,176,Smoke,819,377,914,553
0202.png,107,221,Smoke,1021,323,1128,544
0202.png,32,158,Smoke,962,387,994,545
0202.png,29,218,Smoke,1162,368,1191,586
0202.png,141,147,Smoke,1231,408,1372,555
0202.png,145,86,Smoke,1775,455,1920,541
0202.png,65,197,Smoke,1617,422,1682,619
0202.png,69,59,Smoke,1691,577,1760,636
0202.png,50,116,Smoke,1432,426,1482,542
0202.png,76,92,Smoke,1769,309,1845,401
0202.png,23,113,Smoke,1214,464,1237,577
0202.png,57,57,Smoke,1773,313,1830,370
0202.png,55,46,Smoke,552,484,607,530
0203.png,55,97,Smoke,450,445,505,542
0203.png,74,99,Smoke,666,431,740,530
0203.png,95,176,Smoke,819,376,914,552
0203.png,107,221,Smoke,1021,324,1128,545
0203.png,32,158,Smoke,962,387,994,545
0203.png,29,218,Smoke,1162,368,1191,586
0203.png,141,147,Smoke,1231,408,1372,555
0203.png,146,86,Smoke,1774,460,1920,546
0203.png,65,197,Smoke,1617,422,1682,619
0203.png,69,59,Smoke,1691,577,1760,636
0203.png,50,116,Smoke,1432,426,1482,542
0203.png,76,92,Smoke,1769,309,1845,401
0203.png,23,113,Smoke,1214,464,1237,577
0203.png,57,57,Smoke,1773,313,1830,370
0204.png,55,97,Smoke,450,445,505,542
0204.png,74,99,Smoke,666,431,740,530
0204.png,95,176,Smoke,819,376,914,552
0204.png,107,221,Smoke,1021,324,1128,545
0204.png,32,158,Smoke,962,387,994,545
0204.png,29,218,Smoke,1162,368,1191,586
0204.png,141,147,Smoke,1231,408,1372,555
0204.png,145,86,Smoke,1775,459,1920,545
0204.png,65,197,Smoke,1617,422,1682,619
0204.png,69,59,Smoke,1691,577,1760,636
0204.png,50,116,Smoke,1432,426,1482,542
0204.png,76,92,Smoke,1769,309,1845,401
0204.png,55,46,Smoke,552,484,607,530
0204.png,23,113,Smoke,1214,464,1237,577
0204.png,57,57,Smoke,1773,313,1830,370
0205.png,55,97,Smoke,450,445,505,542
0205.png,74,99,Smoke,666,431,740,530
0205.png,95,176,Smoke,819,376,914,552
0205.png,107,221,Smoke,1021,323,1128,544
0205.png,32,158,Smoke,962,387,994,545
0205.png,29,218,Smoke,1162,368,1191,586
0205.png,141,147,Smoke,1231,408,1372,555
0205.png,145,86,Smoke,1775,458,1920,544
0205.png,65,197,Smoke,1617,422,1682,619
0205.png,69,59,Smoke,1691,577,1760,636
0205.png,50,116,Smoke,1432,426,1482,542
0205.png,76,92,Smoke,1769,309,1845,401
0205.png,55,46,Smoke,552,484,607,530
0205.png,23,113,Smoke,1214,464,1237,577
0205.png,57,57,Smoke,1773,313,1830,370
0206.png,55,97,Smoke,450,445,505,542
0206.png,74,99,Smoke,666,431,740,530
0206.png,95,176,Smoke,819,376,914,552
0206.png,107,221,Smoke,1021,323,1128,544
0206.png,32,158,Smoke,962,387,994,545
0206.png,29,218,Smoke,1162,368,1191,586
0206.png,141,147,Smoke,1231,407,1372,554
0206.png,145,86,Smoke,1775,458,1920,544
0206.png,65,197,Smoke,1617,422,1682,619
0206.png,69,59,Smoke,1691,577,1760,636
0206.png,50,116,Smoke,1432,426,1482,542
0206.png,76,92,Smoke,1769,309,1845,401
0206.png,55,46,Smoke,552,484,607,530
0206.png,23,113,Smoke,1214,464,1237,577
0206.png,57,57,Smoke,1773,313,1830,370
0207.png,55,97,Smoke,450,445,505,542
0207.png,74,99,Smoke,666,431,740,530
0207.png,95,176,Smoke,819,376,914,552
0207.png,107,221,Smoke,1021,323,1128,544
0207.png,32,158,Smoke,962,387,994,545
0207.png,29,218,Smoke,1162,368,1191,586
0207.png,141,147,Smoke,1231,408,1372,555
0207.png,145,86,Smoke,1775,459,1920,545
0207.png,65,197,Smoke,1617,421,1682,618
0207.png,69,59,Smoke,1691,577,1760,636
0207.png,50,116,Smoke,1432,426,1482,542
0207.png,76,92,Smoke,1769,309,1845,401
0207.png,55,46,Smoke,552,484,607,530
0207.png,23,113,Smoke,1214,464,1237,577
0207.png,57,57,Smoke,1773,313,1830,370
0208.png,55,97,Smoke,450,446,505,543
0208.png,74,99,Smoke,666,431,740,530
0208.png,95,176,Smoke,819,375,914,551
0208.png,107,221,Smoke,1021,323,1128,544
0208.png,32,158,Smoke,962,387,994,545
0208.png,29,218,Smoke,1162,368,1191,586
0208.png,141,147,Smoke,1231,408,1372,555
0208.png,145,86,Smoke,1775,459,1920,545
0208.png,65,197,Smoke,1617,422,1682,619
0208.png,69,59,Smoke,1691,577,1760,636
0208.png,50,116,Smoke,1432,426,1482,542
0208.png,76,92,Smoke,1769,309,1845,401
0208.png,55,46,Smoke,552,484,607,530
0208.png,23,113,Smoke,1214,464,1237,577
0208.png,57,57,Smoke,1773,313,1830,370
0209.png,55,97,Smoke,450,445,505,542
0209.png,74,99,Smoke,666,431,740,530
0209.png,95,176,Smoke,819,376,914,552
0209.png,107,221,Smoke,1021,323,1128,544
0209.png,32,158,Smoke,963,387,995,545
0209.png,29,218,Smoke,1162,366,1191,584
0209.png,141,147,Smoke,1231,408,1372,555
0209.png,145,86,Smoke,1775,459,1920,545
0209.png,65,197,Smoke,1617,422,1682,619
0209.png,69,59,Smoke,1691,577,1760,636
0209.png,50,116,Smoke,1432,426,1482,542
0209.png,76,92,Smoke,1769,309,1845,401
0209.png,55,46,Smoke,552,484,607,530
0209.png,23,113,Smoke,1214,464,1237,577
0209.png,57,57,Smoke,1773,313,1830,370
0210.png,55,97,Smoke,450,445,505,542
0210.png,74,99,Smoke,666,431,740,530
0210.png,95,176,Smoke,819,377,914,553
0210.png,107,221,Smoke,1021,323,1128,544
0210.png,32,158,Smoke,963,387,995,545
0210.png,29,218,Smoke,1162,366,1191,584
0210.png,141,147,Smoke,1231,408,1372,555
0210.png,145,86,Smoke,1775,460,1920,546
0210.png,65,197,Smoke,1617,422,1682,619
0210.png,69,59,Smoke,1691,577,1760,636
0210.png,50,116,Smoke,1432,426,1482,542
0210.png,76,92,Smoke,1769,309,1845,401
0210.png,55,46,Smoke,552,484,607,530
0210.png,23,113,Smoke,1214,464,1237,577
0210.png,57,57,Smoke,1773,313,1830,370
0211.png,55,97,Smoke,450,445,505,542
0211.png,74,99,Smoke,666,431,740,530
0211.png,95,176,Smoke,819,376,914,552
0211.png,107,221,Smoke,1020,324,1127,545
0211.png,32,158,Smoke,962,387,994,545
0211.png,29,218,Smoke,1162,366,1191,584
0211.png,141,147,Smoke,1231,408,1372,555
0211.png,145,86,Smoke,1775,459,1920,545
0211.png,65,197,Smoke,1617,422,1682,619
0211.png,69,59,Smoke,1691,577,1760,636
0211.png,50,116,Smoke,1432,426,1482,542
0211.png,76,92,Smoke,1769,309,1845,401
0211.png,55,46,Smoke,552,484,607,530
0211.png,23,113,Smoke,1214,464,1237,577
0211.png,57,57,Smoke,1773,313,1830,370
0211.png,55,46,Smoke,552,484,607,530
0212.png,55,84,Smoke,450,458,505,542
0212.png,74,99,Smoke,666,431,740,530
0212.png,95,176,Smoke,819,377,914,553
0212.png,107,221,Smoke,1020,323,1127,544
0212.png,32,158,Smoke,962,387,994,545
0212.png,29,218,Smoke,1162,368,1191,586
0212.png,141,147,Smoke,1231,408,1372,555
0212.png,144,86,Smoke,1776,459,1920,545
0212.png,65,197,Smoke,1617,423,1682,620
0212.png,69,59,Smoke,1691,577,1760,636
0212.png,50,116,Smoke,1432,426,1482,542
0212.png,76,92,Smoke,1769,309,1845,401
0212.png,23,113,Smoke,1214,464,1237,577
0212.png,57,57,Smoke,1773,313,1830,370
0212.png,55,46,Smoke,552,484,607,530
0213.png,55,84,Smoke,450,458,505,542
0213.png,74,99,Smoke,666,431,740,530
0213.png,95,176,Smoke,819,376,914,552
0213.png,107,221,Smoke,1020,324,1127,545
0213.png,32,158,Smoke,962,387,994,545
0213.png,29,218,Smoke,1162,366,1191,584
0213.png,141,147,Smoke,1231,408,1372,555
0213.png,144,86,Smoke,1776,459,1920,545
0213.png,65,197,Smoke,1617,422,1682,619
0213.png,69,59,Smoke,1691,577,1760,636
0213.png,50,116,Smoke,1432,426,1482,542
0213.png,76,92,Smoke,1769,309,1845,401
0213.png,23,113,Smoke,1214,464,1237,577
0213.png,57,57,Smoke,1773,313,1830,370
0214.png,55,84,Smoke,450,458,505,542
0214.png,74,99,Smoke,666,431,740,530
0214.png,95,176,Smoke,819,375,914,551
0214.png,107,221,Smoke,1020,323,1127,544
0214.png,32,158,Smoke,962,387,994,545
0214.png,29,218,Smoke,1162,368,1191,586
0214.png,141,147,Smoke,1231,408,1372,555
0214.png,144,86,Smoke,1776,459,1920,545
0214.png,65,197,Smoke,1617,423,1682,620
0214.png,69,59,Smoke,1691,577,1760,636
0214.png,50,116,Smoke,1432,426,1482,542
0214.png,76,92,Smoke,1769,309,1845,401
0214.png,55,46,Smoke,552,484,607,530
0214.png,23,113,Smoke,1214,464,1237,577
0214.png,57,57,Smoke,1773,313,1830,370
0215.png,55,84,Smoke,450,458,505,542
0215.png,74,99,Smoke,666,431,740,530
0215.png,95,176,Smoke,819,376,914,552
0215.png,107,221,Smoke,1021,325,1128,546
0215.png,32,158,Smoke,962,387,994,545
0215.png,29,218,Smoke,1162,367,1191,585
0215.png,141,147,Smoke,1231,408,1372,555
0215.png,144,86,Smoke,1776,459,1920,545
0215.png,65,197,Smoke,1617,422,1682,619
0215.png,69,59,Smoke,1691,577,1760,636
0215.png,50,116,Smoke,1432,426,1482,542
0215.png,76,92,Smoke,1769,309,1845,401
0215.png,55,46,Smoke,552,484,607,530
0215.png,23,113,Smoke,1214,464,1237,577
0215.png,57,57,Smoke,1773,313,1830,370
0216.png,55,84,Smoke,450,458,505,542
0216.png,74,99,Smoke,666,430,740,529
0216.png,95,176,Smoke,820,375,915,551
0216.png,107,221,Smoke,1020,323,1127,544
0216.png,32,158,Smoke,962,387,994,545
0216.png,29,218,Smoke,1162,368,1191,586
0216.png,141,147,Smoke,1231,408,1372,555
0216.png,144,86,Smoke,1776,459,1920,545
0216.png,65,197,Smoke,1617,423,1682,620
0216.png,69,59,Smoke,1691,577,1760,636
0216.png,50,116,Smoke,1432,426,1482,542
0216.png,76,92,Smoke,1769,309,1845,401
0216.png,55,46,Smoke,552,484,607,530
0216.png,23,113,Smoke,1214,464,1237,577
0216.png,57,57,Smoke,1773,313,1830,370
0217.png,55,84,Smoke,450,458,505,542
0217.png,74,99,Smoke,666,432,740,531
0217.png,95,176,Smoke,819,376,914,552
0217.png,107,221,Smoke,1020,325,1127,546
0217.png,32,158,Smoke,962,387,994,545
0217.png,29,218,Smoke,1162,368,1191,586
0217.png,141,147,Smoke,1231,408,1372,555
0217.png,144,86,Smoke,1776,459,1920,545
0217.png,65,197,Smoke,1617,422,1682,619
0217.png,69,59,Smoke,1691,577,1760,636
0217.png,50,116,Smoke,1432,426,1482,542
0217.png,76,92,Smoke,1769,309,1845,401
0217.png,55,46,Smoke,552,484,607,530
0217.png,23,113,Smoke,1214,464,1237,577
0217.png,57,57,Smoke,1773,313,1830,370
0218.png,55,84,Smoke,450,457,505,541
0218.png,74,99,Smoke,666,431,740,530
0218.png,95,176,Smoke,820,375,915,551
0218.png,107,221,Smoke,1020,323,1127,544
0218.png,32,158,Smoke,962,387,994,545
0218.png,29,218,Smoke,1162,368,1191,586
0218.png,141,147,Smoke,1231,408,1372,555
0218.png,144,86,Smoke,1776,459,1920,545
0218.png,65,197,Smoke,1617,423,1682,620
0218.png,69,59,Smoke,1691,577,1760,636
0218.png,50,116,Smoke,1432,426,1482,542
0218.png,76,92,Smoke,1769,309,1845,401
0218.png,55,46,Smoke,552,484,607,530
0218.png,23,113,Smoke,1214,464,1237,577
0218.png,57,57,Smoke,1773,313,1830,370
0219.png,55,84,Smoke,450,458,505,542
0219.png,74,99,Smoke,666,432,740,531
0219.png,95,176,Smoke,819,376,914,552
0219.png,107,221,Smoke,1021,325,1128,546
0219.png,32,158,Smoke,962,387,994,545
0219.png,29,218,Smoke,1162,368,1191,586
0219.png,141,147,Smoke,1231,408,1372,555
0219.png,144,86,Smoke,1776,459,1920,545
0219.png,65,197,Smoke,1617,422,1682,619
0219.png,69,59,Smoke,1691,577,1760,636
0219.png,50,116,Smoke,1432,426,1482,542
0219.png,76,92,Smoke,1769,309,1845,401
0219.png,55,46,Smoke,552,484,607,530
0219.png,23,113,Smoke,1214,464,1237,577
0219.png,57,57,Smoke,1773,313,1830,370
0220.png,55,84,Smoke,450,458,505,542
0220.png,74,99,Smoke,665,431,739,530
0220.png,95,176,Smoke,819,375,914,551
0220.png,107,221,Smoke,1021,325,1128,546
0220.png,32,158,Smoke,962,387,994,545
0220.png,29,218,Smoke,1162,368,1191,586
0220.png,141,147,Smoke,1231,408,1372,555
0220.png,144,86,Smoke,1776,459,1920,545
0220.png,65,197,Smoke,1617,423,1682,620
0220.png,69,59,Smoke,1691,577,1760,636
0220.png,50,116,Smoke,1432,426,1482,542
0220.png,76,92,Smoke,1769,309,1845,401
0220.png,55,46,Smoke,552,484,607,530
0220.png,23,113,Smoke,1214,464,1237,577
0220.png,57,57,Smoke,1773,313,1830,370
0221.png,55,84,Smoke,450,458,505,542
0221.png,74,99,Smoke,665,432,739,531
0221.png,95,176,Smoke,819,376,914,552
0221.png,107,221,Smoke,1021,325,1128,546
0221.png,32,158,Smoke,962,387,994,545
0221.png,29,218,Smoke,1162,368,1191,586
0221.png,141,147,Smoke,1231,408,1372,555
0221.png,144,86,Smoke,1776,459,1920,545
0221.png,65,197,Smoke,1617,422,1682,619
0221.png,69,59,Smoke,1691,577,1760,636
0221.png,50,116,Smoke,1432,426,1482,542
0221.png,76,92,Smoke,1769,309,1845,401
0221.png,55,46,Smoke,552,484,607,530
0221.png,23,113,Smoke,1214,464,1237,577
0221.png,57,57,Smoke,1773,313,1830,370
0221.png,55,46,Smoke,552,484,607,530
0222.png,55,84,Smoke,450,458,505,542
0222.png,74,99,Smoke,665,432,739,531
0222.png,95,176,Smoke,819,375,914,551
0222.png,107,221,Smoke,1021,325,1128,546
0222.png,32,158,Smoke,962,387,994,545
0222.png,29,218,Smoke,1162,369,1191,587
0222.png,141,147,Smoke,1231,408,1372,555
0222.png,143,86,Smoke,1777,458,1920,544
0222.png,65,197,Smoke,1617,423,1682,620
0222.png,69,59,Smoke,1691,577,1760,636
0222.png,50,116,Smoke,1432,426,1482,542
0222.png,76,92,Smoke,1769,309,1845,401
0222.png,23,113,Smoke,1214,464,1237,577
0222.png,57,57,Smoke,1773,313,1830,370
0222.png,55,46,Smoke,552,484,607,530
0223.png,55,84,Smoke,450,459,505,543
0223.png,74,99,Smoke,665,432,739,531
0223.png,95,176,Smoke,819,376,914,552
0223.png,107,221,Smoke,1021,325,1128,546
0223.png,32,158,Smoke,962,387,994,545
0223.png,29,218,Smoke,1162,370,1191,588
0223.png,141,147,Smoke,1231,408,1372,555
0223.png,143,86,Smoke,1777,458,1920,544
0223.png,65,197,Smoke,1617,422,1682,619
0223.png,69,59,Smoke,1691,577,1760,636
0223.png,50,116,Smoke,1432,426,1482,542
0223.png,76,92,Smoke,1769,309,1845,401
0223.png,23,113,Smoke,1214,464,1237,577
0223.png,57,57,Smoke,1773,313,1830,370
0224.png,55,84,Smoke,450,459,505,543
0224.png,74,99,Smoke,665,432,739,531
0224.png,95,176,Smoke,819,375,914,551
0224.png,107,221,Smoke,1021,325,1128,546
0224.png,32,158,Smoke,962,387,994,545
0224.png,29,218,Smoke,1162,368,1191,586
0224.png,141,147,Smoke,1231,408,1372,555
0224.png,143,86,Smoke,1777,458,1920,544
0224.png,65,197,Smoke,1617,423,1682,620
0224.png,69,59,Smoke,1691,577,1760,636
0224.png,50,116,Smoke,1432,426,1482,542
0224.png,76,92,Smoke,1769,309,1845,401
0224.png,55,46,Smoke,552,484,607,530
0224.png,23,113,Smoke,1214,464,1237,577
0224.png,57,57,Smoke,1773,313,1830,370
0225.png,55,84,Smoke,450,459,505,543
0225.png,69,86,Smoke,670,445,739,531
0225.png,95,176,Smoke,819,376,914,552
0225.png,107,221,Smoke,1021,324,1128,545
0225.png,32,158,Smoke,962,387,994,545
0225.png,29,218,Smoke,1162,366,1191,584
0225.png,141,147,Smoke,1231,408,1372,555
0225.png,143,86,Smoke,1777,458,1920,544
0225.png,65,197,Smoke,1617,422,1682,619
0225.png,69,59,Smoke,1691,577,1760,636
0225.png,50,116,Smoke,1432,425,1482,541
0225.png,76,92,Smoke,1769,309,1845,401
0225.png,55,46,Smoke,552,484,607,530
0225.png,23,113,Smoke,1214,464,1237,577
0225.png,57,57,Smoke,1773,313,1830,370
0226.png,55,84,Smoke,450,459,505,543
0226.png,69,86,Smoke,669,445,738,531
0226.png,95,176,Smoke,819,375,914,551
0226.png,107,221,Smoke,1021,326,1128,547
0226.png,32,158,Smoke,962,387,994,545
0226.png,29,218,Smoke,1162,367,1191,585
0226.png,141,147,Smoke,1231,408,1372,555
0226.png,143,86,Smoke,1777,458,1920,544
0226.png,65,197,Smoke,1617,423,1682,620
0226.png,69,59,Smoke,1691,577,1760,636
0226.png,50,116,Smoke,1432,426,1482,542
0226.png,76,92,Smoke,1769,309,1845,401
0226.png,55,46,Smoke,552,484,607,530
0226.png,23,113,Smoke,1214,464,1237,577
0226.png,57,57,Smoke,1773,313,1830,370
0227.png,55,84,Smoke,450,459,505,543
0227.png,69,86,Smoke,670,445,739,531
0227.png,95,176,Smoke,819,376,914,552
0227.png,107,221,Smoke,1021,323,1128,544
0227.png,32,158,Smoke,962,387,994,545
0227.png,29,218,Smoke,1162,367,1191,585
0227.png,141,147,Smoke,1231,408,1372,555
0227.png,143,86,Smoke,1777,459,1920,545
0227.png,65,197,Smoke,1617,422,1682,619
0227.png,69,59,Smoke,1691,577,1760,636
0227.png,50,116,Smoke,1432,426,1482,542
0227.png,76,92,Smoke,1769,309,1845,401
0227.png,55,46,Smoke,552,484,607,530
0227.png,23,113,Smoke,1214,464,1237,577
0227.png,57,57,Smoke,1773,313,1830,370
0228.png,55,84,Smoke,450,458,505,542
0228.png,69,86,Smoke,670,445,739,531
0228.png,95,176,Smoke,818,375,913,551
0228.png,107,221,Smoke,1022,324,1129,545
0228.png,32,158,Smoke,962,387,994,545
0228.png,29,218,Smoke,1162,368,1191,586
0228.png,141,147,Smoke,1231,408,1372,555
0228.png,143,86,Smoke,1777,459,1920,545
0228.png,65,197,Smoke,1618,423,1683,620
0228.png,69,59,Smoke,1691,577,1760,636
0228.png,50,116,Smoke,1431,426,1481,542
0228.png,76,92,Smoke,1768,309,1844,401
0228.png,55,46,Smoke,552,484,607,530
0228.png,23,113,Smoke,1214,464,1237,577
0228.png,57,57,Smoke,1773,313,1830,370
0229.png,55,84,Smoke,450,460,505,544
0229.png,69,86,Smoke,670,445,739,531
0229.png,95,176,Smoke,819,376,914,552
0229.png,107,221,Smoke,1021,323,1128,544
0229.png,32,158,Smoke,962,387,994,545
0229.png,29,218,Smoke,1162,368,1191,586
0229.png,141,147,Smoke,1231,408,1372,555
0229.png,143,86,Smoke,1777,458,1920,544
0229.png,65,197,Smoke,1618,422,1683,619
0229.png,69,59,Smoke,1691,577,1760,636
0229.png,50,116,Smoke,1431,427,1481,543
0229.png,76,92,Smoke,1768,309,1844,401
0229.png,55,46,Smoke,552,484,607,530
0229.png,23,113,Smoke,1214,464,1237,577
0229.png,57,57,Smoke,1773,313,1830,370
0230.png,55,84,Smoke,450,459,505,543
0230.png,69,86,Smoke,670,445,739,531
0230.png,95,176,Smoke,819,375,914,551
0230.png,107,221,Smoke,1022,324,1129,545
0230.png,32,158,Smoke,962,387,994,545
0230.png,29,218,Smoke,1162,368,1191,586
0230.png,141,147,Smoke,1231,408,1372,555
0230.png,143,86,Smoke,1777,458,1920,544
0230.png,65,197,Smoke,1617,423,1682,620
0230.png,69,59,Smoke,1691,577,1760,636
0230.png,50,116,Smoke,1431,426,1481,542
0230.png,76,92,Smoke,1768,309,1844,401
0230.png,55,46,Smoke,552,484,607,530
0230.png,23,113,Smoke,1214,464,1237,577
0230.png,57,57,Smoke,1773,313,1830,370
0231.png,55,84,Smoke,450,459,505,543
0231.png,69,86,Smoke,670,445,739,531
0231.png,95,176,Smoke,819,374,914,550
0231.png,107,221,Smoke,1021,323,1128,544
0231.png,32,158,Smoke,962,387,994,545
0231.png,29,218,Smoke,1162,368,1191,586
0231.png,141,147,Smoke,1231,408,1372,555
0231.png,143,86,Smoke,1777,457,1920,543
0231.png,65,197,Smoke,1618,422,1683,619
0231.png,69,59,Smoke,1691,577,1760,636
0231.png,50,116,Smoke,1431,427,1481,543
0231.png,76,92,Smoke,1768,309,1844,401
0231.png,55,46,Smoke,552,484,607,530
0231.png,23,113,Smoke,1214,464,1237,577
0231.png,57,57,Smoke,1773,313,1830,370
0231.png,55,46,Smoke,552,484,607,530
0232.png,55,84,Smoke,450,460,505,544
0232.png,69,86,Smoke,670,445,739,531
0232.png,95,176,Smoke,819,374,914,550
0232.png,107,221,Smoke,1022,323,1129,544
0232.png,32,158,Smoke,962,387,994,545
0232.png,29,218,Smoke,1162,368,1191,586
0232.png,141,147,Smoke,1231,408,1372,555
0232.png,142,86,Smoke,1778,457,1920,543
0232.png,65,197,Smoke,1618,423,1683,620
0232.png,69,59,Smoke,1691,576,1760,635
0232.png,50,116,Smoke,1431,427,1481,543
0232.png,76,92,Smoke,1768,309,1844,401
0232.png,23,113,Smoke,1214,464,1237,577
0232.png,57,57,Smoke,1773,313,1830,370
0232.png,55,46,Smoke,552,484,607,530
0233.png,55,84,Smoke,450,460,505,544
0233.png,69,86,Smoke,671,445,740,531
0233.png,95,176,Smoke,819,374,914,550
0233.png,107,221,Smoke,1021,323,1128,544
0233.png,32,158,Smoke,962,387,994,545
0233.png,29,218,Smoke,1162,368,1191,586
0233.png,141,147,Smoke,1231,408,1372,555
0233.png,142,86,Smoke,1778,457,1920,543
0233.png,65,197,Smoke,1618,422,1683,619
0233.png,69,59,Smoke,1691,577,1760,636
0233.png,50,116,Smoke,1431,427,1481,543
0233.png,76,92,Smoke,1768,309,1844,401
0233.png,23,113,Smoke,1214,464,1237,577
0233.png,57,57,Smoke,1773,313,1830,370
0234.png,55,84,Smoke,450,460,505,544
0234.png,69,86,Smoke,670,446,739,532
0234.png,95,176,Smoke,819,374,914,550
0234.png,107,221,Smoke,1022,323,1129,544
0234.png,32,158,Smoke,962,387,994,545
0234.png,29,218,Smoke,1162,368,1191,586
0234.png,141,147,Smoke,1230,408,1371,555
0234.png,142,86,Smoke,1778,457,1920,543
0234.png,65,197,Smoke,1618,422,1683,619
0234.png,69,59,Smoke,1690,577,1759,636
0234.png,50,116,Smoke,1431,427,1481,543
0234.png,76,92,Smoke,1768,309,1844,401
0234.png,55,46,Smoke,552,484,607,530
0234.png,23,113,Smoke,1214,464,1237,577
0234.png,57,57,Smoke,1773,313,1830,370
0235.png,55,84,Smoke,450,460,505,544
0235.png,69,86,Smoke,670,444,739,530
0235.png,95,176,Smoke,819,373,914,549
0235.png,107,221,Smoke,1021,323,1128,544
0235.png,32,158,Smoke,962,387,994,545
0235.png,29,218,Smoke,1162,368,1191,586
0235.png,141,147,Smoke,1231,408,1372,555
0235.png,142,86,Smoke,1778,457,1920,543
0235.png,65,197,Smoke,1617,422,1682,619
0235.png,69,59,Smoke,1690,577,1759,636
0235.png,50,116,Smoke,1431,427,1481,543
0235.png,76,92,Smoke,1768,309,1844,401
0235.png,55,46,Smoke,552,484,607,530
0235.png,23,113,Smoke,1214,464,1237,577
0235.png,57,57,Smoke,1773,313,1830,370
0236.png,55,84,Smoke,450,460,505,544
0236.png,69,86,Smoke,670,444,739,530
0236.png,95,176,Smoke,819,373,914,549
0236.png,107,221,Smoke,1022,323,1129,544
0236.png,32,158,Smoke,962,387,994,545
0236.png,29,218,Smoke,1161,367,1190,585
0236.png,141,147,Smoke,1231,408,1372,555
0236.png,142,86,Smoke,1778,457,1920,543
0236.png,65,197,Smoke,1618,423,1683,620
0236.png,69,59,Smoke,1690,577,1759,636
0236.png,50,116,Smoke,1431,427,1481,543
0236.png,76,92,Smoke,1768,309,1844,401
0236.png,55,46,Smoke,552,484,607,530
0236.png,23,113,Smoke,1214,464,1237,577
0236.png,57,57,Smoke,1773,313,1830,370
0237.png,55,84,Smoke,450,460,505,544
0237.png,69,86,Smoke,669,444,738,530
0237.png,95,176,Smoke,819,372,914,548
0237.png,107,221,Smoke,1021,323,1128,544
0237.png,32,158,Smoke,962,387,994,545
0237.png,29,218,Smoke,1162,372,1191,590
0237.png,141,147,Smoke,1230,408,1371,555
0237.png,142,86,Smoke,1778,457,1920,543
0237.png,65,197,Smoke,1617,422,1682,619
0237.png,69,59,Smoke,1691,576,1760,635
0237.png,50,116,Smoke,1431,427,1481,543
0237.png,76,92,Smoke,1768,309,1844,401
0237.png,55,46,Smoke,552,484,607,530
0237.png,23,113,Smoke,1214,464,1237,577
0237.png,57,57,Smoke,1773,313,1830,370
0238.png,55,84,Smoke,450,460,505,544
0238.png,69,86,Smoke,670,444,739,530
0238.png,95,176,Smoke,819,373,914,549
0238.png,107,221,Smoke,1022,322,1129,543
0238.png,32,158,Smoke,962,387,994,545
0238.png,29,218,Smoke,1162,368,1191,586
0238.png,141,147,Smoke,1231,408,1372,555
0238.png,142,86,Smoke,1778,456,1920,542
0238.png,65,197,Smoke,1618,423,1683,620
0238.png,69,59,Smoke,1690,577,1759,636
0238.png,50,116,Smoke,1431,428,1481,544
0238.png,76,92,Smoke,1768,309,1844,401
0238.png,55,46,Smoke,552,484,607,530
0238.png,23,113,Smoke,1214,464,1237,577
0238.png,57,57,Smoke,1773,313,1830,370
0239.png,55,84,Smoke,450,460,505,544
0239.png,69,86,Smoke,669,444,738,530
0239.png,95,176,Smoke,819,372,914,548
0239.png,107,221,Smoke,1021,323,1128,544
0239.png,32,158,Smoke,962,387,994,545
0239.png,29,218,Smoke,1162,368,1191,586
0239.png,141,147,Smoke,1231,408,1372,555
0239.png,142,86,Smoke,1778,455,1920,541
0239.png,65,197,Smoke,1618,422,1683,619
0239.png,69,59,Smoke,1690,577,1759,636
0239.png,50,116,Smoke,1431,428,1481,544
0239.png,76,92,Smoke,1768,309,1844,401
0239.png,55,46,Smoke,552,484,607,530
0239.png,23,113,Smoke,1214,464,1237,577
0239.png,57,57,Smoke,1773,313,1830,370
0240.png,55,84,Smoke,450,460,505,544
0240.png,69,86,Smoke,670,444,739,530
0240.png,95,176,Smoke,819,373,914,549
0240.png,107,221,Smoke,1022,322,1129,543
0240.png,32,158,Smoke,962,387,994,545
0240.png,29,218,Smoke,1162,368,1191,586
0240.png,141,147,Smoke,1231,408,1372,555
0240.png,142,86,Smoke,1778,455,1920,541
0240.png,65,197,Smoke,1618,423,1683,620
0240.png,69,59,Smoke,1691,577,1760,636
0240.png,50,116,Smoke,1431,428,1481,544
0240.png,76,92,Smoke,1768,309,1844,401
0240.png,55,46,Smoke,552,484,607,530
0240.png,23,113,Smoke,1214,464,1237,577
0240.png,57,57,Smoke,1773,313,1830,370
0241.png,55,84,Smoke,450,460,505,544
0241.png,69,86,Smoke,669,444,738,530
0241.png,95,176,Smoke,819,372,914,548
0241.png,107,221,Smoke,1021,323,1128,544
0241.png,32,158,Smoke,962,387,994,545
0241.png,29,218,Smoke,1162,368,1191,586
0241.png,141,147,Smoke,1232,408,1373,555
0241.png,142,86,Smoke,1778,456,1920,542
0241.png,65,197,Smoke,1617,422,1682,619
0241.png,69,59,Smoke,1691,577,1760,636
0241.png,50,116,Smoke,1431,427,1481,543
0241.png,76,92,Smoke,1768,309,1844,401
0241.png,55,46,Smoke,552,484,607,530
0241.png,23,113,Smoke,1214,464,1237,577
0241.png,57,57,Smoke,1773,313,1830,370
0241.png,55,46,Smoke,552,484,607,530
0242.png,55,84,Smoke,450,460,505,544
0242.png,69,86,Smoke,669,444,738,530
0242.png,95,176,Smoke,819,372,914,548
0242.png,107,221,Smoke,1021,322,1128,543
0242.png,32,158,Smoke,962,387,994,545
0242.png,29,218,Smoke,1162,368,1191,586
0242.png,141,147,Smoke,1231,408,1372,555
0242.png,141,86,Smoke,1779,456,1920,542
0242.png,65,197,Smoke,1617,422,1682,619
0242.png,69,59,Smoke,1691,577,1760,636
0242.png,50,116,Smoke,1431,427,1481,543
0242.png,76,92,Smoke,1768,309,1844,401
0242.png,23,113,Smoke,1214,464,1237,577
0242.png,57,57,Smoke,1773,313,1830,370
0242.png,55,46,Smoke,552,484,607,530
0243.png,55,84,Smoke,450,460,505,544
0243.png,69,86,Smoke,669,444,738,530
0243.png,95,176,Smoke,819,372,914,548
0243.png,107,221,Smoke,1021,323,1128,544
0243.png,32,158,Smoke,962,387,994,545
0243.png,29,218,Smoke,1161,365,1190,583
0243.png,141,147,Smoke,1232,408,1373,555
0243.png,141,86,Smoke,1779,456,1920,542
0243.png,65,197,Smoke,1617,422,1682,619
0243.png,69,59,Smoke,1691,577,1760,636
0243.png,50,116,Smoke,1431,428,1481,544
0243.png,76,92,Smoke,1769,309,1845,401
0243.png,23,113,Smoke,1214,464,1237,577
0243.png,57,57,Smoke,1773,313,1830,370
0244.png,55,84,Smoke,450,460,505,544
0244.png,69,86,Smoke,669,444,738,530
0244.png,95,176,Smoke,819,371,914,547
0244.png,107,221,Smoke,1022,321,1129,542
0244.png,32,158,Smoke,962,387,994,545
0244.png,29,218,Smoke,1162,366,1191,584
0244.png,141,147,Smoke,1232,408,1373,555
0244.png,141,86,Smoke,1779,456,1920,542
0244.png,65,197,Smoke,1617,421,1682,618
0244.png,69,59,Smoke,1691,577,1760,636
0244.png,50,116,Smoke,1431,428,1481,544
0244.png,76,92,Smoke,1768,309,1844,401
0244.png,55,46,Smoke,552,484,607,530
0244.png,23,113,Smoke,1214,464,1237,577
0244.png,57,57,Smoke,1773,313,1830,370
0245.png,55,84,Smoke,450,460,505,544
0245.png,69,86,Smoke,669,443,738,529
0245.png,95,176,Smoke,819,372,914,548
0245.png,107,221,Smoke,1022,323,1129,544
0245.png,32,158,Smoke,962,387,994,545
0245.png,29,218,Smoke,1163,354,1192,572
0245.png,141,147,Smoke,1232,408,1373,555
0245.png,141,86,Smoke,1779,456,1920,542
0245.png,65,197,Smoke,1617,422,1682,619
0245.png,69,59,Smoke,1691,577,1760,636
0245.png,50,116,Smoke,1431,428,1481,544
0245.png,76,92,Smoke,1768,309,1844,401
0245.png,55,46,Smoke,552,484,607,530
0245.png,23,113,Smoke,1214,464,1237,577
0245.png,57,57,Smoke,1773,313,1830,370
0246.png,55,84,Smoke,450,460,505,544
0246.png,69,86,Smoke,669,444,738,530
0246.png,95,176,Smoke,819,371,914,547
0246.png,107,221,Smoke,1021,321,1128,542
0246.png,32,158,Smoke,962,387,994,545
0246.png,29,218,Smoke,1162,370,1191,588
0246.png,141,147,Smoke,1232,408,1373,555
0246.png,141,86,Smoke,1779,456,1920,542
0246.png,65,197,Smoke,1617,421,1682,618
0246.png,69,59,Smoke,1691,577,1760,636
0246.png,50,116,Smoke,1431,428,1481,544
0246.png,76,92,Smoke,1768,309,1844,401
0246.png,55,46,Smoke,552,484,607,530
0246.png,23,113,Smoke,1214,464,1237,577
0246.png,57,57,Smoke,1773,313,1830,370
0247.png,55,84,Smoke,450,460,505,544
0247.png,69,86,Smoke,669,444,738,530
0247.png,95,176,Smoke,819,372,914,548
0247.png,107,221,Smoke,1022,323,1129,544
0247.png,32,158,Smoke,962,387,994,545
0247.png,29,218,Smoke,1162,368,1191,586
0247.png,141,147,Smoke,1231,408,1372,555
0247.png,141,86,Smoke,1779,456,1920,542
0247.png,65,197,Smoke,1617,422,1682,619
0247.png,69,59,Smoke,1691,577,1760,636
0247.png,50,116,Smoke,1431,428,1481,544
0247.png,76,92,Smoke,1768,309,1844,401
0247.png,55,46,Smoke,552,484,607,530
0247.png,23,113,Smoke,1214,464,1237,577
0247.png,57,57,Smoke,1773,313,1830,370
0248.png,55,84,Smoke,450,460,505,544
0248.png,69,86,Smoke,669,444,738,530
0248.png,95,176,Smoke,819,371,914,547
0248.png,107,221,Smoke,1022,321,1129,542
0248.png,32,158,Smoke,962,387,994,545
0248.png,29,218,Smoke,1162,370,1191,588
0248.png,141,147,Smoke,1231,408,1372,555
0248.png,142,86,Smoke,1778,456,1920,542
0248.png,65,197,Smoke,1617,421,1682,618
0248.png,69,59,Smoke,1691,577,1760,636
0248.png,50,116,Smoke,1431,428,1481,544
0248.png,76,92,Smoke,1768,309,1844,401
0248.png,55,46,Smoke,552,484,607,530
0248.png,23,113,Smoke,1214,464,1237,577
0248.png,57,57,Smoke,1773,313,1830,370
0249.png,55,84,Smoke,451,460,506,544
0249.png,69,86,Smoke,669,444,738,530
0249.png,95,176,Smoke,819,372,914,548
0249.png,107,221,Smoke,1022,323,1129,544
0249.png,32,158,Smoke,962,387,994,545
0249.png,29,218,Smoke,1162,370,1191,588
0249.png,141,147,Smoke,1231,408,1372,555
0249.png,141,86,Smoke,1779,457,1920,543
0249.png,65,197,Smoke,1617,422,1682,619
0249.png,69,59,Smoke,1691,577,1760,636
0249.png,50,116,Smoke,1431,428,1481,544
0249.png,76,92,Smoke,1768,309,1844,401
0249.png,55,46,Smoke,552,484,607,530
0249.png,23,113,Smoke,1214,464,1237,577
0249.png,57,57,Smoke,1773,313,1830,370
0250.png,55,84,Smoke,450,460,505,544
0250.png,69,86,Smoke,669,444,738,530
0250.png,95,176,Smoke,819,371,914,547
0250.png,107,221,Smoke,1023,322,1130,543
0250.png,32,158,Smoke,962,387,994,545
0250.png,29,218,Smoke,1162,370,1191,588
0250.png,141,147,Smoke,1231,408,1372,555
0250.png,141,86,Smoke,1779,457,1920,543
0250.png,65,197,Smoke,1617,421,1682,618
0250.png,69,59,Smoke,1691,577,1760,636
0250.png,50,116,Smoke,1431,428,1481,544
0250.png,76,92,Smoke,1768,309,1844,401
0250.png,55,46,Smoke,552,484,607,530
0250.png,23,113,Smoke,1214,464,1237,577
0250.png,57,57,Smoke,1773,313,1830,370
0251.png,55,84,Smoke,450,460,505,544
0251.png,69,86,Smoke,669,444,738,530
0251.png,95,176,Smoke,819,372,914,548
0251.png,107,221,Smoke,1022,323,1129,544
0251.png,32,158,Smoke,962,387,994,545
0251.png,29,218,Smoke,1163,356,1192,574
0251.png,141,147,Smoke,1232,407,1373,554
0251.png,141,86,Smoke,1779,457,1920,543
0251.png,65,197,Smoke,1617,422,1682,619
0251.png,69,59,Smoke,1691,577,1760,636
0251.png,50,116,Smoke,1431,428,1481,544
0251.png,76,92,Smoke,1768,309,1844,401
0251.png,55,46,Smoke,552,484,607,530
0251.png,23,113,Smoke,1214,464,1237,577
0251.png,57,57,Smoke,1773,313,1830,370
0251.png,55,46,Smoke,552,484,607,530
0252.png,55,84,Smoke,450,460,505,544
0252.png,69,86,Smoke,669,444,738,530
0252.png,95,176,Smoke,819,373,914,549
0252.png,107,221,Smoke,1022,323,1129,544
0252.png,32,158,Smoke,962,387,994,545
0252.png,29,218,Smoke,1163,356,1192,574
0252.png,141,147,Smoke,1232,407,1373,554
0252.png,140,86,Smoke,1780,456,1920,542
0252.png,65,197,Smoke,1617,423,1682,620
0252.png,69,59,Smoke,1691,577,1760,636
0252.png,50,116,Smoke,1431,428,1481,544
0252.png,76,92,Smoke,1768,309,1844,401
0252.png,23,113,Smoke,1214,464,1237,577
0252.png,57,57,Smoke,1773,313,1830,370
0252.png,55,46,Smoke,552,484,607,530
0253.png,55,84,Smoke,450,460,505,544
0253.png,69,86,Smoke,669,444,738,530
0253.png,95,176,Smoke,819,372,914,548
0253.png,107,221,Smoke,1022,323,1129,544
0253.png,32,158,Smoke,962,387,994,545
0253.png,29,218,Smoke,1163,356,1192,574
0253.png,141,147,Smoke,1232,408,1373,555
0253.png,140,86,Smoke,1780,456,1920,542
0253.png,65,197,Smoke,1617,422,1682,619
0253.png,69,59,Smoke,1691,578,1760,637
0253.png,50,116,Smoke,1431,428,1481,544
0253.png,76,92,Smoke,1768,309,1844,401
0253.png,23,113,Smoke,1214,464,1237,577
0253.png,57,57,Smoke,1773,313,1830,370
0254.png,55,84,Smoke,450,460,505,544
0254.png,69,86,Smoke,669,444,738,530
0254.png,95,176,Smoke,819,373,914,549
0254.png,107,221,Smoke,1022,323,1129,544
0254.png,32,158,Smoke,962,387,994,545
0254.png,29,218,Smoke,1163,356,1192,574
0254.png,141,147,Smoke,1231,407,1372,554
0254.png,140,86,Smoke,1780,456,1920,542
0254.png,65,197,Smoke,1617,422,1682,619
0254.png,69,59,Smoke,1691,577,1760,636
0254.png,50,116,Smoke,1431,428,1481,544
0254.png,76,92,Smoke,1768,309,1844,401
0254.png,55,46,Smoke,552,484,607,530
0254.png,23,113,Smoke,1214,464,1237,577
0254.png,57,57,Smoke,1773,313,1830,370
0255.png,55,84,Smoke,450,460,505,544
0255.png,69,86,Smoke,669,444,738,530
0255.png,95,176,Smoke,819,372,914,548
0255.png,107,221,Smoke,1022,323,1129,544
0255.png,32,158,Smoke,962,387,994,545
0255.png,29,218,Smoke,1163,356,1192,574
0255.png,141,147,Smoke,1231,407,1372,554
0255.png,140,86,Smoke,1780,456,1920,542
0255.png,65,197,Smoke,1617,421,1682,618
0255.png,69,59,Smoke,1691,577,1760,636
0255.png,50,116,Smoke,1431,428,1481,544
0255.png,76,92,Smoke,1768,309,1844,401
0255.png,55,46,Smoke,552,484,607,530
0255.png,23,113,Smoke,1214,464,1237,577
0255.png,57,57,Smoke,1773,313,1830,370
0256.png,55,84,Smoke,450,460,505,544
0256.png,69,86,Smoke,669,444,738,530
0256.png,95,176,Smoke,819,372,914,548
0256.png,107,221,Smoke,1022,324,1129,545
0256.png,32,158,Smoke,962,387,994,545
0256.png,29,218,Smoke,1163,356,1192,574
0256.png,141,147,Smoke,1232,407,1373,554
0256.png,140,86,Smoke,1780,455,1920,541
0256.png,65,197,Smoke,1617,421,1682,618
0256.png,69,59,Smoke,1691,577,1760,636
0256.png,50,116,Smoke,1431,428,1481,544
0256.png,76,92,Smoke,1768,309,1844,401
0256.png,55,46,Smoke,552,484,607,530
0256.png,23,113,Smoke,1214,464,1237,577
0256.png,57,57,Smoke,1773,313,1830,370
0257.png,55,84,Smoke,450,460,505,544
0257.png,69,86,Smoke,669,444,738,530
0257.png,95,176,Smoke,819,372,914,548
0257.png,107,221,Smoke,1022,323,1129,544
0257.png,32,158,Smoke,962,387,994,545
0257.png,29,218,Smoke,1163,356,1192,574
0257.png,141,147,Smoke,1232,407,1373,554
0257.png,141,86,Smoke,1779,455,1920,541
0257.png,65,197,Smoke,1617,422,1682,619
0257.png,69,59,Smoke,1691,578,1760,637
0257.png,50,116,Smoke,1431,428,1481,544
0257.png,76,92,Smoke,1768,309,1844,401
0257.png,55,46,Smoke,552,484,607,530
0257.png,23,113,Smoke,1214,464,1237,577
0257.png,57,57,Smoke,1773,313,1830,370
0258.png,55,84,Smoke,450,460,505,544
0258.png,69,86,Smoke,669,444,738,530
0258.png,95,176,Smoke,819,372,914,548
0258.png,107,221,Smoke,1022,323,1129,544
0258.png,32,158,Smoke,962,387,994,545
0258.png,29,218,Smoke,1163,356,1192,574
0258.png,141,147,Smoke,1232,408,1373,555
0258.png,142,86,Smoke,1778,456,1920,542
0258.png,65,197,Smoke,1617,423,1682,620
0258.png,69,59,Smoke,1691,577,1760,636
0258.png,50,116,Smoke,1431,428,1481,544
0258.png,76,92,Smoke,1768,309,1844,401
0258.png,55,46,Smoke,552,484,607,530
0258.png,23,113,Smoke,1214,464,1237,577
0258.png,57,57,Smoke,1773,313,1830,370
0259.png,55,84,Smoke,450,460,505,544
0259.png,69,86,Smoke,669,444,738,530
0259.png,95,176,Smoke,819,372,914,548
0259.png,107,221,Smoke,1022,323,1129,544
0259.png,32,158,Smoke,962,387,994,545
0259.png,29,218,Smoke,1163,356,1192,574
0259.png,141,147,Smoke,1232,408,1373,555
0259.png,144,86,Smoke,1776,456,1920,542
0259.png,65,197,Smoke,1617,422,1682,619
0259.png,69,59,Smoke,1691,577,1760,636
0259.png,50,116,Smoke,1431,428,1481,544
0259.png,76,92,Smoke,1768,309,1844,401
0259.png,55,46,Smoke,552,484,607,530
0259.png,23,113,Smoke,1214,464,1237,577
0259.png,57,57,Smoke,1773,313,1830,370
0260.png,55,84,Smoke,450,460,505,544
0260.png,69,86,Smoke,669,444,738,530
0260.png,95,176,Smoke,819,372,914,548
0260.png,107,221,Smoke,1022,324,1129,545
0260.png,32,158,Smoke,962,387,994,545
0260.png,29,218,Smoke,1163,356,1192,574
0260.png,141,147,Smoke,1232,408,1373,555
0260.png,144,86,Smoke,1776,456,1920,542
0260.png,65,197,Smoke,1617,423,1682,620
0260.png,69,59,Smoke,1691,577,1760,636
0260.png,50,116,Smoke,1431,428,1481,544
0260.png,76,92,Smoke,1768,309,1844,401
0260.png,55,46,Smoke,552,484,607,530
0260.png,23,113,Smoke,1214,464,1237,577
0260.png,57,57,Smoke,1773,313,1830,370
0261.png,55,84,Smoke,450,460,505,544
0261.png,69,86,Smoke,669,444,738,530
0261.png,95,176,Smoke,819,372,914,548
0261.png,107,221,Smoke,1022,323,1129,544
0261.png,32,158,Smoke,962,387,994,545
0261.png,29,218,Smoke,1163,356,1192,574
0261.png,141,147,Smoke,1232,408,1373,555
0261.png,144,86,Smoke,1776,456,1920,542
0261.png,65,197,Smoke,1617,424,1682,621
0261.png,69,59,Smoke,1691,577,1760,636
0261.png,50,116,Smoke,1431,428,1481,544
0261.png,76,92,Smoke,1768,309,1844,401
0261.png,55,46,Smoke,552,484,607,530
0261.png,23,113,Smoke,1214,464,1237,577
0261.png,57,57,Smoke,1773,313,1830,370
0261.png,55,46,Smoke,552,484,607,530
0262.png,55,84,Smoke,450,460,505,544
0262.png,69,86,Smoke,669,444,738,530
0262.png,95,176,Smoke,819,373,914,549
0262.png,107,221,Smoke,1022,322,1129,543
0262.png,32,158,Smoke,962,387,994,545
0262.png,29,218,Smoke,1163,356,1192,574
0262.png,141,147,Smoke,1232,408,1373,555
0262.png,144,86,Smoke,1776,454,1920,540
0262.png,65,197,Smoke,1617,424,1682,621
0262.png,69,59,Smoke,1691,577,1760,636
0262.png,50,116,Smoke,1431,428,1481,544
0262.png,76,92,Smoke,1768,309,1844,401
0262.png,23,113,Smoke,1214,464,1237,577
0262.png,57,57,Smoke,1773,313,1830,370
0262.png,55,46,Smoke,552,484,607,530
0263.png,55,84,Smoke,450,460,505,544
0263.png,69,86,Smoke,669,444,738,530
0263.png,95,176,Smoke,819,372,914,548
0263.png,107,221,Smoke,1022,323,1129,544
0263.png,32,158,Smoke,962,387,994,545
0263.png,29,218,Smoke,1163,356,1192,574
0263.png,124,174,Smoke,1250,380,1374,554
0263.png,143,86,Smoke,1777,456,1920,542
0263.png,65,197,Smoke,1617,424,1682,621
0263.png,69,59,Smoke,1691,577,1760,636
0263.png,50,116,Smoke,1431,428,1481,544
0263.png,76,92,Smoke,1768,309,1844,401
0263.png,23,113,Smoke,1214,464,1237,577
0263.png,57,57,Smoke,1773,313,1830,370
0264.png,55,84,Smoke,450,460,505,544
0264.png,69,86,Smoke,669,444,738,530
0264.png,95,176,Smoke,819,373,914,549
0264.png,107,221,Smoke,1022,323,1129,544
0264.png,32,158,Smoke,962,387,994,545
0264.png,29,218,Smoke,1163,356,1192,574
0264.png,124,174,Smoke,1250,380,1374,554
0264.png,143,86,Smoke,1777,456,1920,542
0264.png,65,197,Smoke,1617,423,1682,620
0264.png,69,59,Smoke,1691,577,1760,636
0264.png,50,116,Smoke,1431,428,1481,544
0264.png,76,92,Smoke,1768,309,1844,401
0264.png,55,46,Smoke,552,484,607,530
0264.png,23,113,Smoke,1214,464,1237,577
0264.png,57,57,Smoke,1773,313,1830,370
0265.png,55,84,Smoke,450,460,505,544
0265.png,69,86,Smoke,669,443,738,529
0265.png,95,176,Smoke,819,372,914,548
0265.png,107,221,Smoke,1022,323,1129,544
0265.png,32,158,Smoke,962,387,994,545
0265.png,29,218,Smoke,1163,356,1192,574
0265.png,124,174,Smoke,1251,380,1375,554
0265.png,143,86,Smoke,1777,457,1920,543
0265.png,65,197,Smoke,1617,424,1682,621
0265.png,69,59,Smoke,1691,577,1760,636
0265.png,50,116,Smoke,1431,428,1481,544
0265.png,76,92,Smoke,1768,309,1844,401
0265.png,55,46,Smoke,552,484,607,530
0265.png,23,113,Smoke,1214,464,1237,577
0265.png,57,57,Smoke,1773,313,1830,370
0266.png,55,84,Smoke,450,460,505,544
0266.png,69,86,Smoke,669,444,738,530
0266.png,95,176,Smoke,819,370,914,546
0266.png,107,221,Smoke,1022,324,1129,545
0266.png,32,158,Smoke,962,387,994,545
0266.png,29,218,Smoke,1163,356,1192,574
0266.png,124,174,Smoke,1250,380,1374,554
0266.png,143,86,Smoke,1777,456,1920,542
0266.png,65,197,Smoke,1617,423,1682,620
0266.png,69,59,Smoke,1691,577,1760,636
0266.png,50,116,Smoke,1431,428,1481,544
0266.png,76,92,Smoke,1768,309,1844,401
0266.png,55,46,Smoke,552,484,607,530
0266.png,23,113,Smoke,1214,464,1237,577
0266.png,57,57,Smoke,1773,313,1830,370
0267.png,55,84,Smoke,450,460,505,544
0267.png,69,86,Smoke,669,444,738,530
0267.png,95,176,Smoke,820,372,915,548
0267.png,107,221,Smoke,1022,323,1129,544
0267.png,32,158,Smoke,962,387,994,545
0267.png,29,218,Smoke,1163,356,1192,574
0267.png,124,174,Smoke,1250,380,1374,554
0267.png,143,86,Smoke,1777,454,1920,540
0267.png,65,197,Smoke,1617,424,1682,621
0267.png,69,59,Smoke,1691,577,1760,636
0267.png,50,116,Smoke,1431,428,1481,544
0267.png,76,92,Smoke,1768,309,1844,401
0267.png,55,46,Smoke,552,484,607,530
0267.png,23,113,Smoke,1214,464,1237,577
0267.png,57,57,Smoke,1773,313,1830,370
0268.png,55,84,Smoke,450,460,505,544
0268.png,69,86,Smoke,670,444,739,530
0268.png,95,176,Smoke,820,371,915,547
0268.png,107,221,Smoke,1022,324,1129,545
0268.png,32,158,Smoke,962,387,994,545
0268.png,29,218,Smoke,1163,356,1192,574
0268.png,124,174,Smoke,1250,380,1374,554
0268.png,143,86,Smoke,1777,454,1920,540
0268.png,65,197,Smoke,1617,423,1682,620
0268.png,69,59,Smoke,1691,577,1760,636
0268.png,50,116,Smoke,1431,428,1481,544
0268.png,76,92,Smoke,1768,309,1844,401
0268.png,55,46,Smoke,552,484,607,530
0268.png,23,113,Smoke,1214,464,1237,577
0268.png,57,57,Smoke,1773,313,1830,370
0269.png,55,84,Smoke,450,460,505,544
0269.png,69,86,Smoke,670,444,739,530
0269.png,95,176,Smoke,820,372,915,548
0269.png,107,221,Smoke,1022,323,1129,544
0269.png,32,158,Smoke,962,387,994,545
0269.png,29,218,Smoke,1163,356,1192,574
0269.png,124,174,Smoke,1250,380,1374,554
0269.png,143,86,Smoke,1777,453,1920,539
0269.png,65,197,Smoke,1617,422,1682,619
0269.png,69,59,Smoke,1691,577,1760,636
0269.png,50,116,Smoke,1431,429,1481,545
0269.png,76,92,Smoke,1768,309,1844,401
0269.png,55,46,Smoke,552,484,607,530
0269.png,23,113,Smoke,1214,464,1237,577
0269.png,57,57,Smoke,1773,313,1830,370
0270.png,55,84,Smoke,450,460,505,544
0270.png,69,86,Smoke,670,444,739,530
0270.png,95,176,Smoke,820,371,915,547
0270.png,107,221,Smoke,1022,324,1129,545
0270.png,32,158,Smoke,962,387,994,545
0270.png,29,218,Smoke,1163,356,1192,574
0270.png,124,174,Smoke,1249,380,1373,554
0270.png,144,86,Smoke,1776,453,1920,539
0270.png,65,197,Smoke,1617,423,1682,620
0270.png,69,59,Smoke,1691,577,1760,636
0270.png,50,116,Smoke,1431,428,1481,544
0270.png,76,92,Smoke,1768,309,1844,401
0270.png,55,46,Smoke,552,484,607,530
0270.png,23,113,Smoke,1214,464,1237,577
0270.png,57,57,Smoke,1773,313,1830,370
0271.png,55,84,Smoke,450,460,505,544
0271.png,69,86,Smoke,670,444,739,530
0271.png,95,176,Smoke,820,372,915,548
0271.png,107,221,Smoke,1022,323,1129,544
0271.png,32,158,Smoke,962,387,994,545
0271.png,29,218,Smoke,1163,356,1192,574
0271.png,124,174,Smoke,1250,380,1374,554
0271.png,148,86,Smoke,1772,454,1920,540
0271.png,65,197,Smoke,1617,422,1682,619
0271.png,69,59,Smoke,1691,577,1760,636
0271.png,50,116,Smoke,1431,428,1481,544
0271.png,76,92,Smoke,1768,310,1844,402
0271.png,55,46,Smoke,552,484,607,530
0271.png,23,113,Smoke,1214,464,1237,577
0271.png,57,57,Smoke,1773,313,1830,370
0271.png,55,46,Smoke,552,484,607,530
0272.png,55,84,Smoke,450,460,505,544
0272.png,69,86,Smoke,670,444,739,530
0272.png,95,176,Smoke,820,372,915,548
0272.png,107,221,Smoke,1022,323,1129,544
0272.png,32,158,Smoke,962,387,994,545
0272.png,29,218,Smoke,1163,356,1192,574
0272.png,124,174,Smoke,1249,380,1373,554
0272.png,148,86,Smoke,1772,454,1920,540
0272.png,65,197,Smoke,1617,423,1682,620
0272.png,69,59,Smoke,1691,577,1760,636
0272.png,50,116,Smoke,1431,428,1481,544
0272.png,76,92,Smoke,1768,310,1844,402
0272.png,23,113,Smoke,1214,464,1237,577
0272.png,57,57,Smoke,1773,313,1830,370
0272.png,55,46,Smoke,552,484,607,530
0273.png,55,84,Smoke,450,460,505,544
0273.png,69,86,Smoke,670,444,739,530
0273.png,95,176,Smoke,820,372,915,548
0273.png,107,221,Smoke,1022,323,1129,544
0273.png,32,158,Smoke,962,387,994,545
0273.png,29,218,Smoke,1163,356,1192,574
0273.png,124,174,Smoke,1250,380,1374,554
0273.png,147,86,Smoke,1773,454,1920,540
0273.png,65,197,Smoke,1617,422,1682,619
0273.png,69,59,Smoke,1691,578,1760,637
0273.png,50,116,Smoke,1431,428,1481,544
0273.png,76,92,Smoke,1768,310,1844,402
0273.png,23,113,Smoke,1214,464,1237,577
0273.png,57,57,Smoke,1773,313,1830,370
0274.png,55,84,Smoke,450,460,505,544
0274.png,69,86,Smoke,670,444,739,530
0274.png,95,176,Smoke,820,371,915,547
0274.png,107,221,Smoke,1023,323,1130,544
0274.png,32,158,Smoke,962,387,994,545
0274.png,29,218,Smoke,1163,356,1192,574
0274.png,124,174,Smoke,1250,379,1374,553
0274.png,147,86,Smoke,1773,454,1920,540
0274.png,65,197,Smoke,1617,423,1682,620
0274.png,69,59,Smoke,1691,578,1760,637
0274.png,50,116,Smoke,1431,428,1481,544
0274.png,76,92,Smoke,1768,310,1844,402
0274.png,55,46,Smoke,552,484,607,530
0274.png,23,113,Smoke,1214,464,1237,577
0274.png,57,57,Smoke,1773,313,1830,370
0275.png,55,84,Smoke,450,460,505,544
0275.png,69,86,Smoke,670,444,739,530
0275.png,95,176,Smoke,820,371,915,547
0275.png,107,221,Smoke,1022,323,1129,544
0275.png,32,158,Smoke,962,387,994,545
0275.png,29,218,Smoke,1163,356,1192,574
0275.png,124,174,Smoke,1249,379,1373,553
0275.png,148,86,Smoke,1772,453,1920,539
0275.png,65,197,Smoke,1617,422,1682,619
0275.png,69,59,Smoke,1691,577,1760,636
0275.png,50,116,Smoke,1431,428,1481,544
0275.png,76,92,Smoke,1768,310,1844,402
0275.png,55,46,Smoke,552,484,607,530
0275.png,23,113,Smoke,1214,464,1237,577
0275.png,57,57,Smoke,1773,313,1830,370
0276.png,55,84,Smoke,450,460,505,544
0276.png,69,86,Smoke,670,444,739,530
0276.png,95,176,Smoke,820,371,915,547
0276.png,107,221,Smoke,1023,323,1130,544
0276.png,32,158,Smoke,962,387,994,545
0276.png,29,218,Smoke,1163,356,1192,574
0276.png,124,174,Smoke,1250,379,1374,553
0276.png,149,86,Smoke,1771,452,1920,538
0276.png,65,197,Smoke,1617,423,1682,620
0276.png,69,59,Smoke,1691,577,1760,636
0276.png,50,116,Smoke,1431,428,1481,544
0276.png,76,92,Smoke,1768,310,1844,402
0276.png,55,46,Smoke,552,484,607,530
0276.png,23,113,Smoke,1214,464,1237,577
0276.png,57,57,Smoke,1773,313,1830,370
0277.png,55,84,Smoke,450,460,505,544
0277.png,69,86,Smoke,671,443,740,529
0277.png,95,176,Smoke,820,371,915,547
0277.png,107,221,Smoke,1021,323,1128,544
0277.png,32,158,Smoke,962,387,994,545
0277.png,29,218,Smoke,1163,356,1192,574
0277.png,124,174,Smoke,1249,379,1373,553
0277.png,149,86,Smoke,1771,452,1920,538
0277.png,65,197,Smoke,1617,424,1682,621
0277.png,69,59,Smoke,1690,577,1759,636
0277.png,50,116,Smoke,1431,428,1481,544
0277.png,76,92,Smoke,1768,310,1844,402
0277.png,55,46,Smoke,552,484,607,530
0277.png,23,113,Smoke,1214,464,1237,577
0277.png,57,57,Smoke,1773,313,1830,370
0278.png,55,84,Smoke,450,460,505,544
0278.png,69,86,Smoke,671,443,740,529
0278.png,95,176,Smoke,820,371,915,547
0278.png,107,221,Smoke,1022,323,1129,544
0278.png,32,158,Smoke,962,387,994,545
0278.png,29,218,Smoke,1163,356,1192,574
0278.png,124,174,Smoke,1250,379,1374,553
0278.png,147,86,Smoke,1773,452,1920,538
0278.png,65,197,Smoke,1616,423,1681,620
0278.png,69,59,Smoke,1690,577,1759,636
0278.png,50,116,Smoke,1431,428,1481,544
0278.png,76,92,Smoke,1768,310,1844,402
0278.png,55,46,Smoke,552,484,607,530
0278.png,23,113,Smoke,1214,464,1237,577
0278.png,57,57,Smoke,1773,313,1830,370
0279.png,55,84,Smoke,450,460,505,544
0279.png,69,86,Smoke,670,443,739,529
0279.png,95,176,Smoke,821,372,916,548
0279.png,107,221,Smoke,1022,323,1129,544
0279.png,32,158,Smoke,962,387,994,545
0279.png,29,218,Smoke,1163,356,1192,574
0279.png,124,174,Smoke,1250,379,1374,553
0279.png,148,86,Smoke,1772,451,1920,537
0279.png,65,197,Smoke,1617,422,1682,619
0279.png,69,59,Smoke,1691,577,1760,636
0279.png,50,116,Smoke,1431,428,1481,544
0279.png,76,92,Smoke,1768,310,1844,402
0279.png,55,46,Smoke,552,484,607,530
0279.png,23,113,Smoke,1214,464,1237,577
0279.png,57,57,Smoke,1773,313,1830,370
0280.png,55,84,Smoke,450,460,505,544
0280.png,69,86,Smoke,670,443,739,529
0280.png,95,176,Smoke,820,371,915,547
0280.png,107,221,Smoke,1022,323,1129,544
0280.png,32,158,Smoke,962,387,994,545
0280.png,29,218,Smoke,1163,356,1192,574
0280.png,124,174,Smoke,1250,380,1374,554
0280.png,149,86,Smoke,1771,450,1920,536
0280.png,65,197,Smoke,1616,423,1681,620
0280.png,69,59,Smoke,1691,577,1760,636
0280.png,50,116,Smoke,1431,428,1481,544
0280.png,76,92,Smoke,1768,310,1844,402
0280.png,55,46,Smoke,552,484,607,530
0280.png,23,113,Smoke,1214,464,1237,577
0280.png,57,57,Smoke,1773,313,1830,370
0281.png,55,84,Smoke,450,460,505,544
0281.png,69,86,Smoke,670,443,739,529
0281.png,95,176,Smoke,821,372,916,548
0281.png,107,221,Smoke,1021,323,1128,544
0281.png,32,158,Smoke,962,387,994,545
0281.png,29,218,Smoke,1163,356,1192,574
0281.png,124,174,Smoke,1250,379,1374,553
0281.png,149,86,Smoke,1771,450,1920,536
0281.png,65,197,Smoke,1617,422,1682,619
0281.png,69,59,Smoke,1691,577,1760,636
0281.png,50,116,Smoke,1431,428,1481,544
0281.png,76,92,Smoke,1768,310,1844,402
0281.png,55,46,Smoke,552,484,607,530
0281.png,23,113,Smoke,1214,464,1237,577
0281.png,57,57,Smoke,1773,313,1830,370
0281.png,55,46,Smoke,552,484,607,530
0282.png,55,84,Smoke,449,460,504,544
0282.png,69,86,Smoke,670,443,739,529
0282.png,95,176,Smoke,821,371,916,547
0282.png,107,221,Smoke,1021,324,1128,545
0282.png,32,158,Smoke,962,387,994,545
0282.png,29,218,Smoke,1163,356,1192,574
0282.png,124,174,Smoke,1250,380,1374,554
0282.png,148,86,Smoke,1772,449,1920,535
0282.png,65,197,Smoke,1617,421,1682,618
0282.png,69,59,Smoke,1690,577,1759,636
0282.png,50,116,Smoke,1431,428,1481,544
0282.png,76,92,Smoke,1769,310,1845,402
0282.png,23,113,Smoke,1214,464,1237,577
0282.png,57,57,Smoke,1773,313,1830,370
0282.png,55,46,Smoke,552,484,607,530
0283.png,55,84,Smoke,450,460,505,544
0283.png,69,86,Smoke,670,443,739,529
0283.png,95,176,Smoke,821,372,916,548
0283.png,107,221,Smoke,1021,323,1128,544
0283.png,32,158,Smoke,962,387,994,545
0283.png,29,218,Smoke,1163,356,1192,574
0283.png,124,174,Smoke,1250,379,1374,553
0283.png,148,86,Smoke,1772,449,1920,535
0283.png,65,197,Smoke,1617,422,1682,619
0283.png,69,59,Smoke,1691,577,1760,636
0283.png,50,116,Smoke,1431,428,1481,544
0283.png,76,92,Smoke,1768,310,1844,402
0283.png,23,113,Smoke,1214,464,1237,577
0283.png,57,57,Smoke,1773,313,1830,370
0284.png,55,84,Smoke,450,460,505,544
0284.png,69,86,Smoke,670,443,739,529
0284.png,95,176,Smoke,821,371,916,547
0284.png,107,221,Smoke,1021,323,1128,544
0284.png,32,158,Smoke,962,387,994,545
0284.png,29,218,Smoke,1163,356,1192,574
0284.png,124,174,Smoke,1250,379,1374,553
0284.png,148,86,Smoke,1772,449,1920,535
0284.png,65,197,Smoke,1617,422,1682,619
0284.png,69,59,Smoke,1691,577,1760,636
0284.png,50,116,Smoke,1431,429,1481,545
0284.png,76,92,Smoke,1768,310,1844,402
0284.png,55,46,Smoke,552,484,607,530
0284.png,23,113,Smoke,1214,464,1237,577
0284.png,57,57,Smoke,1773,313,1830,370
0285.png,55,84,Smoke,449,460,504,544
0285.png,69,86,Smoke,670,443,739,529
0285.png,95,176,Smoke,821,372,916,548
0285.png,107,221,Smoke,1021,322,1128,543
0285.png,32,158,Smoke,962,387,994,545
0285.png,29,218,Smoke,1163,356,1192,574
0285.png,124,174,Smoke,1250,379,1374,553
0285.png,148,86,Smoke,1772,448,1920,534
0285.png,65,197,Smoke,1617,422,1682,619
0285.png,69,59,Smoke,1691,577,1760,636
0285.png,50,116,Smoke,1431,429,1481,545
0285.png,76,92,Smoke,1768,310,1844,402
0285.png,55,46,Smoke,552,484,607,530
0285.png,23,113,Smoke,1214,464,1237,577
0285.png,57,57,Smoke,1773,313,1830,370
0286.png,55,84,Smoke,450,460,505,544
0286.png,69,86,Smoke,670,442,739,528
0286.png,95,176,Smoke,821,373,916,549
0286.png,107,221,Smoke,1021,324,1128,545
0286.png,32,158,Smoke,962,387,994,545
0286.png,29,218,Smoke,1163,356,1192,574
0286.png,124,174,Smoke,1251,379,1375,553
0286.png,148,86,Smoke,1772,447,1920,533
0286.png,65,197,Smoke,1617,421,1682,618
0286.png,69,59,Smoke,1691,577,1760,636
0286.png,50,116,Smoke,1431,429,1481,545
0286.png,76,92,Smoke,1768,310,1844,402
0286.png,55,46,Smoke,552,484,607,530
0286.png,23,113,Smoke,1214,464,1237,577
0286.png,57,57,Smoke,1773,313,1830,370
0287.png,55,84,Smoke,450,460,505,544
0287.png,69,86,Smoke,670,442,739,528
0287.png,95,176,Smoke,821,372,916,548
0287.png,107,221,Smoke,1021,322,1128,543
0287.png,32,158,Smoke,962,387,994,545
0287.png,29,218,Smoke,1163,356,1192,574
0287.png,124,174,Smoke,1251,379,1375,553
0287.png,148,86,Smoke,1772,449,1920,535
0287.png,65,197,Smoke,1617,422,1682,619
0287.png,69,59,Smoke,1690,577,1759,636
0287.png,50,116,Smoke,1431,429,1481,545
0287.png,76,92,Smoke,1768,310,1844,402
0287.png,55,46,Smoke,552,484,607,530
0287.png,23,113,Smoke,1214,464,1237,577
0287.png,57,57,Smoke,1773,313,1830,370
0288.png,55,84,Smoke,449,460,504,544
0288.png,69,86,Smoke,670,441,739,527
0288.png,95,176,Smoke,821,373,916,549
0288.png,107,221,Smoke,1021,322,1128,543
0288.png,32,158,Smoke,962,387,994,545
0288.png,29,218,Smoke,1163,356,1192,574
0288.png,124,174,Smoke,1250,379,1374,553
0288.png,148,86,Smoke,1772,448,1920,534
0288.png,65,197,Smoke,1617,421,1682,618
0288.png,69,59,Smoke,1690,577,1759,636
0288.png,50,116,Smoke,1431,429,1481,545
0288.png,76,92,Smoke,1768,310,1844,402
0288.png,55,46,Smoke,552,484,607,530
0288.png,23,113,Smoke,1214,464,1237,577
0288.png,57,57,Smoke,1773,313,1830,370
0289.png,55,84,Smoke,449,460,504,544
0289.png,69,86,Smoke,670,439,739,525
0289.png,95,176,Smoke,821,372,916,548
0289.png,107,221,Smoke,1021,323,1128,544
0289.png,32,158,Smoke,962,387,994,545
0289.png,29,218,Smoke,1163,356,1192,574
0289.png,124,174,Smoke,1250,379,1374,553
0289.png,148,86,Smoke,1772,448,1920,534
0289.png,65,197,Smoke,1617,422,1682,619
0289.png,69,59,Smoke,1690,577,1759,636
0289.png,50,116,Smoke,1431,429,1481,545
0289.png,76,92,Smoke,1768,310,1844,402
0289.png,55,46,Smoke,552,484,607,530
0289.png,23,113,Smoke,1214,464,1237,577
0289.png,57,57,Smoke,1773,313,1830,370
0290.png,55,84,Smoke,449,460,504,544
0290.png,69,86,Smoke,670,439,739,525
0290.png,95,176,Smoke,821,373,916,549
0290.png,107,221,Smoke,1021,322,1128,543
0290.png,32,158,Smoke,962,387,994,545
0290.png,29,218,Smoke,1163,356,1192,574
0290.png,124,174,Smoke,1250,380,1374,554
0290.png,148,86,Smoke,1772,447,1920,533
0290.png,65,197,Smoke,1617,421,1682,618
0290.png,69,59,Smoke,1690,577,1759,636
0290.png,50,116,Smoke,1431,429,1481,545
0290.png,76,92,Smoke,1768,310,1844,402
0290.png,55,46,Smoke,552,484,607,530
0290.png,23,113,Smoke,1214,464,1237,577
0290.png,57,57,Smoke,1773,313,1830,370
0291.png,55,84,Smoke,450,459,505,543
0291.png,69,86,Smoke,670,439,739,525
0291.png,95,176,Smoke,821,374,916,550
0291.png,107,221,Smoke,1021,322,1128,543
0291.png,32,158,Smoke,962,387,994,545
0291.png,29,218,Smoke,1163,356,1192,574
0291.png,124,174,Smoke,1250,378,1374,552
0291.png,148,86,Smoke,1772,447,1920,533
0291.png,65,197,Smoke,1617,422,1682,619
0291.png,69,59,Smoke,1690,577,1759,636
0291.png,50,116,Smoke,1431,428,1481,544
0291.png,76,92,Smoke,1768,310,1844,402
0291.png,55,46,Smoke,552,484,607,530
0291.png,23,113,Smoke,1214,464,1237,577
0291.png,57,57,Smoke,1773,313,1830,370
0291.png,55,46,Smoke,552,484,607,530
0292.png,55,84,Smoke,450,460,505,544
0292.png,69,86,Smoke,670,439,739,525
0292.png,95,176,Smoke,821,373,916,549
0292.png,107,221,Smoke,1021,322,1128,543
0292.png,32,158,Smoke,962,387,994,545
0292.png,29,218,Smoke,1163,356,1192,574
0292.png,124,174,Smoke,1250,378,1374,552
0292.png,148,86,Smoke,1772,447,1920,533
0292.png,65,197,Smoke,1617,422,1682,619
0292.png,69,59,Smoke,1690,577,1759,636
0292.png,50,116,Smoke,1431,428,1481,544
0292.png,76,92,Smoke,1768,311,1844,403
0292.png,23,113,Smoke,1214,464,1237,577
0292.png,57,57,Smoke,1773,313,1830,370
0292.png,55,46,Smoke,552,484,607,530
0293.png,55,84,Smoke,450,460,505,544
0293.png,69,86,Smoke,670,438,739,524
0293.png,95,176,Smoke,821,374,916,550
0293.png,107,221,Smoke,1021,322,1128,543
0293.png,32,158,Smoke,962,387,994,545
0293.png,29,218,Smoke,1163,356,1192,574
0293.png,124,174,Smoke,1250,378,1374,552
0293.png,149,86,Smoke,1771,447,1920,533
0293.png,65,197,Smoke,1617,422,1682,619
0293.png,69,59,Smoke,1690,577,1759,636
0293.png,50,116,Smoke,1431,428,1481,544
0293.png,76,92,Smoke,1768,310,1844,402
0293.png,23,113,Smoke,1214,464,1237,577
0293.png,57,57,Smoke,1773,313,1830,370
0294.png,55,84,Smoke,450,460,505,544
0294.png,69,86,Smoke,670,438,739,524
0294.png,95,176,Smoke,822,374,917,550
0294.png,107,221,Smoke,1021,323,1128,544
0294.png,32,158,Smoke,962,387,994,545
0294.png,29,218,Smoke,1163,356,1192,574
0294.png,124,174,Smoke,1250,378,1374,552
0294.png,149,86,Smoke,1771,448,1920,534
0294.png,65,197,Smoke,1617,422,1682,619
0294.png,69,59,Smoke,1689,577,1758,636
0294.png,50,116,Smoke,1431,428,1481,544
0294.png,76,92,Smoke,1767,310,1843,402
0294.png,55,46,Smoke,552,484,607,530
0294.png,23,113,Smoke,1214,464,1237,577
0294.png,57,57,Smoke,1773,313,1830,370
0295.png,55,84,Smoke,450,460,505,544
0295.png,69,86,Smoke,670,439,739,525
0295.png,95,176,Smoke,822,374,917,550
0295.png,107,221,Smoke,1021,322,1128,543
0295.png,32,158,Smoke,962,387,994,545
0295.png,29,218,Smoke,1163,356,1192,574
0295.png,124,174,Smoke,1250,378,1374,552
0295.png,149,86,Smoke,1771,447,1920,533
0295.png,65,197,Smoke,1617,422,1682,619
0295.png,69,59,Smoke,1690,577,1759,636
0295.png,50,116,Smoke,1431,428,1481,544
0295.png,76,92,Smoke,1768,310,1844,402
0295.png,55,46,Smoke,552,484,607,530
0295.png,23,113,Smoke,1214,464,1237,577
0295.png,57,57,Smoke,1773,313,1830,370
0296.png,55,84,Smoke,450,460,505,544
0296.png,69,86,Smoke,670,439,739,525
0296.png,95,176,Smoke,821,375,916,551
0296.png,107,221,Smoke,1021,323,1128,544
0296.png,32,158,Smoke,962,387,994,545
0296.png,29,218,Smoke,1163,356,1192,574
0296.png,124,174,Smoke,1250,378,1374,552
0296.png,149,86,Smoke,1771,447,1920,533
0296.png,65,197,Smoke,1617,422,1682,619
0296.png,69,59,Smoke,1690,577,1759,636
0296.png,50,116,Smoke,1431,428,1481,544
0296.png,76,92,Smoke,1768,310,1844,402
0296.png,55,46,Smoke,552,484,607,530
0296.png,23,113,Smoke,1214,464,1237,577
0296.png,57,57,Smoke,1773,313,1830,370
0297.png,55,84,Smoke,449,460,504,544
0297.png,69,86,Smoke,670,439,739,525
0297.png,95,176,Smoke,821,375,916,551
0297.png,107,221,Smoke,1021,322,1128,543
0297.png,32,158,Smoke,962,387,994,545
0297.png,29,218,Smoke,1163,356,1192,574
0297.png,124,174,Smoke,1250,378,1374,552
0297.png,149,86,Smoke,1771,447,1920,533
0297.png,65,197,Smoke,1617,422,1682,619
0297.png,69,59,Smoke,1690,577,1759,636
0297.png,50,116,Smoke,1431,428,1481,544
0297.png,76,92,Smoke,1768,310,1844,402
0297.png,55,46,Smoke,552,484,607,530
0297.png,23,113,Smoke,1214,464,1237,577
0297.png,57,57,Smoke,1773,313,1830,370
0298.png,55,84,Smoke,451,459,506,543
0298.png,69,86,Smoke,670,438,739,524
0298.png,95,176,Smoke,821,375,916,551
0298.png,107,221,Smoke,1021,323,1128,544
0298.png,32,158,Smoke,962,387,994,545
0298.png,29,218,Smoke,1163,356,1192,574
0298.png,124,174,Smoke,1250,378,1374,552
0298.png,149,86,Smoke,1771,447,1920,533
0298.png,65,197,Smoke,1617,422,1682,619
0298.png,69,59,Smoke,1690,577,1759,636
0298.png,50,116,Smoke,1431,428,1481,544
0298.png,76,92,Smoke,1768,310,1844,402
0298.png,55,46,Smoke,552,484,607,530
0298.png,23,113,Smoke,1214,464,1237,577
0298.png,57,57,Smoke,1773,313,1830,370
0299.png,55,84,Smoke,451,459,506,543
0299.png,69,86,Smoke,670,438,739,524
0299.png,95,176,Smoke,821,375,916,551
0299.png,107,221,Smoke,1021,322,1128,543
0299.png,32,158,Smoke,962,387,994,545
0299.png,29,218,Smoke,1163,356,1192,574
0299.png,124,174,Smoke,1250,378,1374,552
0299.png,149,86,Smoke,1771,447,1920,533
0299.png,65,197,Smoke,1617,422,1682,619
0299.png,69,59,Smoke,1690,577,1759,636
0299.png,50,116,Smoke,1431,428,1481,544
0299.png,76,92,Smoke,1768,310,1844,402
0299.png,55,46,Smoke,552,484,607,530
0299.png,23,113,Smoke,1214,464,1237,577
0299.png,57,57,Smoke,1773,313,1830,370
0300.png,55,84,Smoke,451,459,506,543
0300.png,69,86,Smoke,670,438,739,524
0300.png,95,176,Smoke,821,374,916,550
0300.png,107,221,Smoke,1021,323,1128,544
0300.png,32,158,Smoke,962,387,994,545
0300.png,29,218,Smoke,1163,356,1192,574
0300.png,124,174,Smoke,1250,378,1374,552
0300.png,149,86,Smoke,1771,447,1920,533
0300.png,65,197,Smoke,1617,422,1682,619
0300.png,69,59,Smoke,1690,577,1759,636
0300.png,50,116,Smoke,1431,428,1481,544
0300.png,76,92,Smoke,1768,310,1844,402
0300.png,55,46,Smoke,552,484,607,530
0300.png,23,113,Smoke,1214,464,1237,577
0300.png,57,57,Smoke,1773,313,1830,370
0301.png,55,84,Smoke,450,459,505,543
0301.png,69,86,Smoke,671,438,740,524
0301.png,95,176,Smoke,821,374,916,550
0301.png,107,221,Smoke,1021,322,1128,543
0301.png,32,158,Smoke,962,387,994,545
0301.png,29,218,Smoke,1163,356,1192,574
0301.png,124,174,Smoke,1250,378,1374,552
0301.png,148,86,Smoke,1772,446,1920,532
0301.png,65,197,Smoke,1617,422,1682,619
0301.png,69,59,Smoke,1690,577,1759,636
0301.png,50,116,Smoke,1431,428,1481,544
0301.png,76,92,Smoke,1768,310,1844,402
0301.png,55,46,Smoke,552,484,607,530
0301.png,23,113,Smoke,1214,464,1237,577
0301.png,57,57,Smoke,1773,313,1830,370
0301.png,55,46,Smoke,552,484,607,530
0302.png,55,84,Smoke,450,459,505,543
0302.png,69,86,Smoke,671,438,740,524
0302.png,95,176,Smoke,822,374,917,550
0302.png,107,221,Smoke,1021,323,1128,544
0302.png,32,158,Smoke,962,387,994,545
0302.png,29,218,Smoke,1163,356,1192,574
0302.png,124,174,Smoke,1250,378,1374,552
0302.png,147,86,Smoke,1773,446,1920,532
0302.png,65,197,Smoke,1617,422,1682,619
0302.png,69,59,Smoke,1690,577,1759,636
0302.png,50,116,Smoke,1431,428,1481,544
0302.png,76,92,Smoke,1768,310,1844,402
0302.png,23,113,Smoke,1214,464,1237,577
0302.png,57,57,Smoke,1773,313,1830,370
0302.png,55,46,Smoke,552,485,607,531
0303.png,55,84,Smoke,450,460,505,544
0303.png,69,86,Smoke,671,438,740,524
0303.png,95,176,Smoke,821,373,916,549
0303.png,107,221,Smoke,1020,321,1127,542
0303.png,32,158,Smoke,962,387,994,545
0303.png,29,218,Smoke,1163,356,1192,574
0303.png,124,174,Smoke,1250,378,1374,552
0303.png,147,86,Smoke,1773,447,1920,533
0303.png,65,197,Smoke,1617,422,1682,619
0303.png,69,59,Smoke,1689,577,1758,636
0303.png,50,116,Smoke,1431,428,1481,544
0303.png,76,92,Smoke,1768,310,1844,402
0303.png,23,113,Smoke,1214,464,1237,577
0303.png,57,57,Smoke,1773,313,1830,370
0304.png,55,84,Smoke,450,460,505,544
0304.png,69,86,Smoke,671,437,740,523
0304.png,95,176,Smoke,821,373,916,549
0304.png,107,221,Smoke,1021,322,1128,543
0304.png,32,158,Smoke,962,387,994,545
0304.png,29,218,Smoke,1163,356,1192,574
0304.png,124,174,Smoke,1250,378,1374,552
0304.png,147,86,Smoke,1773,446,1920,532
0304.png,65,197,Smoke,1617,423,1682,620
0304.png,69,59,Smoke,1689,577,1758,636
0304.png,50,116,Smoke,1431,428,1481,544
0304.png,76,92,Smoke,1768,310,1844,402
0304.png,55,46,Smoke,552,485,607,531
0304.png,23,113,Smoke,1214,464,1237,577
0304.png,57,57,Smoke,1773,313,1830,370
0305.png,55,84,Smoke,450,460,505,544
0305.png,76,95,Smoke,664,437,740,532
0305.png,95,139,Smoke,821,410,916,549
0305.png,107,221,Smoke,1021,322,1128,543
0305.png,32,158,Smoke,962,387,994,545
0305.png,29,218,Smoke,1163,356,1192,574
0305.png,124,174,Smoke,1250,378,1374,552
0305.png,147,113,Smoke,1773,445,1920,558
0305.png,65,197,Smoke,1617,422,1682,619
0305.png,69,59,Smoke,1689,577,1758,636
0305.png,50,116,Smoke,1431,428,1481,544
0305.png,76,92,Smoke,1768,310,1844,402
0305.png,55,46,Smoke,552,485,607,531
0305.png,23,113,Smoke,1214,464,1237,577
0305.png,57,57,Smoke,1773,313,1830,370
0306.png,55,84,Smoke,450,460,505,544
0306.png,76,95,Smoke,664,437,740,532
0306.png,95,139,Smoke,821,409,916,548
0306.png,107,221,Smoke,1021,322,1128,543
0306.png,32,158,Smoke,962,387,994,545
0306.png,29,218,Smoke,1163,356,1192,574
0306.png,124,174,Smoke,1250,378,1374,552
0306.png,146,113,Smoke,1774,445,1920,558
0306.png,65,197,Smoke,1617,422,1682,619
0306.png,69,59,Smoke,1690,577,1759,636
0306.png,50,116,Smoke,1431,428,1481,544
0306.png,76,92,Smoke,1768,310,1844,402
0306.png,55,46,Smoke,552,485,607,531
0306.png,23,113,Smoke,1214,464,1237,577
0306.png,57,57,Smoke,1773,313,1830,370
0307.png,55,84,Smoke,450,460,505,544
0307.png,76,95,Smoke,664,437,740,532
0307.png,95,139,Smoke,821,410,916,549
0307.png,107,221,Smoke,1021,322,1128,543
0307.png,32,158,Smoke,962,387,994,545
0307.png,29,218,Smoke,1163,356,1192,574
0307.png,124,174,Smoke,1250,378,1374,552
0307.png,146,113,Smoke,1774,445,1920,558
0307.png,65,197,Smoke,1617,422,1682,619
0307.png,69,59,Smoke,1690,577,1759,636
0307.png,50,116,Smoke,1431,428,1481,544
0307.png,76,92,Smoke,1768,310,1844,402
0307.png,55,46,Smoke,552,484,607,530
0307.png,23,113,Smoke,1214,464,1237,577
0307.png,57,57,Smoke,1773,313,1830,370
0308.png,55,84,Smoke,450,460,505,544
0308.png,76,95,Smoke,664,437,740,532
0308.png,95,139,Smoke,821,410,916,549
0308.png,107,221,Smoke,1021,322,1128,543
0308.png,32,158,Smoke,962,387,994,545
0308.png,29,218,Smoke,1163,356,1192,574
0308.png,124,174,Smoke,1250,378,1374,552
0308.png,146,113,Smoke,1774,445,1920,558
0308.png,65,197,Smoke,1617,421,1682,618
0308.png,69,59,Smoke,1690,577,1759,636
0308.png,50,116,Smoke,1431,428,1481,544
0308.png,76,92,Smoke,1768,310,1844,402
0308.png,55,46,Smoke,552,484,607,530
0308.png,23,113,Smoke,1214,464,1237,577
0308.png,57,57,Smoke,1773,313,1830,370
0309.png,55,84,Smoke,450,460,505,544
0309.png,76,95,Smoke,664,437,740,532
0309.png,95,139,Smoke,821,410,916,549
0309.png,107,221,Smoke,1021,322,1128,543
0309.png,32,158,Smoke,962,387,994,545
0309.png,29,218,Smoke,1163,356,1192,574
0309.png,124,174,Smoke,1250,378,1374,552
0309.png,146,113,Smoke,1774,445,1920,558
0309.png,65,197,Smoke,1617,422,1682,619
0309.png,69,59,Smoke,1690,577,1759,636
0309.png,50,116,Smoke,1431,428,1481,544
0309.png,76,92,Smoke,1768,310,1844,402
0309.png,55,46,Smoke,552,484,607,530
0309.png,23,113,Smoke,1214,464,1237,577
0309.png,57,57,Smoke,1773,313,1830,370
0310.png,55,84,Smoke,450,460,505,544
0310.png,76,95,Smoke,664,436,740,531
0310.png,95,139,Smoke,821,409,916,548
0310.png,107,221,Smoke,1021,323,1128,544
0310.png,32,158,Smoke,962,387,994,545
0310.png,29,218,Smoke,1163,356,1192,574
0310.png,124,174,Smoke,1250,378,1374,552
0310.png,146,113,Smoke,1774,445,1920,558
0310.png,65,197,Smoke,1617,421,1682,618
0310.png,69,59,Smoke,1690,577,1759,636
0310.png,50,116,Smoke,1431,428,1481,544
0310.png,76,92,Smoke,1768,310,1844,402
0310.png,55,46,Smoke,552,484,607,530
0310.png,23,113,Smoke,1214,464,1237,577
0310.png,57,57,Smoke,1773,313,1830,370
0311.png,55,84,Smoke,450,460,505,544
0311.png,76,95,Smoke,664,436,740,531
0311.png,95,139,Smoke,821,410,916,549
0311.png,107,221,Smoke,1021,322,1128,543
0311.png,32,158,Smoke,962,387,994,545
0311.png,29,218,Smoke,1163,356,1192,574
0311.png,124,174,Smoke,1250,378,1374,552
0311.png,146,113,Smoke,1774,445,1920,558
0311.png,65,197,Smoke,1617,422,1682,619
0311.png,69,59,Smoke,1690,577,1759,636
0311.png,50,116,Smoke,1431,427,1481,543
0311.png,76,92,Smoke,1768,310,1844,402
0311.png,55,46,Smoke,552,484,607,530
0311.png,23,113,Smoke,1214,464,1237,577
0311.png,57,57,Smoke,1773,313,1830,370
0311.png,55,46,Smoke,552,484,607,530
0312.png,55,84,Smoke,450,460,505,544
0312.png,76,95,Smoke,664,436,740,531
0312.png,95,139,Smoke,821,409,916,548
0312.png,107,221,Smoke,1021,321,1128,542
0312.png,32,158,Smoke,962,387,994,545
0312.png,29,218,Smoke,1163,356,1192,574
0312.png,124,174,Smoke,1250,378,1374,552
0312.png,146,113,Smoke,1774,445,1920,558
0312.png,65,197,Smoke,1617,421,1682,618
0312.png,69,59,Smoke,1690,578,1759,637
0312.png,50,116,Smoke,1431,427,1481,543
0312.png,76,92,Smoke,1768,310,1844,402
0312.png,23,113,Smoke,1214,464,1237,577
0312.png,57,57,Smoke,1773,313,1830,370
0312.png,55,46,Smoke,552,484,607,530
0313.png,55,84,Smoke,449,460,504,544
0313.png,76,95,Smoke,664,435,740,530
0313.png,95,139,Smoke,821,409,916,548
0313.png,107,221,Smoke,1021,321,1128,542
0313.png,32,158,Smoke,962,387,994,545
0313.png,29,218,Smoke,1163,356,1192,574
0313.png,124,174,Smoke,1250,378,1374,552
0313.png,146,113,Smoke,1774,445,1920,558
0313.png,65,197,Smoke,1617,422,1682,619
0313.png,69,59,Smoke,1690,577,1759,636
0313.png,50,116,Smoke,1431,426,1481,542
0313.png,76,92,Smoke,1768,310,1844,402
0313.png,23,113,Smoke,1214,464,1237,577
0313.png,57,57,Smoke,1773,313,1830,370
0314.png,55,84,Smoke,451,460,506,544
0314.png,76,95,Smoke,664,435,740,530
0314.png,95,139,Smoke,821,409,916,548
0314.png,107,221,Smoke,1021,321,1128,542
0314.png,32,158,Smoke,962,387,994,545
0314.png,29,218,Smoke,1163,356,1192,574
0314.png,124,174,Smoke,1250,378,1374,552
0314.png,146,113,Smoke,1774,445,1920,558
0314.png,65,197,Smoke,1617,421,1682,618
0314.png,69,59,Smoke,1690,577,1759,636
0314.png,50,116,Smoke,1431,427,1481,543
0314.png,76,92,Smoke,1768,310,1844,402
0314.png,55,46,Smoke,552,484,607,530
0314.png,23,113,Smoke,1214,464,1237,577
0314.png,57,57,Smoke,1773,313,1830,370
0315.png,55,84,Smoke,449,460,504,544
0315.png,76,95,Smoke,665,435,741,530
0315.png,95,139,Smoke,821,409,916,548
0315.png,107,221,Smoke,1021,321,1128,542
0315.png,32,158,Smoke,962,387,994,545
0315.png,29,218,Smoke,1163,356,1192,574
0315.png,124,174,Smoke,1250,378,1374,552
0315.png,146,113,Smoke,1774,445,1920,558
0315.png,65,197,Smoke,1617,422,1682,619
0315.png,69,59,Smoke,1690,578,1759,637
0315.png,50,116,Smoke,1431,427,1481,543
0315.png,76,92,Smoke,1768,310,1844,402
0315.png,55,46,Smoke,552,484,607,530
0315.png,23,113,Smoke,1214,464,1237,577
0315.png,57,57,Smoke,1773,313,1830,370
0316.png,55,84,Smoke,450,460,505,544
0316.png,76,95,Smoke,665,435,741,530
0316.png,95,139,Smoke,821,409,916,548
0316.png,107,221,Smoke,1022,323,1129,544
0316.png,32,158,Smoke,962,387,994,545
0316.png,29,218,Smoke,1163,356,1192,574
0316.png,124,174,Smoke,1250,378,1374,552
0316.png,146,113,Smoke,1774,445,1920,558
0316.png,65,197,Smoke,1617,421,1682,618
0316.png,69,59,Smoke,1690,577,1759,636
0316.png,50,116,Smoke,1431,427,1481,543
0316.png,76,92,Smoke,1768,310,1844,402
0316.png,55,46,Smoke,552,484,607,530
0316.png,23,113,Smoke,1214,464,1237,577
0316.png,57,57,Smoke,1773,313,1830,370
0317.png,55,84,Smoke,450,460,505,544
0317.png,76,95,Smoke,665,435,741,530
0317.png,95,139,Smoke,821,409,916,548
0317.png,107,221,Smoke,1021,321,1128,542
0317.png,32,158,Smoke,962,387,994,545
0317.png,29,218,Smoke,1163,356,1192,574
0317.png,124,174,Smoke,1250,378,1374,552
0317.png,145,113,Smoke,1775,445,1920,558
0317.png,65,197,Smoke,1617,420,1682,617
0317.png,69,59,Smoke,1690,577,1759,636
0317.png,50,116,Smoke,1431,427,1481,543
0317.png,76,92,Smoke,1768,310,1844,402
0317.png,55,46,Smoke,552,484,607,530
0317.png,23,113,Smoke,1214,464,1237,577
0317.png,57,57,Smoke,1773,313,1830,370
0318.png,55,84,Smoke,449,460,504,544
0318.png,76,95,Smoke,665,435,741,530
0318.png,95,139,Smoke,822,409,917,548
0318.png,107,221,Smoke,1021,321,1128,542
0318.png,32,158,Smoke,962,387,994,545
0318.png,29,218,Smoke,1163,356,1192,574
0318.png,124,174,Smoke,1250,378,1374,552
0318.png,145,113,Smoke,1775,445,1920,558
0318.png,65,197,Smoke,1617,421,1682,618
0318.png,69,59,Smoke,1690,578,1759,637
0318.png,50,116,Smoke,1431,427,1481,543
0318.png,76,92,Smoke,1768,310,1844,402
0318.png,55,46,Smoke,552,484,607,530
0318.png,23,113,Smoke,1214,464,1237,577
0318.png,57,57,Smoke,1773,313,1830,370
0319.png,55,84,Smoke,449,460,504,544
0319.png,76,95,Smoke,665,435,741,530
0319.png,95,139,Smoke,821,409,916,548
0319.png,107,221,Smoke,1021,321,1128,542
0319.png,32,158,Smoke,962,387,994,545
0319.png,29,218,Smoke,1163,356,1192,574
0319.png,124,174,Smoke,1250,378,1374,552
0319.png,145,113,Smoke,1775,445,1920,558
0319.png,65,197,Smoke,1617,422,1682,619
0319.png,69,59,Smoke,1690,578,1759,637
0319.png,50,116,Smoke,1431,427,1481,543
0319.png,76,92,Smoke,1768,310,1844,402
0319.png,55,46,Smoke,552,484,607,530
0319.png,23,113,Smoke,1214,464,1237,577
0319.png,57,57,Smoke,1773,313,1830,370
0320.png,55,84,Smoke,450,460,505,544
0320.png,76,95,Smoke,665,435,741,530
0320.png,95,139,Smoke,821,409,916,548
0320.png,107,221,Smoke,1021,321,1128,542
0320.png,32,158,Smoke,962,387,994,545
0320.png,29,218,Smoke,1163,356,1192,574
0320.png,124,174,Smoke,1250,378,1374,552
0320.png,145,113,Smoke,1775,445,1920,558
0320.png,65,197,Smoke,1617,421,1682,618
0320.png,69,59,Smoke,1690,578,1759,637
0320.png,50,116,Smoke,1431,427,1481,543
0320.png,76,92,Smoke,1768,310,1844,402
0320.png,55,46,Smoke,552,484,607,530
0320.png,23,113,Smoke,1214,464,1237,577
0320.png,57,57,Smoke,1773,313,1830,370
0321.png,55,84,Smoke,450,460,505,544
0321.png,76,95,Smoke,665,435,741,530
0321.png,95,139,Smoke,822,409,917,548
0321.png,107,221,Smoke,1021,321,1128,542
0321.png,32,158,Smoke,962,387,994,545
0321.png,29,218,Smoke,1163,356,1192,574
0321.png,124,174,Smoke,1250,378,1374,552
0321.png,145,113,Smoke,1775,445,1920,558
0321.png,65,197,Smoke,1617,422,1682,619
0321.png,69,59,Smoke,1690,578,1759,637
0321.png,50,116,Smoke,1431,427,1481,543
0321.png,76,92,Smoke,1768,310,1844,402
0321.png,55,46,Smoke,552,484,607,530
0321.png,23,113,Smoke,1214,464,1237,577
0321.png,57,57,Smoke,1773,313,1830,370
0321.png,55,46,Smoke,552,484,607,530
0322.png,55,84,Smoke,450,460,505,544
0322.png,76,95,Smoke,665,435,741,530
0322.png,95,139,Smoke,822,409,917,548
0322.png,107,221,Smoke,1020,320,1127,541
0322.png,32,158,Smoke,962,387,994,545
0322.png,29,218,Smoke,1163,356,1192,574
0322.png,124,174,Smoke,1250,378,1374,552
0322.png,145,113,Smoke,1775,446,1920,559
0322.png,65,197,Smoke,1617,423,1682,620
0322.png,69,59,Smoke,1690,578,1759,637
0322.png,50,116,Smoke,1431,428,1481,544
0322.png,76,92,Smoke,1768,310,1844,402
0322.png,23,113,Smoke,1214,464,1237,577
0322.png,57,57,Smoke,1773,313,1830,370
0322.png,55,46,Smoke,552,484,607,530
0323.png,55,84,Smoke,450,460,505,544
0323.png,76,95,Smoke,665,434,741,529
0323.png,95,139,Smoke,822,409,917,548
0323.png,107,221,Smoke,1021,320,1128,541
0323.png,32,158,Smoke,962,388,994,546
0323.png,29,218,Smoke,1163,356,1192,574
0323.png,124,174,Smoke,1250,378,1374,552
0323.png,144,113,Smoke,1776,446,1920,559
0323.png,65,197,Smoke,1617,422,1682,619
0323.png,69,59,Smoke,1690,578,1759,637
0323.png,50,116,Smoke,1431,427,1481,543
0323.png,76,92,Smoke,1768,310,1844,402
0323.png,23,113,Smoke,1214,464,1237,577
0323.png,57,57,Smoke,1773,313,1830,370
0324.png,55,84,Smoke,450,460,505,544
0324.png,76,95,Smoke,665,434,741,529
0324.png,95,139,Smoke,822,409,917,548
0324.png,107,221,Smoke,1021,320,1128,541
0324.png,32,158,Smoke,962,387,994,545
0324.png,29,218,Smoke,1163,356,1192,574
0324.png,124,174,Smoke,1250,378,1374,552
0324.png,144,113,Smoke,1776,446,1920,559
0324.png,65,197,Smoke,1617,421,1682,618
0324.png,69,59,Smoke,1690,578,1759,637
0324.png,50,116,Smoke,1431,427,1481,543
0324.png,76,92,Smoke,1768,310,1844,402
0324.png,55,46,Smoke,552,484,607,530
0324.png,23,113,Smoke,1214,464,1237,577
0324.png,57,57,Smoke,1773,313,1830,370
0325.png,55,84,Smoke,450,460,505,544
0325.png,76,95,Smoke,665,434,741,529
0325.png,95,139,Smoke,822,409,917,548
0325.png,107,221,Smoke,1020,321,1127,542
0325.png,32,158,Smoke,962,387,994,545
0325.png,29,218,Smoke,1163,356,1192,574
0325.png,124,174,Smoke,1250,378,1374,552
0325.png,144,113,Smoke,1776,446,1920,559
0325.png,65,197,Smoke,1617,423,1682,620
0325.png,69,59,Smoke,1690,578,1759,637
0325.png,50,116,Smoke,1431,427,1481,543
0325.png,76,92,Smoke,1768,310,1844,402
0325.png,55,46,Smoke,552,484,607,530
0325.png,23,113,Smoke,1214,464,1237,577
0325.png,57,57,Smoke,1773,313,1830,370
0326.png,55,84,Smoke,450,460,505,544
0326.png,76,95,Smoke,665,434,741,529
0326.png,95,139,Smoke,822,409,917,548
0326.png,107,221,Smoke,1021,320,1128,541
0326.png,32,158,Smoke,962,387,994,545
0326.png,29,218,Smoke,1163,356,1192,574
0326.png,124,174,Smoke,1250,378,1374,552
0326.png,146,113,Smoke,1774,449,1920,562
0326.png,65,197,Smoke,1617,422,1682,619
0326.png,69,59,Smoke,1690,578,1759,637
0326.png,50,116,Smoke,1431,427,1481,543
0326.png,76,92,Smoke,1768,310,1844,402
0326.png,55,46,Smoke,552,484,607,530
0326.png,23,113,Smoke,1214,464,1237,577
0326.png,57,57,Smoke,1773,313,1830,370
0327.png,55,84,Smoke,450,460,505,544
0327.png,76,95,Smoke,665,434,741,529
0327.png,95,139,Smoke,822,410,917,549
0327.png,107,221,Smoke,1021,321,1128,542
0327.png,32,158,Smoke,962,387,994,545
0327.png,29,218,Smoke,1163,356,1192,574
0327.png,124,174,Smoke,1250,378,1374,552
0327.png,145,113,Smoke,1775,446,1920,559
0327.png,65,197,Smoke,1617,422,1682,619
0327.png,69,59,Smoke,1690,578,1759,637
0327.png,50,116,Smoke,1431,427,1481,543
0327.png,76,92,Smoke,1768,310,1844,402
0327.png,55,46,Smoke,552,484,607,530
0327.png,23,113,Smoke,1214,464,1237,577
0327.png,57,57,Smoke,1773,313,1830,370
0328.png,55,84,Smoke,450,460,505,544
0328.png,76,95,Smoke,665,434,741,529
0328.png,95,139,Smoke,822,409,917,548
0328.png,107,221,Smoke,1022,320,1129,541
0328.png,32,158,Smoke,962,387,994,545
0328.png,29,218,Smoke,1163,356,1192,574
0328.png,124,174,Smoke,1250,378,1374,552
0328.png,144,113,Smoke,1776,444,1920,557
0328.png,65,197,Smoke,1617,421,1682,618
0328.png,69,59,Smoke,1690,579,1759,638
0328.png,50,116,Smoke,1431,427,1481,543
0328.png,76,92,Smoke,1768,310,1844,402
0328.png,55,46,Smoke,552,484,607,530
0328.png,23,113,Smoke,1214,464,1237,577
0328.png,57,57,Smoke,1773,313,1830,370
0329.png,55,84,Smoke,450,460,505,544
0329.png,76,95,Smoke,665,435,741,530
0329.png,95,139,Smoke,822,409,917,548
0329.png,107,221,Smoke,1021,321,1128,542
0329.png,32,158,Smoke,962,387,994,545
0329.png,29,218,Smoke,1163,355,1192,573
0329.png,124,174,Smoke,1250,378,1374,552
0329.png,144,113,Smoke,1776,444,1920,557
0329.png,65,197,Smoke,1617,420,1682,617
0329.png,69,59,Smoke,1690,579,1759,638
0329.png,50,116,Smoke,1431,427,1481,543
0329.png,76,92,Smoke,1768,310,1844,402
0329.png,55,46,Smoke,552,484,607,530
0329.png,23,113,Smoke,1214,464,1237,577
0329.png,57,57,Smoke,1773,313,1830,370
0330.png,55,84,Smoke,450,460,505,544
0330.png,76,95,Smoke,665,434,741,529
0330.png,95,139,Smoke,822,409,917,548
0330.png,107,221,Smoke,1022,320,1129,541
0330.png,32,158,Smoke,962,387,994,545
0330.png,29,218,Smoke,1163,358,1192,576
0330.png,124,174,Smoke,1250,378,1374,552
0330.png,144,113,Smoke,1776,444,1920,557
0330.png,65,197,Smoke,1617,422,1682,619
0330.png,69,59,Smoke,1689,578,1758,637
0330.png,50,116,Smoke,1431,427,1481,543
0330.png,76,92,Smoke,1768,310,1844,402
0330.png,55,46,Smoke,552,484,607,530
0330.png,23,113,Smoke,1214,464,1237,577
0330.png,57,57,Smoke,1773,313,1830,370
0331.png,55,84,Smoke,450,460,505,544
0331.png,76,95,Smoke,665,434,741,529
0331.png,95,139,Smoke,822,409,917,548
0331.png,107,221,Smoke,1021,321,1128,542
0331.png,32,158,Smoke,962,387,994,545
0331.png,29,218,Smoke,1163,358,1192,576
0331.png,124,174,Smoke,1250,378,1374,552
0331.png,145,113,Smoke,1775,444,1920,557
0331.png,65,197,Smoke,1617,422,1682,619
0331.png,69,59,Smoke,1690,579,1759,638
0331.png,50,116,Smoke,1431,426,1481,542
0331.png,76,92,Smoke,1768,310,1844,402
0331.png,55,46,Smoke,552,484,607,530
0331.png,23,113,Smoke,1214,464,1237,577
0331.png,57,57,Smoke,1773,313,1830,370
0331.png,55,46,Smoke,552,484,607,530
0332.png,55,84,Smoke,450,460,505,544
0332.png,76,95,Smoke,665,434,741,529
0332.png,95,139,Smoke,822,409,917,548
0332.png,107,221,Smoke,1021,321,1128,542
0332.png,32,158,Smoke,962,387,994,545
0332.png,29,218,Smoke,1163,358,1192,576
0332.png,124,174,Smoke,1250,378,1374,552
0332.png,144,113,Smoke,1776,443,1920,556
0332.png,65,197,Smoke,1617,421,1682,618
0332.png,69,59,Smoke,1690,579,1759,638
0332.png,50,116,Smoke,1431,425,1481,541
0332.png,76,92,Smoke,1768,310,1844,402
0332.png,23,113,Smoke,1214,464,1237,577
0332.png,57,57,Smoke,1773,313,1830,370
0332.png,55,46,Smoke,552,484,607,530
0333.png,55,84,Smoke,450,460,505,544
0333.png,76,95,Smoke,665,434,741,529
0333.png,95,139,Smoke,822,409,917,548
0333.png,107,221,Smoke,1021,321,1128,542
0333.png,32,158,Smoke,962,387,994,545
0333.png,29,218,Smoke,1163,358,1192,576
0333.png,124,174,Smoke,1250,378,1374,552
0333.png,144,113,Smoke,1776,443,1920,556
0333.png,65,197,Smoke,1617,422,1682,619
0333.png,69,59,Smoke,1690,579,1759,638
0333.png,50,116,Smoke,1431,425,1481,541
0333.png,76,92,Smoke,1768,310,1844,402
0333.png,23,113,Smoke,1214,464,1237,577
0333.png,57,57,Smoke,1773,313,1830,370
0334.png,55,84,Smoke,450,460,505,544
0334.png,76,95,Smoke,665,434,741,529
0334.png,95,139,Smoke,822,409,917,548
0334.png,107,221,Smoke,1022,322,1129,543
0334.png,32,158,Smoke,962,387,994,545
0334.png,29,218,Smoke,1163,358,1192,576
0334.png,124,174,Smoke,1250,378,1374,552
0334.png,144,113,Smoke,1776,442,1920,555
0334.png,65,197,Smoke,1617,423,1682,620
0334.png,69,59,Smoke,1690,579,1759,638
0334.png,50,116,Smoke,1431,426,1481,542
0334.png,76,92,Smoke,1768,310,1844,402
0334.png,55,46,Smoke,552,484,607,530
0334.png,23,113,Smoke,1214,464,1237,577
0334.png,57,57,Smoke,1773,313,1830,370
0335.png,55,84,Smoke,450,460,505,544
0335.png,76,95,Smoke,665,433,741,528
0335.png,95,139,Smoke,821,409,916,548
0335.png,107,221,Smoke,1021,321,1128,542
0335.png,32,158,Smoke,962,387,994,545
0335.png,29,218,Smoke,1163,358,1192,576
0335.png,124,174,Smoke,1250,378,1374,552
0335.png,144,113,Smoke,1776,443,1920,556
0335.png,65,197,Smoke,1617,422,1682,619
0335.png,69,59,Smoke,1690,579,1759,638
0335.png,50,116,Smoke,1431,426,1481,542
0335.png,76,92,Smoke,1768,310,1844,402
0335.png,55,46,Smoke,552,484,607,530
0335.png,23,113,Smoke,1214,464,1237,577
0335.png,57,57,Smoke,1773,313,1830,370
0336.png,55,84,Smoke,450,460,505,544
0336.png,76,95,Smoke,665,433,741,528
0336.png,95,139,Smoke,821,409,916,548
0336.png,107,221,Smoke,1021,320,1128,541
0336.png,32,158,Smoke,962,387,994,545
0336.png,29,218,Smoke,1163,358,1192,576
0336.png,124,174,Smoke,1250,378,1374,552
0336.png,144,113,Smoke,1776,443,1920,556
0336.png,65,197,Smoke,1617,423,1682,620
0336.png,69,59,Smoke,1690,579,1759,638
0336.png,50,116,Smoke,1431,426,1481,542
0336.png,76,92,Smoke,1768,310,1844,402
0336.png,55,46,Smoke,552,484,607,530
0336.png,23,113,Smoke,1214,464,1237,577
0336.png,57,57,Smoke,1773,313,1830,370
0337.png,55,84,Smoke,450,460,505,544
0337.png,76,95,Smoke,667,435,743,530
0337.png,95,139,Smoke,821,409,916,548
0337.png,107,221,Smoke,1021,319,1128,540
0337.png,32,158,Smoke,962,387,994,545
0337.png,29,218,Smoke,1163,358,1192,576
0337.png,124,174,Smoke,1250,378,1374,552
0337.png,144,113,Smoke,1776,443,1920,556
0337.png,65,197,Smoke,1617,422,1682,619
0337.png,69,59,Smoke,1690,579,1759,638
0337.png,50,116,Smoke,1431,425,1481,541
0337.png,76,92,Smoke,1768,310,1844,402
0337.png,55,46,Smoke,552,484,607,530
0337.png,23,113,Smoke,1214,464,1237,577
0337.png,57,57,Smoke,1773,313,1830,370
0338.png,55,84,Smoke,450,460,505,544
0338.png,76,95,Smoke,665,434,741,529
0338.png,95,139,Smoke,821,409,916,548
0338.png,107,221,Smoke,1021,319,1128,540
0338.png,32,158,Smoke,962,387,994,545
0338.png,29,218,Smoke,1163,358,1192,576
0338.png,124,174,Smoke,1251,378,1375,552
0338.png,144,113,Smoke,1776,443,1920,556
0338.png,65,197,Smoke,1617,423,1682,620
0338.png,69,59,Smoke,1691,579,1760,638
0338.png,50,116,Smoke,1431,426,1481,542
0338.png,76,92,Smoke,1768,310,1844,402
0338.png,55,46,Smoke,552,484,607,530
0338.png,23,113,Smoke,1214,464,1237,577
0338.png,57,57,Smoke,1773,313,1830,370
0339.png,55,84,Smoke,450,460,505,544
0339.png,76,95,Smoke,665,433,741,528
0339.png,95,139,Smoke,821,409,916,548
0339.png,107,221,Smoke,1021,319,1128,540
0339.png,32,158,Smoke,962,387,994,545
0339.png,29,218,Smoke,1163,358,1192,576
0339.png,124,174,Smoke,1251,378,1375,552
0339.png,144,113,Smoke,1776,443,1920,556
0339.png,65,197,Smoke,1617,422,1682,619
0339.png,69,59,Smoke,1690,579,1759,638
0339.png,50,116,Smoke,1431,426,1481,542
0339.png,76,92,Smoke,1768,310,1844,402
0339.png,55,46,Smoke,552,484,607,530
0339.png,23,113,Smoke,1214,464,1237,577
0339.png,57,57,Smoke,1773,313,1830,370
0340.png,55,84,Smoke,450,460,505,544
0340.png,76,95,Smoke,665,433,741,528
0340.png,95,139,Smoke,821,409,916,548
0340.png,107,221,Smoke,1021,320,1128,541
0340.png,32,158,Smoke,962,387,994,545
0340.png,29,218,Smoke,1163,358,1192,576
0340.png,124,174,Smoke,1251,378,1375,552
0340.png,144,113,Smoke,1776,443,1920,556
0340.png,65,197,Smoke,1617,423,1682,620
0340.png,69,59,Smoke,1690,579,1759,638
0340.png,50,116,Smoke,1431,426,1481,542
0340.png,76,92,Smoke,1768,310,1844,402
0340.png,55,46,Smoke,552,484,607,530
0340.png,23,113,Smoke,1214,464,1237,577
0340.png,57,57,Smoke,1773,313,1830,370
0341.png,55,84,Smoke,450,460,505,544
0341.png,76,95,Smoke,665,433,741,528
0341.png,95,139,Smoke,821,409,916,548
0341.png,107,221,Smoke,1021,319,1128,540
0341.png,32,158,Smoke,962,387,994,545
0341.png,29,218,Smoke,1163,358,1192,576
0341.png,124,174,Smoke,1251,378,1375,552
0341.png,144,113,Smoke,1776,443,1920,556
0341.png,65,197,Smoke,1617,422,1682,619
0341.png,69,59,Smoke,1690,579,1759,638
0341.png,50,116,Smoke,1431,426,1481,542
0341.png,76,92,Smoke,1768,310,1844,402
0341.png,55,46,Smoke,552,484,607,530
0341.png,23,113,Smoke,1214,464,1237,577
0341.png,57,57,Smoke,1773,313,1830,370
0341.png,55,46,Smoke,552,484,607,530
0342.png,55,84,Smoke,450,460,505,544
0342.png,76,95,Smoke,665,433,741,528
0342.png,95,139,Smoke,821,409,916,548
0342.png,107,221,Smoke,1021,319,1128,540
0342.png,32,158,Smoke,962,387,994,545
0342.png,29,218,Smoke,1163,358,1192,576
0342.png,124,174,Smoke,1251,376,1375,550
0342.png,144,113,Smoke,1776,443,1920,556
0342.png,65,197,Smoke,1617,423,1682,620
0342.png,69,59,Smoke,1690,579,1759,638
0342.png,50,116,Smoke,1431,426,1481,542
0342.png,76,92,Smoke,1768,310,1844,402
0342.png,23,113,Smoke,1214,464,1237,577
0342.png,57,57,Smoke,1773,313,1830,370
0342.png,55,46,Smoke,552,484,607,530
0343.png,55,84,Smoke,450,460,505,544
0343.png,76,95,Smoke,665,432,741,527
0343.png,95,139,Smoke,821,409,916,548
0343.png,107,221,Smoke,1021,319,1128,540
0343.png,32,158,Smoke,962,387,994,545
0343.png,29,218,Smoke,1163,358,1192,576
0343.png,124,174,Smoke,1251,378,1375,552
0343.png,144,113,Smoke,1776,443,1920,556
0343.png,65,197,Smoke,1617,422,1682,619
0343.png,69,59,Smoke,1690,579,1759,638
0343.png,50,116,Smoke,1431,426,1481,542
0343.png,76,92,Smoke,1768,310,1844,402
0343.png,23,113,Smoke,1214,464,1237,577
0343.png,57,57,Smoke,1773,313,1830,370
0344.png,55,84,Smoke,450,460,505,544
0344.png,76,95,Smoke,665,432,741,527
0344.png,95,139,Smoke,821,409,916,548
0344.png,107,221,Smoke,1021,320,1128,541
0344.png,32,158,Smoke,962,387,994,545
0344.png,29,218,Smoke,1163,358,1192,576
0344.png,124,174,Smoke,1251,378,1375,552
0344.png,144,113,Smoke,1776,443,1920,556
0344.png,65,197,Smoke,1617,423,1682,620
0344.png,69,59,Smoke,1690,579,1759,638
0344.png,50,116,Smoke,1431,426,1481,542
0344.png,76,92,Smoke,1768,310,1844,402
0344.png,55,46,Smoke,552,484,607,530
0344.png,23,113,Smoke,1214,464,1237,577
0344.png,57,57,Smoke,1773,313,1830,370
0345.png,55,84,Smoke,450,460,505,544
0345.png,76,95,Smoke,665,433,741,528
0345.png,95,139,Smoke,821,409,916,548
0345.png,107,221,Smoke,1021,319,1128,540
0345.png,32,158,Smoke,962,387,994,545
0345.png,29,218,Smoke,1163,358,1192,576
0345.png,124,174,Smoke,1251,378,1375,552
0345.png,143,113,Smoke,1777,438,1920,551
0345.png,65,197,Smoke,1617,422,1682,619
0345.png,69,59,Smoke,1690,580,1759,639
0345.png,50,116,Smoke,1431,426,1481,542
0345.png,76,92,Smoke,1768,310,1844,402
0345.png,55,46,Smoke,552,484,607,530
0345.png,23,113,Smoke,1214,464,1237,577
0345.png,57,57,Smoke,1773,313,1830,370
0346.png,55,84,Smoke,450,460,505,544
0346.png,76,95,Smoke,665,433,741,528
0346.png,95,139,Smoke,821,409,916,548
0346.png,107,221,Smoke,1021,317,1128,538
0346.png,32,158,Smoke,962,387,994,545
0346.png,29,218,Smoke,1163,356,1192,574
0346.png,124,174,Smoke,1251,378,1375,552
0346.png,143,113,Smoke,1777,439,1920,552
0346.png,65,197,Smoke,1617,423,1682,620
0346.png,69,59,Smoke,1690,580,1759,639
0346.png,50,116,Smoke,1431,426,1481,542
0346.png,76,92,Smoke,1768,310,1844,402
0346.png,55,46,Smoke,552,484,607,530
0346.png,23,113,Smoke,1214,464,1237,577
0346.png,57,57,Smoke,1773,313,1830,370
0347.png,55,84,Smoke,450,460,505,544
0347.png,76,95,Smoke,665,433,741,528
0347.png,95,139,Smoke,821,409,916,548
0347.png,107,221,Smoke,1021,319,1128,540
0347.png,32,158,Smoke,962,387,994,545
0347.png,29,218,Smoke,1163,356,1192,574
0347.png,124,174,Smoke,1251,378,1375,552
0347.png,143,113,Smoke,1777,439,1920,552
0347.png,65,197,Smoke,1617,422,1682,619
0347.png,69,59,Smoke,1690,578,1759,637
0347.png,50,116,Smoke,1431,426,1481,542
0347.png,76,92,Smoke,1768,310,1844,402
0347.png,55,46,Smoke,552,484,607,530
0347.png,23,113,Smoke,1214,464,1237,577
0347.png,57,57,Smoke,1773,313,1830,370
0348.png,55,84,Smoke,450,460,505,544
0348.png,76,95,Smoke,665,433,741,528
0348.png,95,139,Smoke,821,409,916,548
0348.png,107,221,Smoke,1021,320,1128,541
0348.png,32,158,Smoke,962,387,994,545
0348.png,29,218,Smoke,1163,356,1192,574
0348.png,124,174,Smoke,1251,378,1375,552
0348.png,143,113,Smoke,1777,439,1920,552
0348.png,65,197,Smoke,1617,423,1682,620
0348.png,69,59,Smoke,1690,580,1759,639
0348.png,50,116,Smoke,1430,426,1480,542
0348.png,76,92,Smoke,1769,310,1845,402
0348.png,55,46,Smoke,552,483,607,529
0348.png,23,113,Smoke,1214,464,1237,577
0348.png,57,57,Smoke,1773,313,1830,370
0349.png,55,84,Smoke,450,460,505,544
0349.png,76,95,Smoke,665,433,741,528
0349.png,95,139,Smoke,821,408,916,547
0349.png,107,221,Smoke,1021,319,1128,540
0349.png,32,158,Smoke,962,387,994,545
0349.png,29,218,Smoke,1163,359,1192,577
0349.png,124,174,Smoke,1251,378,1375,552
0349.png,143,113,Smoke,1777,439,1920,552
0349.png,65,197,Smoke,1617,422,1682,619
0349.png,69,59,Smoke,1690,580,1759,639
0349.png,50,116,Smoke,1430,426,1480,542
0349.png,76,92,Smoke,1769,310,1845,402
0349.png,55,46,Smoke,552,483,607,529
0349.png,23,113,Smoke,1214,464,1237,577
0349.png,57,57,Smoke,1773,313,1830,370
0350.png,55,84,Smoke,450,460,505,544
0350.png,76,95,Smoke,665,433,741,528
0350.png,95,139,Smoke,821,408,916,547
0350.png,107,221,Smoke,1021,320,1128,541
0350.png,32,158,Smoke,962,387,994,545
0350.png,29,218,Smoke,1163,359,1192,577
0350.png,124,174,Smoke,1251,378,1375,552
0350.png,143,113,Smoke,1777,443,1920,556
0350.png,65,197,Smoke,1617,423,1682,620
0350.png,69,59,Smoke,1690,579,1759,638
0350.png,50,116,Smoke,1431,426,1481,542
0350.png,76,92,Smoke,1768,310,1844,402
0350.png,55,46,Smoke,552,483,607,529
0350.png,23,113,Smoke,1214,464,1237,577
0350.png,57,57,Smoke,1773,313,1830,370
0351.png,55,84,Smoke,450,460,505,544
0351.png,76,95,Smoke,665,433,741,528
0351.png,95,139,Smoke,821,407,916,546
0351.png,107,221,Smoke,1021,319,1128,540
0351.png,32,158,Smoke,962,387,994,545
0351.png,29,218,Smoke,1163,359,1192,577
0351.png,124,174,Smoke,1251,378,1375,552
0351.png,143,113,Smoke,1777,443,1920,556
0351.png,65,197,Smoke,1617,422,1682,619
0351.png,69,59,Smoke,1690,580,1759,639
0351.png,50,116,Smoke,1431,426,1481,542
0351.png,76,92,Smoke,1768,310,1844,402
0351.png,55,46,Smoke,552,483,607,529
0351.png,23,113,Smoke,1214,464,1237,577
0351.png,57,57,Smoke,1773,313,1830,370
0351.png,55,46,Smoke,552,483,607,529
0352.png,55,84,Smoke,450,460,505,544
0352.png,76,95,Smoke,665,433,741,528
0352.png,95,139,Smoke,821,407,916,546
0352.png,107,221,Smoke,1021,318,1128,539
0352.png,32,158,Smoke,962,387,994,545
0352.png,29,218,Smoke,1163,357,1192,575
0352.png,124,174,Smoke,1251,378,1375,552
0352.png,143,113,Smoke,1777,444,1920,557
0352.png,65,197,Smoke,1617,423,1682,620
0352.png,69,59,Smoke,1690,580,1759,639
0352.png,50,116,Smoke,1431,426,1481,542
0352.png,76,92,Smoke,1768,310,1844,402
0352.png,23,113,Smoke,1214,464,1237,577
0352.png,57,57,Smoke,1773,313,1830,370
0352.png,55,46,Smoke,552,483,607,529
0353.png,55,84,Smoke,450,460,505,544
0353.png,76,95,Smoke,665,433,741,528
0353.png,95,139,Smoke,821,407,916,546
0353.png,107,221,Smoke,1021,319,1128,540
0353.png,32,158,Smoke,962,387,994,545
0353.png,29,218,Smoke,1163,357,1192,575
0353.png,124,174,Smoke,1251,378,1375,552
0353.png,142,113,Smoke,1778,444,1920,557
0353.png,65,197,Smoke,1617,422,1682,619
0353.png,69,59,Smoke,1690,580,1759,639
0353.png,50,116,Smoke,1431,426,1481,542
0353.png,76,92,Smoke,1768,310,1844,402
0353.png,23,113,Smoke,1214,464,1237,577
0353.png,57,57,Smoke,1773,313,1830,370
0354.png,55,84,Smoke,450,460,505,544
0354.png,76,95,Smoke,665,433,741,528
0354.png,95,139,Smoke,821,408,916,547
0354.png,107,221,Smoke,1021,319,1128,540
0354.png,32,158,Smoke,962,387,994,545
0354.png,29,218,Smoke,1163,357,1192,575
0354.png,124,174,Smoke,1251,378,1375,552
0354.png,142,113,Smoke,1778,444,1920,557
0354.png,65,197,Smoke,1617,423,1682,620
0354.png,69,59,Smoke,1690,580,1759,639
0354.png,50,116,Smoke,1431,426,1481,542
0354.png,76,92,Smoke,1768,310,1844,402
0354.png,55,46,Smoke,552,483,607,529
0354.png,23,113,Smoke,1214,464,1237,577
0354.png,57,57,Smoke,1773,313,1830,370
0355.png,55,84,Smoke,450,460,505,544
0355.png,76,95,Smoke,665,433,741,528
0355.png,95,139,Smoke,821,408,916,547
0355.png,107,221,Smoke,1021,319,1128,540
0355.png,32,158,Smoke,961,387,993,545
0355.png,29,218,Smoke,1163,357,1192,575
0355.png,124,174,Smoke,1251,378,1375,552
0355.png,145,113,Smoke,1775,444,1920,557
0355.png,65,197,Smoke,1617,422,1682,619
0355.png,69,59,Smoke,1690,580,1759,639
0355.png,50,116,Smoke,1431,426,1481,542
0355.png,76,92,Smoke,1768,310,1844,402
0355.png,55,46,Smoke,552,484,607,530
0355.png,23,113,Smoke,1214,464,1237,577
0355.png,57,57,Smoke,1773,313,1830,370
0356.png,55,84,Smoke,450,460,505,544
0356.png,76,95,Smoke,666,433,742,528
0356.png,95,139,Smoke,821,407,916,546
0356.png,107,221,Smoke,1021,318,1128,539
0356.png,32,158,Smoke,962,387,994,545
0356.png,29,218,Smoke,1163,357,1192,575
0356.png,124,174,Smoke,1251,378,1375,552
0356.png,143,113,Smoke,1777,449,1920,562
0356.png,65,197,Smoke,1617,423,1682,620
0356.png,69,59,Smoke,1690,580,1759,639
0356.png,50,116,Smoke,1431,426,1481,542
0356.png,76,92,Smoke,1768,310,1844,402
0356.png,55,46,Smoke,552,482,607,528
0356.png,23,113,Smoke,1214,464,1237,577
0356.png,57,57,Smoke,1773,313,1830,370
0357.png,55,84,Smoke,450,460,505,544
0357.png,76,95,Smoke,665,433,741,528
0357.png,95,139,Smoke,821,407,916,546
0357.png,107,221,Smoke,1021,319,1128,540
0357.png,32,158,Smoke,962,387,994,545
0357.png,29,218,Smoke,1163,357,1192,575
0357.png,124,174,Smoke,1251,378,1375,552
0357.png,142,113,Smoke,1778,442,1920,555
0357.png,65,197,Smoke,1617,424,1682,621
0357.png,69,59,Smoke,1690,580,1759,639
0357.png,50,116,Smoke,1431,426,1481,542
0357.png,76,92,Smoke,1770,310,1846,402
0357.png,55,46,Smoke,552,484,607,530
0357.png,23,113,Smoke,1214,464,1237,577
0357.png,57,57,Smoke,1773,313,1830,370
0358.png,55,84,Smoke,450,460,505,544
0358.png,76,95,Smoke,665,433,741,528
0358.png,95,139,Smoke,821,407,916,546
0358.png,107,221,Smoke,1021,319,1128,540
0358.png,32,158,Smoke,962,387,994,545
0358.png,29,218,Smoke,1163,357,1192,575
0358.png,124,174,Smoke,1251,378,1375,552
0358.png,143,113,Smoke,1777,443,1920,556
0358.png,65,197,Smoke,1617,423,1682,620
0358.png,69,59,Smoke,1690,580,1759,639
0358.png,50,116,Smoke,1431,426,1481,542
0358.png,76,92,Smoke,1767,310,1843,402
0358.png,55,46,Smoke,552,482,607,528
0358.png,23,113,Smoke,1214,464,1237,577
0358.png,57,57,Smoke,1773,313,1830,370
0359.png,55,84,Smoke,450,460,505,544
0359.png,76,95,Smoke,666,433,742,528
0359.png,95,139,Smoke,821,407,916,546
0359.png,107,221,Smoke,1021,319,1128,540
0359.png,32,158,Smoke,962,387,994,545
0359.png,29,218,Smoke,1163,357,1192,575
0359.png,124,174,Smoke,1251,378,1375,552
0359.png,142,113,Smoke,1778,443,1920,556
0359.png,65,197,Smoke,1617,424,1682,621
0359.png,69,59,Smoke,1691,580,1760,639
0359.png,50,116,Smoke,1431,426,1481,542
0359.png,76,92,Smoke,1768,310,1844,402
0359.png,55,46,Smoke,552,484,607,530
0359.png,23,113,Smoke,1214,464,1237,577
0359.png,57,57,Smoke,1773,313,1830,370
0360.png,55,84,Smoke,450,460,505,544
0360.png,76,95,Smoke,666,433,742,528
0360.png,95,139,Smoke,821,407,916,546
0360.png,107,221,Smoke,1021,319,1128,540
0360.png,32,158,Smoke,962,387,994,545
0360.png,29,218,Smoke,1163,357,1192,575
0360.png,124,174,Smoke,1251,378,1375,552
0360.png,143,113,Smoke,1777,443,1920,556
0360.png,65,197,Smoke,1617,423,1682,620
0360.png,69,59,Smoke,1691,580,1760,639
0360.png,50,116,Smoke,1431,426,1481,542
0360.png,76,92,Smoke,1768,310,1844,402
0360.png,55,46,Smoke,552,484,607,530
0360.png,23,113,Smoke,1214,464,1237,577
0360.png,57,57,Smoke,1773,313,1830,370
0361.png,55,84,Smoke,450,460,505,544
0361.png,76,95,Smoke,665,432,741,527
0361.png,95,139,Smoke,821,406,916,545
0361.png,107,221,Smoke,1021,319,1128,540
0361.png,32,158,Smoke,962,387,994,545
0361.png,29,218,Smoke,1163,357,1192,575
0361.png,124,174,Smoke,1251,378,1375,552
0361.png,143,113,Smoke,1777,443,1920,556
0361.png,65,197,Smoke,1617,422,1682,619
0361.png,69,59,Smoke,1691,580,1760,639
0361.png,50,116,Smoke,1431,426,1481,542
0361.png,76,92,Smoke,1769,310,1845,402
0361.png,55,46,Smoke,552,484,607,530
0361.png,23,113,Smoke,1214,464,1237,577
0361.png,57,57,Smoke,1773,313,1830,370
0361.png,55,46,Smoke,552,484,607,530
0362.png,55,84,Smoke,450,460,505,544
0362.png,76,95,Smoke,665,433,741,528
0362.png,95,139,Smoke,821,406,916,545
0362.png,107,221,Smoke,1021,318,1128,539
0362.png,32,158,Smoke,962,388,994,546
0362.png,29,218,Smoke,1163,357,1192,575
0362.png,124,174,Smoke,1251,378,1375,552
0362.png,143,113,Smoke,1777,442,1920,555
0362.png,65,197,Smoke,1617,423,1682,620
0362.png,69,59,Smoke,1691,580,1760,639
0362.png,50,116,Smoke,1431,426,1481,542
0362.png,76,92,Smoke,1769,310,1845,402
0362.png,23,113,Smoke,1214,464,1237,577
0362.png,57,57,Smoke,1773,313,1830,370
0362.png,55,46,Smoke,552,484,607,530
0363.png,55,84,Smoke,450,460,505,544
0363.png,76,95,Smoke,665,430,741,525
0363.png,95,139,Smoke,821,407,916,546
0363.png,107,221,Smoke,1021,319,1128,540
0363.png,32,158,Smoke,962,389,994,547
0363.png,29,218,Smoke,1163,355,1192,573
0363.png,124,174,Smoke,1251,378,1375,552
0363.png,143,113,Smoke,1777,443,1920,556
0363.png,65,197,Smoke,1617,422,1682,619
0363.png,69,59,Smoke,1691,580,1760,639
0363.png,50,116,Smoke,1431,426,1481,542
0363.png,76,92,Smoke,1769,310,1845,402
0363.png,23,113,Smoke,1214,464,1237,577
0363.png,57,57,Smoke,1773,313,1830,370
0364.png,55,84,Smoke,450,460,505,544
0364.png,76,95,Smoke,665,431,741,526
0364.png,95,139,Smoke,821,407,916,546
0364.png,107,221,Smoke,1021,319,1128,540
0364.png,32,158,Smoke,963,387,995,545
0364.png,29,218,Smoke,1163,355,1192,573
0364.png,124,174,Smoke,1251,378,1375,552
0364.png,142,113,Smoke,1778,443,1920,556
0364.png,65,197,Smoke,1617,423,1682,620
0364.png,69,59,Smoke,1691,580,1760,639
0364.png,50,116,Smoke,1431,426,1481,542
0364.png,76,92,Smoke,1768,310,1844,402
0364.png,55,46,Smoke,552,484,607,530
0364.png,23,113,Smoke,1214,464,1237,577
0364.png,57,57,Smoke,1773,313,1830,370
0365.png,55,84,Smoke,450,460,505,544
0365.png,76,95,Smoke,666,431,742,526
0365.png,95,139,Smoke,821,406,916,545
0365.png,107,221,Smoke,1021,319,1128,540
0365.png,32,158,Smoke,962,387,994,545
0365.png,29,218,Smoke,1163,355,1192,573
0365.png,124,174,Smoke,1251,378,1375,552
0365.png,142,113,Smoke,1778,443,1920,556
0365.png,65,197,Smoke,1617,422,1682,619
0365.png,69,59,Smoke,1691,580,1760,639
0365.png,50,116,Smoke,1431,426,1481,542
0365.png,76,92,Smoke,1768,310,1844,402
0365.png,55,46,Smoke,552,484,607,530
0365.png,23,113,Smoke,1214,464,1237,577
0365.png,57,57,Smoke,1773,313,1830,370
0366.png,55,84,Smoke,450,460,505,544
0366.png,76,95,Smoke,666,430,742,525
0366.png,95,139,Smoke,821,406,916,545
0366.png,107,221,Smoke,1021,319,1128,540
0366.png,32,158,Smoke,962,387,994,545
0366.png,29,218,Smoke,1163,355,1192,573
0366.png,124,174,Smoke,1251,378,1375,552
0366.png,142,113,Smoke,1778,443,1920,556
0366.png,65,197,Smoke,1617,422,1682,619
0366.png,69,59,Smoke,1691,580,1760,639
0366.png,50,116,Smoke,1431,426,1481,542
0366.png,76,92,Smoke,1768,311,1844,403
0366.png,55,46,Smoke,552,484,607,530
0366.png,23,113,Smoke,1214,464,1237,577
0366.png,57,57,Smoke,1773,313,1830,370
0367.png,55,84,Smoke,450,460,505,544
0367.png,76,95,Smoke,666,430,742,525
0367.png,95,139,Smoke,821,406,916,545
0367.png,107,221,Smoke,1021,319,1128,540
0367.png,32,158,Smoke,962,387,994,545
0367.png,29,218,Smoke,1163,357,1192,575
0367.png,124,174,Smoke,1251,378,1375,552
0367.png,142,113,Smoke,1778,443,1920,556
0367.png,65,197,Smoke,1617,422,1682,619
0367.png,69,59,Smoke,1691,580,1760,639
0367.png,50,116,Smoke,1431,426,1481,542
0367.png,76,92,Smoke,1768,311,1844,403
0367.png,55,46,Smoke,552,484,607,530
0367.png,23,113,Smoke,1214,464,1237,577
0367.png,57,57,Smoke,1773,313,1830,370
0368.png,55,84,Smoke,450,460,505,544
0368.png,76,95,Smoke,666,430,742,525
0368.png,95,139,Smoke,821,406,916,545
0368.png,107,221,Smoke,1021,319,1128,540
0368.png,32,158,Smoke,962,387,994,545
0368.png,29,218,Smoke,1163,355,1192,573
0368.png,124,174,Smoke,1251,378,1375,552
0368.png,142,113,Smoke,1778,443,1920,556
0368.png,65,197,Smoke,1617,423,1682,620
0368.png,69,59,Smoke,1691,580,1760,639
0368.png,50,116,Smoke,1431,427,1481,543
0368.png,76,92,Smoke,1768,310,1844,402
0368.png,55,46,Smoke,552,484,607,530
0368.png,23,113,Smoke,1214,464,1237,577
0368.png,57,57,Smoke,1773,313,1830,370
0369.png,55,84,Smoke,450,460,505,544
0369.png,76,95,Smoke,666,430,742,525
0369.png,95,139,Smoke,821,407,916,546
0369.png,107,221,Smoke,1021,319,1128,540
0369.png,32,158,Smoke,962,387,994,545
0369.png,29,218,Smoke,1163,357,1192,575
0369.png,124,174,Smoke,1251,378,1375,552
0369.png,142,113,Smoke,1778,443,1920,556
0369.png,65,197,Smoke,1617,422,1682,619
0369.png,69,59,Smoke,1691,580,1760,639
0369.png,50,116,Smoke,1431,427,1481,543
0369.png,76,92,Smoke,1768,311,1844,403
0369.png,55,46,Smoke,552,484,607,530
0369.png,23,113,Smoke,1214,464,1237,577
0369.png,57,57,Smoke,1773,313,1830,370
0370.png,55,84,Smoke,450,460,505,544
0370.png,76,95,Smoke,666,432,742,527
0370.png,95,139,Smoke,821,409,916,548
0370.png,107,221,Smoke,1021,319,1128,540
0370.png,32,158,Smoke,962,387,994,545
0370.png,29,218,Smoke,1163,357,1192,575
0370.png,124,174,Smoke,1251,378,1375,552
0370.png,142,113,Smoke,1778,443,1920,556
0370.png,65,197,Smoke,1617,421,1682,618
0370.png,69,59,Smoke,1691,580,1760,639
0370.png,50,116,Smoke,1431,427,1481,543
0370.png,76,92,Smoke,1767,310,1843,402
0370.png,55,46,Smoke,552,484,607,530
0370.png,23,113,Smoke,1214,464,1237,577
0370.png,57,57,Smoke,1773,313,1830,370
0371.png,55,84,Smoke,450,460,505,544
0371.png,76,95,Smoke,666,433,742,528
0371.png,95,139,Smoke,821,408,916,547
0371.png,107,221,Smoke,1021,319,1128,540
0371.png,32,158,Smoke,962,387,994,545
0371.png,29,218,Smoke,1163,357,1192,575
0371.png,124,174,Smoke,1250,378,1374,552
0371.png,142,113,Smoke,1778,443,1920,556
0371.png,65,197,Smoke,1617,422,1682,619
0371.png,69,59,Smoke,1691,580,1760,639
0371.png,50,116,Smoke,1431,427,1481,543
0371.png,76,92,Smoke,1767,310,1843,402
0371.png,55,46,Smoke,552,484,607,530
0371.png,23,113,Smoke,1214,464,1237,577
0371.png,57,57,Smoke,1773,313,1830,370
0371.png,55,46,Smoke,552,484,607,530
0372.png,55,84,Smoke,450,460,505,544
0372.png,76,95,Smoke,666,434,742,529
0372.png,95,139,Smoke,821,408,916,547
0372.png,107,221,Smoke,1021,319,1128,540
0372.png,32,158,Smoke,962,387,994,545
0372.png,29,218,Smoke,1163,357,1192,575
0372.png,124,174,Smoke,1250,378,1374,552
0372.png,142,113,Smoke,1778,443,1920,556
0372.png,65,197,Smoke,1617,422,1682,619
0372.png,69,59,Smoke,1691,580,1760,639
0372.png,50,116,Smoke,1431,426,1481,542
0372.png,76,92,Smoke,1768,310,1844,402
0372.png,23,113,Smoke,1214,464,1237,577
0372.png,57,57,Smoke,1773,313,1830,370
0372.png,55,46,Smoke,552,484,607,530
0373.png,55,84,Smoke,450,460,505,544
0373.png,76,95,Smoke,666,432,742,527
0373.png,95,139,Smoke,821,408,916,547
0373.png,107,221,Smoke,1021,319,1128,540
0373.png,32,158,Smoke,962,387,994,545
0373.png,29,218,Smoke,1163,357,1192,575
0373.png,124,174,Smoke,1250,378,1374,552
0373.png,141,113,Smoke,1779,443,1920,556
0373.png,65,197,Smoke,1616,422,1681,619
0373.png,69,59,Smoke,1691,580,1760,639
0373.png,50,116,Smoke,1431,427,1481,543
0373.png,76,92,Smoke,1767,310,1843,402
0373.png,23,113,Smoke,1214,464,1237,577
0373.png,57,57,Smoke,1773,313,1830,370
0374.png,55,84,Smoke,450,460,505,544
0374.png,76,95,Smoke,666,431,742,526
0374.png,95,139,Smoke,821,408,916,547
0374.png,107,221,Smoke,1021,318,1128,539
0374.png,32,158,Smoke,962,387,994,545
0374.png,29,218,Smoke,1163,357,1192,575
0374.png,124,174,Smoke,1250,378,1374,552
0374.png,142,113,Smoke,1778,443,1920,556
0374.png,65,197,Smoke,1617,421,1682,618
0374.png,69,59,Smoke,1691,580,1760,639
0374.png,50,116,Smoke,1431,427,1481,543
0374.png,76,92,Smoke,1767,310,1843,402
0374.png,55,46,Smoke,552,484,607,530
0374.png,23,113,Smoke,1214,464,1237,577
0374.png,57,57,Smoke,1773,313,1830,370
0375.png,55,84,Smoke,450,460,505,544
0375.png,76,95,Smoke,666,434,742,529
0375.png,95,139,Smoke,821,409,916,548
0375.png,107,221,Smoke,1021,319,1128,540
0375.png,32,158,Smoke,962,387,994,545
0375.png,29,218,Smoke,1163,357,1192,575
0375.png,124,174,Smoke,1250,378,1374,552
0375.png,141,113,Smoke,1779,442,1920,555
0375.png,65,197,Smoke,1617,421,1682,618
0375.png,69,59,Smoke,1691,580,1760,639
0375.png,50,116,Smoke,1431,427,1481,543
0375.png,76,92,Smoke,1767,310,1843,402
0375.png,55,46,Smoke,552,484,607,530
0375.png,23,113,Smoke,1214,464,1237,577
0375.png,57,57,Smoke,1773,313,1830,370
0376.png,55,84,Smoke,450,460,505,544
0376.png,86,107,Smoke,655,433,741,540
0376.png,95,139,Smoke,821,409,916,548
0376.png,107,221,Smoke,1021,318,1128,539
0376.png,32,158,Smoke,962,387,994,545
0376.png,29,218,Smoke,1163,357,1192,575
0376.png,124,174,Smoke,1250,378,1374,552
0376.png,141,113,Smoke,1779,442,1920,555
0376.png,65,197,Smoke,1617,423,1682,620
0376.png,69,59,Smoke,1691,580,1760,639
0376.png,50,116,Smoke,1431,427,1481,543
0376.png,76,92,Smoke,1767,310,1843,402
0376.png,55,80,Smoke,546,422,601,502
0376.png,23,113,Smoke,1214,464,1237,577
0376.png,57,57,Smoke,1773,313,1830,370
0377.png,55,84,Smoke,450,460,505,544
0377.png,86,107,Smoke,655,433,741,540
0377.png,95,139,Smoke,821,409,916,548
0377.png,107,221,Smoke,1021,319,1128,540
0377.png,32,158,Smoke,962,387,994,545
0377.png,29,218,Smoke,1163,357,1192,575
0377.png,124,174,Smoke,1250,378,1374,552
0377.png,141,113,Smoke,1779,442,1920,555
0377.png,65,197,Smoke,1617,422,1682,619
0377.png,69,59,Smoke,1691,580,1760,639
0377.png,50,116,Smoke,1431,427,1481,543
0377.png,76,92,Smoke,1767,310,1843,402
0377.png,55,80,Smoke,546,421,601,501
0377.png,23,113,Smoke,1214,464,1237,577
0377.png,57,57,Smoke,1773,313,1830,370
0378.png,55,84,Smoke,450,460,505,544
0378.png,86,107,Smoke,655,433,741,540
0378.png,95,139,Smoke,821,409,916,548
0378.png,107,221,Smoke,1020,318,1127,539
0378.png,32,158,Smoke,962,387,994,545
0378.png,29,218,Smoke,1163,357,1192,575
0378.png,124,174,Smoke,1250,378,1374,552
0378.png,141,113,Smoke,1779,442,1920,555
0378.png,65,197,Smoke,1617,423,1682,620
0378.png,69,59,Smoke,1691,580,1760,639
0378.png,50,116,Smoke,1431,427,1481,543
0378.png,76,92,Smoke,1767,310,1843,402
0378.png,55,80,Smoke,546,422,601,502
0378.png,23,113,Smoke,1214,464,1237,577
0378.png,57,57,Smoke,1773,313,1830,370
0379.png,55,84,Smoke,450,460,505,544
0379.png,86,107,Smoke,655,432,741,539
0379.png,95,139,Smoke,821,409,916,548
0379.png,107,221,Smoke,1021,319,1128,540
0379.png,32,158,Smoke,962,387,994,545
0379.png,29,218,Smoke,1163,357,1192,575
0379.png,124,174,Smoke,1250,378,1374,552
0379.png,141,113,Smoke,1779,441,1920,554
0379.png,65,197,Smoke,1617,422,1682,619
0379.png,69,59,Smoke,1691,580,1760,639
0379.png,50,116,Smoke,1431,427,1481,543
0379.png,76,92,Smoke,1767,310,1843,402
0379.png,55,80,Smoke,546,422,601,502
0379.png,23,113,Smoke,1214,464,1237,577
0379.png,57,57,Smoke,1773,313,1830,370
0380.png,55,84,Smoke,450,460,505,544
0380.png,86,107,Smoke,654,433,740,540
0380.png,95,139,Smoke,821,410,916,549
0380.png,107,221,Smoke,1020,318,1127,539
0380.png,32,158,Smoke,962,387,994,545
0380.png,29,218,Smoke,1163,357,1192,575
0380.png,124,174,Smoke,1250,378,1374,552
0380.png,143,113,Smoke,1777,442,1920,555
0380.png,65,197,Smoke,1617,423,1682,620
0380.png,69,59,Smoke,1691,580,1760,639
0380.png,50,116,Smoke,1431,428,1481,544
0380.png,76,92,Smoke,1767,310,1843,402
0380.png,55,80,Smoke,546,422,601,502
0380.png,23,113,Smoke,1214,464,1237,577
0380.png,57,57,Smoke,1773,313,1830,370
0381.png,55,84,Smoke,450,460,505,544
0381.png,86,107,Smoke,654,433,740,540
0381.png,95,139,Smoke,821,410,916,549
0381.png,107,221,Smoke,1021,319,1128,540
0381.png,32,158,Smoke,962,387,994,545
0381.png,29,218,Smoke,1163,357,1192,575
0381.png,124,174,Smoke,1250,378,1374,552
0381.png,144,113,Smoke,1776,443,1920,556
0381.png,65,197,Smoke,1617,422,1682,619
0381.png,69,59,Smoke,1691,580,1760,639
0381.png,50,116,Smoke,1431,427,1481,543
0381.png,76,92,Smoke,1767,310,1843,402
0381.png,55,80,Smoke,546,422,601,502
0381.png,23,113,Smoke,1214,464,1237,577
0381.png,57,57,Smoke,1773,313,1830,370
0381.png,55,80,Smoke,546,422,601,502
0382.png,55,84,Smoke,450,460,505,544
0382.png,86,107,Smoke,655,432,741,539
0382.png,95,139,Smoke,821,409,916,548
0382.png,107,221,Smoke,1022,319,1129,540
0382.png,32,158,Smoke,962,387,994,545
0382.png,29,218,Smoke,1163,357,1192,575
0382.png,124,174,Smoke,1249,378,1373,552
0382.png,144,113,Smoke,1776,444,1920,557
0382.png,65,197,Smoke,1617,421,1682,618
0382.png,69,59,Smoke,1691,579,1760,638
0382.png,50,116,Smoke,1431,427,1481,543
0382.png,76,92,Smoke,1767,310,1843,402
0382.png,23,113,Smoke,1214,464,1237,577
0382.png,57,57,Smoke,1773,313,1830,370
0382.png,55,80,Smoke,546,422,601,502
0383.png,55,84,Smoke,450,460,505,544
0383.png,86,107,Smoke,655,432,741,539
0383.png,95,139,Smoke,821,409,916,548
0383.png,107,221,Smoke,1022,319,1129,540
0383.png,32,158,Smoke,962,387,994,545
0383.png,29,218,Smoke,1163,357,1192,575
0383.png,124,174,Smoke,1250,378,1374,552
0383.png,144,113,Smoke,1776,443,1920,556
0383.png,65,197,Smoke,1617,422,1682,619
0383.png,69,59,Smoke,1691,580,1760,639
0383.png,50,116,Smoke,1431,427,1481,543
0383.png,76,92,Smoke,1768,310,1844,402
0383.png,23,113,Smoke,1214,464,1237,577
0383.png,57,57,Smoke,1773,313,1830,370
0384.png,55,84,Smoke,450,460,505,544
0384.png,86,107,Smoke,654,432,740,539
0384.png,95,139,Smoke,821,409,916,548
0384.png,107,221,Smoke,1022,319,1129,540
0384.png,32,158,Smoke,962,387,994,545
0384.png,29,218,Smoke,1163,357,1192,575
0384.png,124,174,Smoke,1249,378,1373,552
0384.png,144,113,Smoke,1776,445,1920,558
0384.png,65,197,Smoke,1617,421,1682,618
0384.png,69,59,Smoke,1691,580,1760,639
0384.png,50,116,Smoke,1431,427,1481,543
0384.png,76,92,Smoke,1767,309,1843,401
0384.png,55,80,Smoke,546,422,601,502
0384.png,23,113,Smoke,1214,464,1237,577
0384.png,57,57,Smoke,1773,313,1830,370
0385.png,55,84,Smoke,450,460,505,544
0385.png,86,107,Smoke,654,432,740,539
0385.png,95,139,Smoke,821,409,916,548
0385.png,107,221,Smoke,1022,319,1129,540
0385.png,32,158,Smoke,962,387,994,545
0385.png,29,218,Smoke,1163,357,1192,575
0385.png,124,174,Smoke,1249,378,1373,552
0385.png,143,113,Smoke,1777,442,1920,555
0385.png,65,197,Smoke,1617,422,1682,619
0385.png,69,59,Smoke,1691,579,1760,638
0385.png,50,116,Smoke,1431,427,1481,543
0385.png,76,92,Smoke,1768,310,1844,402
0385.png,55,80,Smoke,546,422,601,502
0385.png,23,113,Smoke,1214,464,1237,577
0385.png,57,57,Smoke,1773,313,1830,370
0386.png,55,84,Smoke,450,460,505,544
0386.png,86,107,Smoke,656,431,742,538
0386.png,95,139,Smoke,821,409,916,548
0386.png,107,221,Smoke,1022,319,1129,540
0386.png,32,158,Smoke,962,387,994,545
0386.png,29,218,Smoke,1163,357,1192,575
0386.png,124,174,Smoke,1249,378,1373,552
0386.png,143,113,Smoke,1777,442,1920,555
0386.png,65,197,Smoke,1617,421,1682,618
0386.png,69,59,Smoke,1691,580,1760,639
0386.png,50,116,Smoke,1431,427,1481,543
0386.png,76,92,Smoke,1768,310,1844,402
0386.png,55,80,Smoke,546,422,601,502
0386.png,23,113,Smoke,1214,464,1237,577
0386.png,57,57,Smoke,1773,313,1830,370
0387.png,55,84,Smoke,450,460,505,544
0387.png,86,107,Smoke,656,431,742,538
0387.png,95,139,Smoke,821,409,916,548
0387.png,107,221,Smoke,1022,319,1129,540
0387.png,32,158,Smoke,962,387,994,545
0387.png,29,218,Smoke,1163,357,1192,575
0387.png,124,174,Smoke,1249,378,1373,552
0387.png,143,113,Smoke,1777,441,1920,554
0387.png,65,197,Smoke,1617,420,1682,617
0387.png,69,59,Smoke,1691,580,1760,639
0387.png,50,116,Smoke,1431,428,1481,544
0387.png,76,92,Smoke,1768,311,1844,403
0387.png,55,80,Smoke,546,421,601,501
0387.png,23,113,Smoke,1214,464,1237,577
0387.png,57,57,Smoke,1773,313,1830,370
0388.png,55,84,Smoke,450,460,505,544
0388.png,86,107,Smoke,656,431,742,538
0388.png,95,139,Smoke,821,409,916,548
0388.png,107,221,Smoke,1022,319,1129,540
0388.png,32,158,Smoke,962,387,994,545
0388.png,29,218,Smoke,1163,357,1192,575
0388.png,124,174,Smoke,1249,378,1373,552
0388.png,143,113,Smoke,1777,442,1920,555
0388.png,65,197,Smoke,1617,421,1682,618
0388.png,69,59,Smoke,1691,579,1760,638
0388.png,50,116,Smoke,1431,428,1481,544
0388.png,76,92,Smoke,1768,310,1844,402
0388.png,55,80,Smoke,546,421,601,501
0388.png,23,113,Smoke,1214,464,1237,577
0388.png,57,57,Smoke,1773,313,1830,370
0389.png,55,84,Smoke,450,460,505,544
0389.png,86,107,Smoke,656,431,742,538
0389.png,95,139,Smoke,821,409,916,548
0389.png,107,221,Smoke,1022,319,1129,540
0389.png,32,158,Smoke,962,387,994,545
0389.png,29,218,Smoke,1163,357,1192,575
0389.png,124,174,Smoke,1249,378,1373,552
0389.png,143,113,Smoke,1777,442,1920,555
0389.png,65,197,Smoke,1617,422,1682,619
0389.png,69,59,Smoke,1691,579,1760,638
0389.png,50,116,Smoke,1431,428,1481,544
0389.png,76,92,Smoke,1768,310,1844,402
0389.png,55,80,Smoke,546,421,601,501
0389.png,23,113,Smoke,1214,464,1237,577
0389.png,57,57,Smoke,1773,313,1830,370
0390.png,55,84,Smoke,450,460,505,544
0390.png,86,107,Smoke,656,431,742,538
0390.png,95,139,Smoke,821,409,916,548
0390.png,107,221,Smoke,1022,319,1129,540
0390.png,32,158,Smoke,962,387,994,545
0390.png,29,218,Smoke,1163,357,1192,575
0390.png,124,174,Smoke,1249,378,1373,552
0390.png,143,113,Smoke,1777,442,1920,555
0390.png,65,197,Smoke,1617,421,1682,618
0390.png,69,59,Smoke,1691,579,1760,638
0390.png,50,116,Smoke,1431,427,1481,543
0390.png,76,92,Smoke,1768,310,1844,402
0390.png,55,80,Smoke,546,421,601,501
0390.png,23,113,Smoke,1214,464,1237,577
0390.png,57,57,Smoke,1773,313,1830,370
0391.png,55,84,Smoke,450,460,505,544
0391.png,86,107,Smoke,656,431,742,538
0391.png,95,139,Smoke,821,409,916,548
0391.png,107,221,Smoke,1022,318,1129,539
0391.png,32,158,Smoke,962,387,994,545
0391.png,29,218,Smoke,1163,357,1192,575
0391.png,124,174,Smoke,1250,378,1374,552
0391.png,143,113,Smoke,1777,441,1920,554
0391.png,65,197,Smoke,1617,422,1682,619
0391.png,69,59,Smoke,1691,579,1760,638
0391.png,50,116,Smoke,1431,428,1481,544
0391.png,76,92,Smoke,1768,310,1844,402
0391.png,55,80,Smoke,546,421,601,501
0391.png,23,113,Smoke,1214,464,1237,577
0391.png,57,57,Smoke,1773,313,1830,370
0391.png,55,80,Smoke,546,421,601,501
0392.png,55,84,Smoke,450,460,505,544
0392.png,86,107,Smoke,656,431,742,538
0392.png,95,139,Smoke,821,409,916,548
0392.png,107,221,Smoke,1022,317,1129,538
0392.png,32,158,Smoke,962,387,994,545
0392.png,29,218,Smoke,1163,357,1192,575
0392.png,124,174,Smoke,1250,378,1374,552
0392.png,143,113,Smoke,1777,441,1920,554
0392.png,65,197,Smoke,1617,422,1682,619
0392.png,69,59,Smoke,1691,579,1760,638
0392.png,50,116,Smoke,1431,428,1481,544
0392.png,76,92,Smoke,1768,310,1844,402
0392.png,23,113,Smoke,1214,464,1237,577
0392.png,57,57,Smoke,1773,313,1830,370
0392.png,55,80,Smoke,546,421,601,501
0393.png,55,84,Smoke,450,460,505,544
0393.png,86,107,Smoke,656,431,742,538
0393.png,95,139,Smoke,821,409,916,548
0393.png,107,221,Smoke,1022,318,1129,539
0393.png,32,158,Smoke,962,387,994,545
0393.png,29,218,Smoke,1163,357,1192,575
0393.png,124,174,Smoke,1250,378,1374,552
0393.png,143,113,Smoke,1777,442,1920,555
0393.png,65,197,Smoke,1616,422,1681,619
0393.png,69,59,Smoke,1691,579,1760,638
0393.png,50,116,Smoke,1431,428,1481,544
0393.png,76,92,Smoke,1768,310,1844,402
0393.png,23,113,Smoke,1214,464,1237,577
0393.png,57,57,Smoke,1773,313,1830,370
0394.png,55,84,Smoke,450,460,505,544
0394.png,86,107,Smoke,656,431,742,538
0394.png,95,139,Smoke,821,410,916,549
0394.png,107,221,Smoke,1022,318,1129,539
0394.png,32,158,Smoke,962,387,994,545
0394.png,29,218,Smoke,1163,357,1192,575
0394.png,124,174,Smoke,1250,378,1374,552
0394.png,143,113,Smoke,1777,442,1920,555
0394.png,65,197,Smoke,1617,421,1682,618
0394.png,69,59,Smoke,1691,579,1760,638
0394.png,50,116,Smoke,1431,428,1481,544
0394.png,76,92,Smoke,1768,310,1844,402
0394.png,55,80,Smoke,546,421,601,501
0394.png,23,113,Smoke,1214,464,1237,577
0394.png,57,57,Smoke,1773,313,1830,370
0395.png,55,84,Smoke,450,460,505,544
0395.png,86,107,Smoke,656,431,742,538
0395.png,95,139,Smoke,821,409,916,548
0395.png,107,221,Smoke,1022,318,1129,539
0395.png,32,158,Smoke,962,387,994,545
0395.png,29,218,Smoke,1163,357,1192,575
0395.png,124,174,Smoke,1250,378,1374,552
0395.png,144,113,Smoke,1776,442,1920,555
0395.png,65,197,Smoke,1617,422,1682,619
0395.png,69,59,Smoke,1691,579,1760,638
0395.png,50,116,Smoke,1431,428,1481,544
0395.png,76,92,Smoke,1768,310,1844,402
0395.png,55,80,Smoke,546,420,601,500
0395.png,23,113,Smoke,1214,464,1237,577
0395.png,57,57,Smoke,1773,313,1830,370
0396.png,55,84,Smoke,450,460,505,544
0396.png,86,107,Smoke,656,431,742,538
0396.png,95,139,Smoke,821,410,916,549
0396.png,107,221,Smoke,1022,317,1129,538
0396.png,32,158,Smoke,962,387,994,545
0396.png,29,218,Smoke,1163,357,1192,575
0396.png,124,174,Smoke,1250,378,1374,552
0396.png,144,113,Smoke,1776,443,1920,556
0396.png,65,197,Smoke,1617,421,1682,618
0396.png,69,59,Smoke,1691,579,1760,638
0396.png,50,116,Smoke,1431,428,1481,544
0396.png,76,92,Smoke,1768,310,1844,402
0396.png,55,80,Smoke,546,421,601,501
0396.png,23,113,Smoke,1214,464,1237,577
0396.png,57,57,Smoke,1773,313,1830,370
0397.png,55,84,Smoke,450,460,505,544
0397.png,86,107,Smoke,656,431,742,538
0397.png,95,139,Smoke,821,409,916,548
0397.png,107,221,Smoke,1021,318,1128,539
0397.png,32,158,Smoke,962,387,994,545
0397.png,29,218,Smoke,1163,357,1192,575
0397.png,124,174,Smoke,1251,378,1375,552
0397.png,144,113,Smoke,1776,446,1920,559
0397.png,65,197,Smoke,1617,422,1682,619
0397.png,69,59,Smoke,1691,579,1760,638
0397.png,50,116,Smoke,1430,428,1480,544
0397.png,76,92,Smoke,1768,310,1844,402
0397.png,55,80,Smoke,546,420,601,500
0397.png,23,113,Smoke,1214,464,1237,577
0397.png,57,57,Smoke,1773,313,1830,370
0398.png,55,84,Smoke,450,460,505,544
0398.png,86,107,Smoke,656,431,742,538
0398.png,95,139,Smoke,821,410,916,549
0398.png,107,221,Smoke,1022,317,1129,538
0398.png,32,158,Smoke,962,387,994,545
0398.png,29,218,Smoke,1163,357,1192,575
0398.png,124,174,Smoke,1249,378,1373,552
0398.png,144,113,Smoke,1776,443,1920,556
0398.png,65,197,Smoke,1617,423,1682,620
0398.png,69,59,Smoke,1691,579,1760,638
0398.png,50,116,Smoke,1431,428,1481,544
0398.png,76,92,Smoke,1768,310,1844,402
0398.png,55,80,Smoke,546,421,601,501
0398.png,23,113,Smoke,1214,464,1237,577
0398.png,57,57,Smoke,1773,313,1830,370
0399.png,55,84,Smoke,450,460,505,544
0399.png,86,107,Smoke,656,431,742,538
0399.png,95,139,Smoke,821,410,916,549
0399.png,107,221,Smoke,1021,318,1128,539
0399.png,32,158,Smoke,962,387,994,545
0399.png,29,218,Smoke,1163,357,1192,575
0399.png,124,174,Smoke,1250,378,1374,552
0399.png,144,113,Smoke,1776,442,1920,555
0399.png,65,197,Smoke,1617,422,1682,619
0399.png,69,59,Smoke,1691,577,1760,636
0399.png,50,116,Smoke,1431,428,1481,544
0399.png,76,92,Smoke,1769,310,1845,402
0399.png,55,80,Smoke,546,421,601,501
0399.png,23,113,Smoke,1214,464,1237,577
0399.png,57,57,Smoke,1773,313,1830,370
0400.png,55,84,Smoke,450,460,505,544
0400.png,86,107,Smoke,656,431,742,538
0400.png,95,139,Smoke,821,410,916,549
0400.png,107,221,Smoke,1021,317,1128,538
0400.png,32,158,Smoke,962,386,994,544
0400.png,29,218,Smoke,1163,357,1192,575
0400.png,124,174,Smoke,1250,378,1374,552
0400.png,144,113,Smoke,1776,444,1920,557
0400.png,65,197,Smoke,1617,421,1682,618
0400.png,69,59,Smoke,1690,578,1759,637
0400.png,50,116,Smoke,1431,428,1481,544
0400.png,76,92,Smoke,1768,310,1844,402
0400.png,55,80,Smoke,546,421,601,501
0400.png,23,113,Smoke,1214,464,1237,577
0400.png,57,57,Smoke,1773,313,1830,370
0401.png,55,84,Smoke,450,460,505,544
0401.png,86,107,Smoke,656,431,742,538
0401.png,95,139,Smoke,821,408,916,547
0401.png,107,221,Smoke,1021,318,1128,539
0401.png,32,158,Smoke,962,387,994,545
0401.png,29,218,Smoke,1163,357,1192,575
0401.png,124,174,Smoke,1250,378,1374,552
0401.png,144,113,Smoke,1776,444,1920,557
0401.png,65,197,Smoke,1617,422,1682,619
0401.png,69,59,Smoke,1690,578,1759,637
0401.png,50,116,Smoke,1431,428,1481,544
0401.png,76,92,Smoke,1768,310,1844,402
0401.png,55,80,Smoke,546,421,601,501
0401.png,23,113,Smoke,1214,464,1237,577
0401.png,57,57,Smoke,1773,313,1830,370
0401.png,55,80,Smoke,546,420,601,500
0402.png,55,84,Smoke,450,460,505,544
0402.png,86,107,Smoke,656,431,742,538
0402.png,95,139,Smoke,821,408,916,547
0402.png,107,221,Smoke,1021,318,1128,539
0402.png,32,158,Smoke,962,387,994,545
0402.png,29,218,Smoke,1163,357,1192,575
0402.png,124,174,Smoke,1250,378,1374,552
0402.png,144,113,Smoke,1776,444,1920,557
0402.png,65,197,Smoke,1617,422,1682,619
0402.png,69,59,Smoke,1690,578,1759,637
0402.png,50,116,Smoke,1431,429,1481,545
0402.png,76,105,Smoke,1769,311,1845,416
0402.png,23,113,Smoke,1214,464,1237,577
0402.png,57,57,Smoke,1773,313,1830,370
0402.png,55,80,Smoke,546,421,601,501
0403.png,55,84,Smoke,450,460,505,544
0403.png,86,107,Smoke,656,431,742,538
0403.png,95,139,Smoke,821,408,916,547
0403.png,107,221,Smoke,1021,318,1128,539
0403.png,32,158,Smoke,962,387,994,545
0403.png,29,218,Smoke,1163,357,1192,575
0403.png,124,174,Smoke,1250,378,1374,552
0403.png,144,113,Smoke,1776,443,1920,556
0403.png,65,197,Smoke,1617,422,1682,619
0403.png,69,59,Smoke,1690,578,1759,637
0403.png,50,116,Smoke,1431,428,1481,544
0403.png,76,105,Smoke,1770,311,1846,416
0403.png,23,113,Smoke,1214,464,1237,577
0403.png,57,57,Smoke,1773,313,1830,370
0404.png,55,84,Smoke,450,460,505,544
0404.png,86,107,Smoke,657,431,743,538
0404.png,95,139,Smoke,821,408,916,547
0404.png,107,221,Smoke,1021,318,1128,539
0404.png,32,158,Smoke,962,387,994,545
0404.png,29,218,Smoke,1163,357,1192,575
0404.png,124,174,Smoke,1250,378,1374,552
0404.png,144,113,Smoke,1776,443,1920,556
0404.png,65,197,Smoke,1617,422,1682,619
0404.png,69,59,Smoke,1690,578,1759,637
0404.png,50,116,Smoke,1431,428,1481,544
0404.png,76,105,Smoke,1769,311,1845,416
0404.png,55,80,Smoke,546,421,601,501
0404.png,23,113,Smoke,1214,464,1237,577
0404.png,57,57,Smoke,1773,313,1830,370
0405.png,55,84,Smoke,450,460,505,544
0405.png,86,107,Smoke,657,431,743,538
0405.png,95,139,Smoke,821,408,916,547
0405.png,107,221,Smoke,1021,318,1128,539
0405.png,32,158,Smoke,962,387,994,545
0405.png,29,218,Smoke,1163,357,1192,575
0405.png,124,174,Smoke,1250,378,1374,552
0405.png,144,113,Smoke,1776,443,1920,556
0405.png,65,197,Smoke,1617,422,1682,619
0405.png,69,59,Smoke,1690,578,1759,637
0405.png,50,116,Smoke,1431,428,1481,544
0405.png,76,105,Smoke,1769,312,1845,417
0405.png,55,80,Smoke,546,421,601,501
0405.png,23,113,Smoke,1214,464,1237,577
0405.png,57,57,Smoke,1773,313,1830,370
0406.png,55,84,Smoke,450,460,505,544
0406.png,86,107,Smoke,656,432,742,539
0406.png,95,139,Smoke,821,408,916,547
0406.png,107,221,Smoke,1021,317,1128,538
0406.png,32,158,Smoke,962,387,994,545
0406.png,29,218,Smoke,1163,357,1192,575
0406.png,124,174,Smoke,1250,378,1374,552
0406.png,144,113,Smoke,1776,443,1920,556
0406.png,65,197,Smoke,1617,422,1682,619
0406.png,69,59,Smoke,1690,578,1759,637
0406.png,50,116,Smoke,1431,428,1481,544
0406.png,76,105,Smoke,1769,311,1845,416
0406.png,55,80,Smoke,546,421,601,501
0406.png,23,113,Smoke,1214,464,1237,577
0406.png,57,57,Smoke,1773,313,1830,370
0407.png,55,84,Smoke,450,460,505,544
0407.png,86,107,Smoke,656,431,742,538
0407.png,95,139,Smoke,821,407,916,546
0407.png,107,221,Smoke,1021,318,1128,539
0407.png,32,158,Smoke,962,387,994,545
0407.png,29,218,Smoke,1163,357,1192,575
0407.png,124,174,Smoke,1250,378,1374,552
0407.png,144,113,Smoke,1776,444,1920,557
0407.png,65,197,Smoke,1617,422,1682,619
0407.png,69,59,Smoke,1690,578,1759,637
0407.png,50,116,Smoke,1431,428,1481,544
0407.png,76,105,Smoke,1769,312,1845,417
0407.png,55,80,Smoke,546,420,601,500
0407.png,23,113,Smoke,1214,464,1237,577
0407.png,57,57,Smoke,1773,313,1830,370
0408.png,55,84,Smoke,450,460,505,544
0408.png,86,107,Smoke,656,431,742,538
0408.png,95,139,Smoke,821,408,916,547
0408.png,107,221,Smoke,1021,318,1128,539
0408.png,32,158,Smoke,962,389,994,547
0408.png,29,218,Smoke,1163,357,1192,575
0408.png,124,174,Smoke,1250,378,1374,552
0408.png,144,113,Smoke,1776,443,1920,556
0408.png,65,197,Smoke,1617,422,1682,619
0408.png,69,59,Smoke,1690,578,1759,637
0408.png,50,116,Smoke,1431,428,1481,544
0408.png,76,105,Smoke,1769,311,1845,416
0408.png,55,80,Smoke,546,421,601,501
0408.png,23,113,Smoke,1214,464,1237,577
0408.png,57,57,Smoke,1773,313,1830,370
0409.png,55,84,Smoke,450,460,505,544
0409.png,86,107,Smoke,656,431,742,538
0409.png,95,139,Smoke,821,407,916,546
0409.png,107,221,Smoke,1021,318,1128,539
0409.png,32,158,Smoke,962,387,994,545
0409.png,29,218,Smoke,1163,357,1192,575
0409.png,124,174,Smoke,1249,378,1373,552
0409.png,144,113,Smoke,1776,443,1920,556
0409.png,65,197,Smoke,1617,422,1682,619
0409.png,69,59,Smoke,1690,578,1759,637
0409.png,50,116,Smoke,1431,429,1481,545
0409.png,76,105,Smoke,1769,311,1845,416
0409.png,55,80,Smoke,546,421,601,501
0409.png,23,113,Smoke,1214,464,1237,577
0409.png,57,57,Smoke,1773,313,1830,370
0410.png,55,84,Smoke,450,460,505,544
0410.png,86,107,Smoke,656,431,742,538
0410.png,95,139,Smoke,822,407,917,546
0410.png,107,221,Smoke,1021,317,1128,538
0410.png,32,158,Smoke,962,387,994,545
0410.png,29,218,Smoke,1163,357,1192,575
0410.png,124,174,Smoke,1250,378,1374,552
0410.png,144,113,Smoke,1776,443,1920,556
0410.png,65,197,Smoke,1617,421,1682,618
0410.png,69,59,Smoke,1690,578,1759,637
0410.png,50,116,Smoke,1432,428,1482,544
0410.png,76,105,Smoke,1770,311,1846,416
0410.png,55,80,Smoke,546,421,601,501
0410.png,23,113,Smoke,1214,464,1237,577
0410.png,57,57,Smoke,1773,313,1830,370
0411.png,55,84,Smoke,450,460,505,544
0411.png,86,107,Smoke,656,431,742,538
0411.png,95,139,Smoke,822,407,917,546
0411.png,107,221,Smoke,1021,318,1128,539
0411.png,32,158,Smoke,962,387,994,545
0411.png,29,218,Smoke,1163,357,1192,575
0411.png,124,174,Smoke,1251,378,1375,552
0411.png,144,113,Smoke,1776,444,1920,557
0411.png,65,197,Smoke,1617,422,1682,619
0411.png,69,59,Smoke,1690,578,1759,637
0411.png,50,116,Smoke,1431,428,1481,544
0411.png,76,105,Smoke,1770,311,1846,416
0411.png,55,80,Smoke,546,421,601,501
0411.png,23,113,Smoke,1214,464,1237,577
0411.png,57,57,Smoke,1773,313,1830,370
0411.png,55,80,Smoke,546,420,601,500
0412.png,55,84,Smoke,450,460,505,544
0412.png,86,107,Smoke,656,431,742,538
0412.png,95,139,Smoke,822,407,917,546
0412.png,107,221,Smoke,1021,317,1128,538
0412.png,32,158,Smoke,962,388,994,546
0412.png,29,218,Smoke,1162,359,1191,577
0412.png,124,174,Smoke,1251,378,1375,552
0412.png,144,113,Smoke,1776,444,1920,557
0412.png,65,197,Smoke,1617,421,1682,618
0412.png,69,59,Smoke,1690,578,1759,637
0412.png,50,116,Smoke,1431,428,1481,544
0412.png,76,105,Smoke,1769,311,1845,416
0412.png,23,113,Smoke,1214,464,1237,577
0412.png,57,57,Smoke,1773,313,1830,370
0412.png,55,80,Smoke,546,420,601,500
0413.png,55,84,Smoke,450,460,505,544
0413.png,86,107,Smoke,656,431,742,538
0413.png,95,139,Smoke,822,407,917,546
0413.png,107,221,Smoke,1021,317,1128,538
0413.png,32,158,Smoke,962,387,994,545
0413.png,29,218,Smoke,1162,357,1191,575
0413.png,124,174,Smoke,1251,378,1375,552
0413.png,144,113,Smoke,1776,444,1920,557
0413.png,65,197,Smoke,1617,422,1682,619
0413.png,69,59,Smoke,1690,578,1759,637
0413.png,50,116,Smoke,1431,428,1481,544
0413.png,76,105,Smoke,1769,311,1845,416
0413.png,23,113,Smoke,1214,464,1237,577
0413.png,57,57,Smoke,1773,313,1830,370
0414.png,55,84,Smoke,450,460,505,544
0414.png,86,107,Smoke,656,431,742,538
0414.png,95,139,Smoke,821,407,916,546
0414.png,107,221,Smoke,1021,317,1128,538
0414.png,32,158,Smoke,962,387,994,545
0414.png,29,218,Smoke,1162,357,1191,575
0414.png,124,174,Smoke,1251,378,1375,552
0414.png,144,113,Smoke,1776,443,1920,556
0414.png,65,197,Smoke,1617,421,1682,618
0414.png,69,59,Smoke,1690,578,1759,637
0414.png,50,116,Smoke,1431,429,1481,545
0414.png,76,105,Smoke,1769,311,1845,416
0414.png,55,80,Smoke,546,420,601,500
0414.png,23,113,Smoke,1214,464,1237,577
0414.png,57,57,Smoke,1773,313,1830,370
0415.png,55,84,Smoke,450,460,505,544
0415.png,86,107,Smoke,656,431,742,538
0415.png,95,139,Smoke,822,407,917,546
0415.png,107,221,Smoke,1021,318,1128,539
0415.png,32,158,Smoke,962,387,994,545
0415.png,29,218,Smoke,1163,357,1192,575
0415.png,124,174,Smoke,1251,378,1375,552
0415.png,144,113,Smoke,1776,444,1920,557
0415.png,65,197,Smoke,1617,422,1682,619
0415.png,69,59,Smoke,1690,578,1759,637
0415.png,50,116,Smoke,1431,429,1481,545
0415.png,76,105,Smoke,1770,311,1846,416
0415.png,55,80,Smoke,546,420,601,500
0415.png,23,113,Smoke,1214,464,1237,577
0415.png,57,57,Smoke,1773,313,1830,370
0416.png,55,84,Smoke,450,460,505,544
0416.png,86,107,Smoke,656,431,742,538
0416.png,95,139,Smoke,821,407,916,546
0416.png,107,221,Smoke,1021,317,1128,538
0416.png,32,158,Smoke,962,387,994,545
0416.png,29,218,Smoke,1163,357,1192,575
0416.png,124,174,Smoke,1251,378,1375,552
0416.png,144,113,Smoke,1776,444,1920,557
0416.png,65,197,Smoke,1617,422,1682,619
0416.png,69,59,Smoke,1690,578,1759,637
0416.png,50,116,Smoke,1431,428,1481,544
0416.png,76,105,Smoke,1769,311,1845,416
0416.png,55,80,Smoke,546,420,601,500
0416.png,23,113,Smoke,1214,464,1237,577
0416.png,57,57,Smoke,1773,313,1830,370
0417.png,55,84,Smoke,450,460,505,544
0417.png,86,107,Smoke,656,431,742,538
0417.png,95,139,Smoke,821,406,916,545
0417.png,107,221,Smoke,1021,318,1128,539
0417.png,32,158,Smoke,962,387,994,545
0417.png,29,218,Smoke,1163,357,1192,575
0417.png,124,174,Smoke,1251,378,1375,552
0417.png,144,113,Smoke,1776,444,1920,557
0417.png,65,197,Smoke,1617,422,1682,619
0417.png,69,59,Smoke,1690,578,1759,637
0417.png,50,116,Smoke,1431,429,1481,545
0417.png,76,105,Smoke,1769,311,1845,416
0417.png,55,80,Smoke,546,421,601,501
0417.png,23,113,Smoke,1214,464,1237,577
0417.png,57,57,Smoke,1773,313,1830,370
0418.png,55,84,Smoke,450,460,505,544
0418.png,86,107,Smoke,656,431,742,538
0418.png,95,139,Smoke,821,406,916,545
0418.png,107,221,Smoke,1021,317,1128,538
0418.png,32,158,Smoke,962,387,994,545
0418.png,29,218,Smoke,1163,357,1192,575
0418.png,124,174,Smoke,1251,378,1375,552
0418.png,144,113,Smoke,1776,444,1920,557
0418.png,65,197,Smoke,1617,422,1682,619
0418.png,69,59,Smoke,1690,578,1759,637
0418.png,50,116,Smoke,1431,429,1481,545
0418.png,76,105,Smoke,1770,311,1846,416
0418.png,55,80,Smoke,546,420,601,500
0418.png,23,113,Smoke,1214,464,1237,577
0418.png,57,57,Smoke,1773,313,1830,370
0419.png,55,84,Smoke,450,460,505,544
0419.png,86,107,Smoke,656,431,742,538
0419.png,95,139,Smoke,823,407,918,546
0419.png,107,221,Smoke,1021,318,1128,539
0419.png,32,158,Smoke,962,387,994,545
0419.png,29,218,Smoke,1163,357,1192,575
0419.png,124,174,Smoke,1251,378,1375,552
0419.png,144,113,Smoke,1776,444,1920,557
0419.png,65,197,Smoke,1617,422,1682,619
0419.png,69,59,Smoke,1690,578,1759,637
0419.png,50,116,Smoke,1431,428,1481,544
0419.png,76,105,Smoke,1770,311,1846,416
0419.png,55,80,Smoke,546,420,601,500
0419.png,23,113,Smoke,1214,464,1237,577
0419.png,57,57,Smoke,1773,313,1830,370
0420.png,55,84,Smoke,450,460,505,544
0420.png,86,107,Smoke,656,431,742,538
0420.png,95,139,Smoke,820,406,915,545
0420.png,107,221,Smoke,1021,317,1128,538
0420.png,32,158,Smoke,962,387,994,545
0420.png,29,218,Smoke,1163,357,1192,575
0420.png,124,174,Smoke,1251,378,1375,552
0420.png,145,113,Smoke,1775,444,1920,557
0420.png,65,197,Smoke,1617,422,1682,619
0420.png,69,59,Smoke,1690,578,1759,637
0420.png,50,116,Smoke,1431,428,1481,544
0420.png,76,105,Smoke,1770,311,1846,416
0420.png,55,80,Smoke,546,420,601,500
0420.png,23,113,Smoke,1214,464,1237,577
0420.png,57,57,Smoke,1773,313,1830,370
0421.png,55,84,Smoke,450,460,505,544
0421.png,86,107,Smoke,656,431,742,538
0421.png,95,139,Smoke,821,406,916,545
0421.png,107,221,Smoke,1021,318,1128,539
0421.png,32,158,Smoke,962,387,994,545
0421.png,29,218,Smoke,1163,357,1192,575
0421.png,124,174,Smoke,1251,378,1375,552
0421.png,144,113,Smoke,1776,444,1920,557
0421.png,65,197,Smoke,1617,422,1682,619
0421.png,69,59,Smoke,1690,578,1759,637
0421.png,50,116,Smoke,1431,428,1481,544
0421.png,76,105,Smoke,1770,311,1846,416
0421.png,55,80,Smoke,547,420,602,500
0421.png,23,113,Smoke,1214,464,1237,577
0421.png,57,57,Smoke,1773,313,1830,370
0421.png,55,80,Smoke,546,420,601,500
0422.png,55,84,Smoke,450,460,505,544
0422.png,86,107,Smoke,656,431,742,538
0422.png,95,139,Smoke,821,406,916,545
0422.png,107,221,Smoke,1021,318,1128,539
0422.png,32,158,Smoke,962,387,994,545
0422.png,29,218,Smoke,1163,359,1192,577
0422.png,124,174,Smoke,1251,378,1375,552
0422.png,144,113,Smoke,1776,444,1920,557
0422.png,65,197,Smoke,1617,423,1682,620
0422.png,69,59,Smoke,1690,578,1759,637
0422.png,50,116,Smoke,1431,428,1481,544
0422.png,76,105,Smoke,1770,310,1846,415
0422.png,23,113,Smoke,1214,464,1237,577
0422.png,57,57,Smoke,1773,313,1830,370
0422.png,55,80,Smoke,546,421,601,501
0423.png,55,84,Smoke,450,460,505,544
0423.png,86,107,Smoke,656,431,742,538
0423.png,95,139,Smoke,821,406,916,545
0423.png,107,221,Smoke,1021,318,1128,539
0423.png,32,158,Smoke,962,387,994,545
0423.png,29,218,Smoke,1163,357,1192,575
0423.png,124,174,Smoke,1251,378,1375,552
0423.png,144,113,Smoke,1776,444,1920,557
0423.png,65,197,Smoke,1617,422,1682,619
0423.png,69,59,Smoke,1690,578,1759,637
0423.png,50,116,Smoke,1431,428,1481,544
0423.png,76,105,Smoke,1770,311,1846,416
0423.png,23,113,Smoke,1214,464,1237,577
0423.png,57,57,Smoke,1773,313,1830,370
0424.png,55,84,Smoke,450,460,505,544
0424.png,86,107,Smoke,656,431,742,538
0424.png,95,139,Smoke,821,406,916,545
0424.png,107,221,Smoke,1021,318,1128,539
0424.png,32,158,Smoke,962,387,994,545
0424.png,29,218,Smoke,1163,357,1192,575
0424.png,124,174,Smoke,1250,377,1374,551
0424.png,143,113,Smoke,1777,445,1920,558
0424.png,65,197,Smoke,1617,423,1682,620
0424.png,69,59,Smoke,1690,578,1759,637
0424.png,50,116,Smoke,1431,428,1481,544
0424.png,76,105,Smoke,1770,311,1846,416
0424.png,55,80,Smoke,546,421,601,501
0424.png,23,113,Smoke,1214,464,1237,577
0424.png,57,57,Smoke,1773,313,1830,370
0425.png,55,84,Smoke,450,460,505,544
0425.png,86,107,Smoke,656,431,742,538
0425.png,95,139,Smoke,821,405,916,544
0425.png,107,221,Smoke,1021,318,1128,539
0425.png,32,158,Smoke,962,387,994,545
0425.png,29,218,Smoke,1163,357,1192,575
0425.png,124,174,Smoke,1251,376,1375,550
0425.png,143,113,Smoke,1777,445,1920,558
0425.png,65,197,Smoke,1617,422,1682,619
0425.png,69,59,Smoke,1690,578,1759,637
0425.png,50,116,Smoke,1431,428,1481,544
0425.png,76,105,Smoke,1770,311,1846,416
0425.png,55,80,Smoke,546,421,601,501
0425.png,23,113,Smoke,1214,464,1237,577
0425.png,57,57,Smoke,1773,313,1830,370
0426.png,55,84,Smoke,450,460,505,544
0426.png,86,107,Smoke,656,431,742,538
0426.png,95,139,Smoke,821,405,916,544
0426.png,107,221,Smoke,1021,317,1128,538
0426.png,32,158,Smoke,962,387,994,545
0426.png,29,218,Smoke,1163,357,1192,575
0426.png,124,174,Smoke,1250,378,1374,552
0426.png,143,113,Smoke,1777,444,1920,557
0426.png,65,197,Smoke,1617,422,1682,619
0426.png,69,59,Smoke,1690,578,1759,637
0426.png,50,116,Smoke,1431,428,1481,544
0426.png,76,105,Smoke,1770,311,1846,416
0426.png,55,80,Smoke,546,422,601,502
0426.png,23,113,Smoke,1214,464,1237,577
0426.png,57,57,Smoke,1773,313,1830,370
0427.png,55,84,Smoke,450,460,505,544
0427.png,86,107,Smoke,656,431,742,538
0427.png,95,139,Smoke,821,405,916,544
0427.png,107,221,Smoke,1021,318,1128,539
0427.png,32,158,Smoke,962,387,994,545
0427.png,29,218,Smoke,1163,357,1192,575
0427.png,124,174,Smoke,1251,377,1375,551
0427.png,143,113,Smoke,1777,446,1920,559
0427.png,65,197,Smoke,1617,422,1682,619
0427.png,69,59,Smoke,1690,578,1759,637
0427.png,50,116,Smoke,1431,427,1481,543
0427.png,76,105,Smoke,1770,311,1846,416
0427.png,55,80,Smoke,546,422,601,502
0427.png,23,113,Smoke,1214,464,1237,577
0427.png,57,57,Smoke,1773,313,1830,370
0428.png,55,84,Smoke,450,460,505,544
0428.png,86,107,Smoke,656,431,742,538
0428.png,95,139,Smoke,821,405,916,544
0428.png,107,221,Smoke,1021,317,1128,538
0428.png,32,158,Smoke,962,387,994,545
0428.png,29,218,Smoke,1163,357,1192,575
0428.png,124,174,Smoke,1250,378,1374,552
0428.png,143,113,Smoke,1777,446,1920,559
0428.png,65,197,Smoke,1617,422,1682,619
0428.png,69,59,Smoke,1690,578,1759,637
0428.png,50,116,Smoke,1431,427,1481,543
0428.png,76,105,Smoke,1770,311,1846,416
0428.png,55,80,Smoke,546,422,601,502
0428.png,23,113,Smoke,1214,464,1237,577
0428.png,57,57,Smoke,1773,313,1830,370
0429.png,55,84,Smoke,450,460,505,544
0429.png,86,107,Smoke,656,431,742,538
0429.png,95,139,Smoke,821,405,916,544
0429.png,107,221,Smoke,1021,318,1128,539
0429.png,32,158,Smoke,962,387,994,545
0429.png,29,218,Smoke,1163,357,1192,575
0429.png,124,174,Smoke,1250,378,1374,552
0429.png,143,113,Smoke,1777,447,1920,560
0429.png,65,197,Smoke,1617,422,1682,619
0429.png,69,59,Smoke,1690,578,1759,637
0429.png,50,116,Smoke,1431,427,1481,543
0429.png,76,105,Smoke,1770,310,1846,415
0429.png,55,80,Smoke,546,423,601,503
0429.png,23,113,Smoke,1214,464,1237,577
0429.png,57,57,Smoke,1773,313,1830,370
0430.png,55,84,Smoke,450,460,505,544
0430.png,86,107,Smoke,656,430,742,537
0430.png,95,139,Smoke,821,405,916,544
0430.png,107,221,Smoke,1021,318,1128,539
0430.png,32,158,Smoke,962,387,994,545
0430.png,29,218,Smoke,1163,357,1192,575
0430.png,124,174,Smoke,1250,378,1374,552
0430.png,143,113,Smoke,1777,448,1920,561
0430.png,65,197,Smoke,1617,422,1682,619
0430.png,69,59,Smoke,1690,578,1759,637
0430.png,50,116,Smoke,1431,428,1481,544
0430.png,76,105,Smoke,1770,311,1846,416
0430.png,55,80,Smoke,546,422,601,502
0430.png,23,113,Smoke,1214,464,1237,577
0430.png,57,57,Smoke,1773,313,1830,370
0431.png,55,84,Smoke,450,460,505,544
0431.png,86,107,Smoke,656,430,742,537
0431.png,95,139,Smoke,821,404,916,543
0431.png,107,221,Smoke,1021,318,1128,539
0431.png,32,158,Smoke,962,387,994,545
0431.png,29,218,Smoke,1163,357,1192,575
0431.png,124,174,Smoke,1250,378,1374,552
0431.png,143,113,Smoke,1777,445,1920,558
0431.png,65,197,Smoke,1617,422,1682,619
0431.png,69,59,Smoke,1690,578,1759,637
0431.png,50,116,Smoke,1431,428,1481,544
0431.png,76,105,Smoke,1770,311,1846,416
0431.png,55,80,Smoke,546,422,601,502
0431.png,23,113,Smoke,1214,464,1237,577
0431.png,57,57,Smoke,1773,313,1830,370
0431.png,55,80,Smoke,546,422,601,502
0432.png,55,84,Smoke,450,460,505,544
0432.png,86,107,Smoke,656,430,742,537
0432.png,95,139,Smoke,821,404,916,543
0432.png,107,221,Smoke,1021,317,1128,538
0432.png,32,158,Smoke,962,387,994,545
0432.png,29,218,Smoke,1163,357,1192,575
0432.png,124,174,Smoke,1250,378,1374,552
0432.png,143,109,Smoke,1777,450,1920,559
0432.png,65,197,Smoke,1617,423,1682,620
0432.png,69,59,Smoke,1690,578,1759,637
0432.png,50,116,Smoke,1431,428,1481,544
0432.png,76,118,Smoke,1771,311,1847,429
0432.png,23,113,Smoke,1214,464,1237,577
0432.png,57,57,Smoke,1773,313,1830,370
0432.png,55,80,Smoke,546,422,601,502
0433.png,55,84,Smoke,450,460,505,544
0433.png,86,107,Smoke,656,431,742,538
0433.png,95,139,Smoke,821,403,916,542
0433.png,107,221,Smoke,1021,318,1128,539
0433.png,32,158,Smoke,962,387,994,545
0433.png,29,218,Smoke,1163,357,1192,575
0433.png,124,174,Smoke,1250,378,1374,552
0433.png,142,109,Smoke,1778,450,1920,559
0433.png,65,197,Smoke,1617,422,1682,619
0433.png,69,59,Smoke,1690,578,1759,637
0433.png,50,116,Smoke,1431,428,1481,544
0433.png,76,118,Smoke,1771,311,1847,429
0433.png,23,113,Smoke,1214,464,1237,577
0433.png,57,57,Smoke,1773,313,1830,370
0434.png,55,84,Smoke,450,460,505,544
0434.png,86,107,Smoke,656,431,742,538
0434.png,95,139,Smoke,821,403,916,542
0434.png,107,221,Smoke,1021,317,1128,538
0434.png,32,158,Smoke,962,387,994,545
0434.png,29,218,Smoke,1163,357,1192,575
0434.png,124,174,Smoke,1250,378,1374,552
0434.png,142,109,Smoke,1778,450,1920,559
0434.png,65,197,Smoke,1617,422,1682,619
0434.png,69,59,Smoke,1690,578,1759,637
0434.png,50,116,Smoke,1431,428,1481,544
0434.png,76,118,Smoke,1771,311,1847,429
0434.png,55,80,Smoke,546,421,601,501
0434.png,23,113,Smoke,1214,464,1237,577
0434.png,57,57,Smoke,1773,313,1830,370
0435.png,55,84,Smoke,450,460,505,544
0435.png,86,107,Smoke,656,431,742,538
0435.png,95,139,Smoke,821,404,916,543
0435.png,107,221,Smoke,1021,318,1128,539
0435.png,32,158,Smoke,962,387,994,545
0435.png,29,218,Smoke,1163,357,1192,575
0435.png,124,174,Smoke,1250,378,1374,552
0435.png,142,109,Smoke,1778,450,1920,559
0435.png,65,197,Smoke,1617,422,1682,619
0435.png,69,59,Smoke,1690,578,1759,637
0435.png,50,116,Smoke,1431,428,1481,544
0435.png,76,118,Smoke,1771,311,1847,429
0435.png,55,80,Smoke,546,421,601,501
0435.png,23,113,Smoke,1214,464,1237,577
0435.png,57,57,Smoke,1773,313,1830,370
0436.png,55,84,Smoke,450,460,505,544
0436.png,86,107,Smoke,656,431,742,538
0436.png,95,139,Smoke,821,403,916,542
0436.png,107,221,Smoke,1021,317,1128,538
0436.png,32,158,Smoke,962,387,994,545
0436.png,29,218,Smoke,1163,357,1192,575
0436.png,124,174,Smoke,1250,378,1374,552
0436.png,142,109,Smoke,1778,450,1920,559
0436.png,65,197,Smoke,1617,422,1682,619
0436.png,69,59,Smoke,1690,578,1759,637
0436.png,50,116,Smoke,1431,428,1481,544
0436.png,76,118,Smoke,1771,311,1847,429
0436.png,55,80,Smoke,546,421,601,501
0436.png,23,113,Smoke,1214,464,1237,577
0436.png,57,57,Smoke,1773,313,1830,370
0437.png,55,84,Smoke,450,460,505,544
0437.png,86,107,Smoke,656,431,742,538
0437.png,95,139,Smoke,821,403,916,542
0437.png,107,221,Smoke,1021,318,1128,539
0437.png,32,158,Smoke,962,387,994,545
0437.png,29,218,Smoke,1163,357,1192,575
0437.png,124,174,Smoke,1250,378,1374,552
0437.png,142,109,Smoke,1778,450,1920,559
0437.png,65,197,Smoke,1617,422,1682,619
0437.png,69,59,Smoke,1690,577,1759,636
0437.png,50,116,Smoke,1431,428,1481,544
0437.png,76,118,Smoke,1771,311,1847,429
0437.png,55,80,Smoke,546,421,601,501
0437.png,23,113,Smoke,1214,464,1237,577
0437.png,57,57,Smoke,1773,313,1830,370
0438.png,55,84,Smoke,450,460,505,544
0438.png,86,107,Smoke,656,431,742,538
0438.png,95,139,Smoke,822,403,917,542
0438.png,107,221,Smoke,1021,317,1128,538
0438.png,32,158,Smoke,962,387,994,545
0438.png,29,218,Smoke,1163,357,1192,575
0438.png,124,174,Smoke,1250,378,1374,552
0438.png,142,109,Smoke,1778,449,1920,558
0438.png,65,197,Smoke,1617,422,1682,619
0438.png,69,59,Smoke,1690,578,1759,637
0438.png,50,116,Smoke,1431,428,1481,544
0438.png,76,118,Smoke,1771,311,1847,429
0438.png,55,80,Smoke,546,421,601,501
0438.png,23,113,Smoke,1214,464,1237,577
0438.png,57,57,Smoke,1773,313,1830,370
0439.png,55,84,Smoke,450,460,505,544
0439.png,86,107,Smoke,656,431,742,538
0439.png,95,139,Smoke,820,401,915,540
0439.png,107,221,Smoke,1021,318,1128,539
0439.png,32,158,Smoke,962,387,994,545
0439.png,29,218,Smoke,1163,357,1192,575
0439.png,124,174,Smoke,1251,378,1375,552
0439.png,143,109,Smoke,1777,450,1920,559
0439.png,65,197,Smoke,1617,422,1682,619
0439.png,69,59,Smoke,1690,578,1759,637
0439.png,50,116,Smoke,1431,428,1481,544
0439.png,76,118,Smoke,1771,311,1847,429
0439.png,55,80,Smoke,546,421,601,501
0439.png,23,113,Smoke,1214,464,1237,577
0439.png,57,57,Smoke,1773,313,1830,370
0440.png,55,84,Smoke,450,460,505,544
0440.png,86,107,Smoke,656,431,742,538
0440.png,95,139,Smoke,820,403,915,542
0440.png,107,221,Smoke,1021,317,1128,538
0440.png,32,158,Smoke,962,387,994,545
0440.png,29,218,Smoke,1163,355,1192,573
0440.png,124,174,Smoke,1249,378,1373,552
0440.png,142,109,Smoke,1778,450,1920,559
0440.png,65,197,Smoke,1617,422,1682,619
0440.png,69,59,Smoke,1690,578,1759,637
0440.png,50,116,Smoke,1431,428,1481,544
0440.png,76,118,Smoke,1771,311,1847,429
0440.png,55,80,Smoke,546,422,601,502
0440.png,23,113,Smoke,1214,464,1237,577
0440.png,57,57,Smoke,1773,313,1830,370
0441.png,55,84,Smoke,450,460,505,544
0441.png,86,107,Smoke,656,431,742,538
0441.png,95,139,Smoke,820,403,915,542
0441.png,107,221,Smoke,1022,318,1129,539
0441.png,32,158,Smoke,962,387,994,545
0441.png,29,218,Smoke,1163,357,1192,575
0441.png,124,174,Smoke,1250,378,1374,552
0441.png,142,109,Smoke,1778,450,1920,559
0441.png,65,197,Smoke,1617,422,1682,619
0441.png,69,59,Smoke,1690,578,1759,637
0441.png,50,116,Smoke,1431,428,1481,544
0441.png,76,118,Smoke,1771,311,1847,429
0441.png,55,80,Smoke,545,422,600,502
0441.png,23,113,Smoke,1214,464,1237,577
0441.png,57,57,Smoke,1773,313,1830,370
0441.png,55,80,Smoke,546,424,601,504
0442.png,55,84,Smoke,450,460,505,544
0442.png,86,107,Smoke,656,430,742,537
0442.png,95,139,Smoke,820,402,915,541
0442.png,107,221,Smoke,1022,318,1129,539
0442.png,32,158,Smoke,962,387,994,545
0442.png,29,218,Smoke,1163,357,1192,575
0442.png,124,174,Smoke,1250,378,1374,552
0442.png,142,109,Smoke,1778,449,1920,558
0442.png,65,197,Smoke,1617,422,1682,619
0442.png,69,59,Smoke,1690,579,1759,638
0442.png,50,116,Smoke,1431,428,1481,544
0442.png,76,118,Smoke,1771,311,1847,429
0442.png,23,113,Smoke,1214,464,1237,577
0442.png,57,57,Smoke,1773,313,1830,370
0442.png,55,80,Smoke,546,424,601,504
0443.png,55,84,Smoke,450,460,505,544
0443.png,86,107,Smoke,656,430,742,537
0443.png,95,139,Smoke,820,403,915,542
0443.png,107,221,Smoke,1022,318,1129,539
0443.png,32,158,Smoke,962,387,994,545
0443.png,29,218,Smoke,1163,357,1192,575
0443.png,124,174,Smoke,1250,378,1374,552
0443.png,141,109,Smoke,1779,448,1920,557
0443.png,65,197,Smoke,1617,422,1682,619
0443.png,69,59,Smoke,1690,579,1759,638
0443.png,50,116,Smoke,1431,428,1481,544
0443.png,76,118,Smoke,1771,311,1847,429
0443.png,23,113,Smoke,1214,464,1237,577
0443.png,57,57,Smoke,1773,313,1830,370
0444.png,55,84,Smoke,450,460,505,544
0444.png,86,107,Smoke,656,431,742,538
0444.png,95,139,Smoke,820,403,915,542
0444.png,107,221,Smoke,1022,318,1129,539
0444.png,32,158,Smoke,962,387,994,545
0444.png,29,218,Smoke,1163,357,1192,575
0444.png,124,174,Smoke,1250,378,1374,552
0444.png,142,109,Smoke,1778,449,1920,558
0444.png,65,197,Smoke,1617,422,1682,619
0444.png,69,59,Smoke,1690,579,1759,638
0444.png,50,116,Smoke,1431,428,1481,544
0444.png,76,118,Smoke,1771,311,1847,429
0444.png,55,80,Smoke,546,424,601,504
0444.png,23,113,Smoke,1214,464,1237,577
0444.png,57,57,Smoke,1773,313,1830,370
0445.png,55,84,Smoke,450,460,505,544
0445.png,86,107,Smoke,657,431,743,538
0445.png,95,139,Smoke,820,403,915,542
0445.png,107,221,Smoke,1022,319,1129,540
0445.png,32,158,Smoke,962,387,994,545
0445.png,29,218,Smoke,1163,357,1192,575
0445.png,124,174,Smoke,1250,378,1374,552
0445.png,141,109,Smoke,1779,449,1920,558
0445.png,65,197,Smoke,1617,422,1682,619
0445.png,69,59,Smoke,1690,577,1759,636
0445.png,50,116,Smoke,1431,428,1481,544
0445.png,76,118,Smoke,1771,311,1847,429
0445.png,55,80,Smoke,546,424,601,504
0445.png,23,113,Smoke,1214,464,1237,577
0445.png,57,57,Smoke,1773,313,1830,370
0446.png,55,84,Smoke,450,460,505,544
0446.png,86,107,Smoke,657,432,743,539
0446.png,95,139,Smoke,820,402,915,541
0446.png,107,221,Smoke,1023,319,1130,540
0446.png,32,158,Smoke,962,387,994,545
0446.png,29,218,Smoke,1163,357,1192,575
0446.png,124,174,Smoke,1250,378,1374,552
0446.png,141,109,Smoke,1779,449,1920,558
0446.png,65,197,Smoke,1617,421,1682,618
0446.png,69,59,Smoke,1689,578,1758,637
0446.png,50,116,Smoke,1431,428,1481,544
0446.png,76,118,Smoke,1771,310,1847,428
0446.png,55,80,Smoke,546,424,601,504
0446.png,23,113,Smoke,1214,464,1237,577
0446.png,57,57,Smoke,1773,313,1830,370
0447.png,55,84,Smoke,450,460,505,544
0447.png,86,107,Smoke,657,432,743,539
0447.png,95,139,Smoke,820,402,915,541
0447.png,107,221,Smoke,1023,318,1130,539
0447.png,32,158,Smoke,962,387,994,545
0447.png,29,218,Smoke,1163,355,1192,573
0447.png,124,174,Smoke,1250,378,1374,552
0447.png,141,109,Smoke,1779,449,1920,558
0447.png,65,197,Smoke,1617,422,1682,619
0447.png,69,59,Smoke,1689,578,1758,637
0447.png,50,116,Smoke,1431,428,1481,544
0447.png,76,118,Smoke,1771,310,1847,428
0447.png,55,80,Smoke,546,423,601,503
0447.png,23,113,Smoke,1214,464,1237,577
0447.png,57,57,Smoke,1773,313,1830,370
0448.png,55,84,Smoke,450,460,505,544
0448.png,86,107,Smoke,657,432,743,539
0448.png,95,139,Smoke,821,404,916,543
0448.png,107,221,Smoke,1023,319,1130,540
0448.png,32,158,Smoke,962,387,994,545
0448.png,29,218,Smoke,1163,357,1192,575
0448.png,124,174,Smoke,1250,378,1374,552
0448.png,141,109,Smoke,1779,448,1920,557
0448.png,65,197,Smoke,1617,422,1682,619
0448.png,69,59,Smoke,1690,577,1759,636
0448.png,50,116,Smoke,1431,428,1481,544
0448.png,76,118,Smoke,1772,311,1848,429
0448.png,55,80,Smoke,546,423,601,503
0448.png,23,113,Smoke,1214,464,1237,577
0448.png,57,57,Smoke,1773,313,1830,370
0449.png,55,84,Smoke,450,460,505,544
0449.png,86,107,Smoke,657,432,743,539
0449.png,95,139,Smoke,820,402,915,541
0449.png,107,221,Smoke,1023,318,1130,539
0449.png,32,158,Smoke,962,387,994,545
0449.png,29,218,Smoke,1163,357,1192,575
0449.png,124,174,Smoke,1250,378,1374,552
0449.png,141,109,Smoke,1779,449,1920,558
0449.png,65,197,Smoke,1617,422,1682,619
0449.png,69,59,Smoke,1689,578,1758,637
0449.png,50,116,Smoke,1431,428,1481,544
0449.png,76,118,Smoke,1771,310,1847,428
0449.png,55,80,Smoke,546,424,601,504
0449.png,23,113,Smoke,1214,464,1237,577
0449.png,57,57,Smoke,1773,313,1830,370
0450.png,55,84,Smoke,450,460,505,544
0450.png,86,107,Smoke,657,431,743,538
0450.png,95,139,Smoke,821,403,916,542
0450.png,107,221,Smoke,1023,319,1130,540
0450.png,32,158,Smoke,962,387,994,545
0450.png,29,218,Smoke,1163,357,1192,575
0450.png,124,174,Smoke,1250,378,1374,552
0450.png,141,109,Smoke,1779,449,1920,558
0450.png,65,197,Smoke,1617,422,1682,619
0450.png,69,59,Smoke,1690,577,1759,636
0450.png,50,116,Smoke,1431,428,1481,544
0450.png,76,118,Smoke,1771,310,1847,428
0450.png,55,80,Smoke,546,424,601,504
0450.png,23,113,Smoke,1214,464,1237,577
0450.png,57,57,Smoke,1773,313,1830,370
0451.png,55,84,Smoke,450,460,505,544
0451.png,86,107,Smoke,657,428,743,535
0451.png,95,139,Smoke,821,401,916,540
0451.png,107,221,Smoke,1023,318,1130,539
0451.png,32,158,Smoke,962,387,994,545
0451.png,29,218,Smoke,1163,357,1192,575
0451.png,124,174,Smoke,1250,378,1374,552
0451.png,141,109,Smoke,1779,449,1920,558
0451.png,65,197,Smoke,1617,422,1682,619
0451.png,69,59,Smoke,1689,578,1758,637
0451.png,50,116,Smoke,1431,428,1481,544
0451.png,76,118,Smoke,1771,310,1847,428
0451.png,55,80,Smoke,546,424,601,504
0451.png,23,113,Smoke,1214,464,1237,577
0451.png,57,57,Smoke,1773,313,1830,370
0451.png,55,80,Smoke,546,424,601,504
0452.png,55,84,Smoke,450,460,505,544
0452.png,86,107,Smoke,657,428,743,535
0452.png,95,139,Smoke,821,401,916,540
0452.png,107,221,Smoke,1023,318,1130,539
0452.png,32,158,Smoke,962,387,994,545
0452.png,29,218,Smoke,1163,357,1192,575
0452.png,124,174,Smoke,1250,378,1374,552
0452.png,140,109,Smoke,1780,449,1920,558
0452.png,65,197,Smoke,1617,422,1682,619
0452.png,69,59,Smoke,1689,578,1758,637
0452.png,50,116,Smoke,1431,428,1481,544
0452.png,76,118,Smoke,1772,310,1848,428
0452.png,23,113,Smoke,1214,464,1237,577
0452.png,57,57,Smoke,1773,313,1830,370
0452.png,55,80,Smoke,546,424,601,504
0453.png,55,84,Smoke,450,460,505,544
0453.png,86,107,Smoke,657,428,743,535
0453.png,95,139,Smoke,821,400,916,539
0453.png,107,221,Smoke,1022,318,1129,539
0453.png,32,158,Smoke,962,387,994,545
0453.png,29,218,Smoke,1163,355,1192,573
0453.png,124,174,Smoke,1250,378,1374,552
0453.png,140,109,Smoke,1780,449,1920,558
0453.png,65,197,Smoke,1617,422,1682,619
0453.png,69,59,Smoke,1689,578,1758,637
0453.png,50,116,Smoke,1431,428,1481,544
0453.png,76,118,Smoke,1771,310,1847,428
0453.png,23,113,Smoke,1214,464,1237,577
0453.png,57,57,Smoke,1773,313,1830,370
0454.png,55,84,Smoke,450,460,505,544
0454.png,86,107,Smoke,657,428,743,535
0454.png,95,139,Smoke,821,401,916,540
0454.png,107,221,Smoke,1023,319,1130,540
0454.png,32,158,Smoke,962,387,994,545
0454.png,29,218,Smoke,1163,355,1192,573
0454.png,124,174,Smoke,1250,378,1374,552
0454.png,140,109,Smoke,1780,449,1920,558
0454.png,65,197,Smoke,1617,423,1682,620
0454.png,69,59,Smoke,1689,578,1758,637
0454.png,50,116,Smoke,1431,428,1481,544
0454.png,76,118,Smoke,1771,310,1847,428
0454.png,55,80,Smoke,546,424,601,504
0454.png,23,113,Smoke,1214,464,1237,577
0454.png,57,57,Smoke,1773,313,1830,370
0455.png,55,84,Smoke,450,460,505,544
0455.png,86,107,Smoke,657,427,743,534
0455.png,95,139,Smoke,821,401,916,540
0455.png,107,221,Smoke,1023,318,1130,539
0455.png,32,158,Smoke,962,387,994,545
0455.png,29,218,Smoke,1163,355,1192,573
0455.png,124,174,Smoke,1250,378,1374,552
0455.png,140,109,Smoke,1780,449,1920,558
0455.png,65,197,Smoke,1617,422,1682,619
0455.png,69,59,Smoke,1689,578,1758,637
0455.png,50,116,Smoke,1431,428,1481,544
0455.png,76,118,Smoke,1771,310,1847,428
0455.png,55,80,Smoke,546,424,601,504
0455.png,23,113,Smoke,1214,464,1237,577
0455.png,57,57,Smoke,1773,313,1830,370
0456.png,55,84,Smoke,450,460,505,544
0456.png,86,107,Smoke,657,428,743,535
0456.png,95,139,Smoke,821,400,916,539
0456.png,107,221,Smoke,1022,318,1129,539
0456.png,32,158,Smoke,962,387,994,545
0456.png,29,218,Smoke,1163,355,1192,573
0456.png,124,174,Smoke,1250,378,1374,552
0456.png,142,109,Smoke,1778,450,1920,559
0456.png,65,197,Smoke,1617,423,1682,620
0456.png,69,59,Smoke,1689,578,1758,637
0456.png,50,116,Smoke,1431,428,1481,544
0456.png,76,118,Smoke,1771,310,1847,428
0456.png,55,80,Smoke,546,425,601,505
0456.png,23,113,Smoke,1214,464,1237,577
0456.png,57,57,Smoke,1773,313,1830,370
0457.png,55,84,Smoke,450,460,505,544
0457.png,86,107,Smoke,657,427,743,534
0457.png,95,139,Smoke,822,399,917,538
0457.png,107,221,Smoke,1022,318,1129,539
0457.png,32,158,Smoke,962,387,994,545
0457.png,29,218,Smoke,1163,355,1192,573
0457.png,124,174,Smoke,1250,378,1374,552
0457.png,141,109,Smoke,1779,448,1920,557
0457.png,65,197,Smoke,1617,422,1682,619
0457.png,69,59,Smoke,1689,578,1758,637
0457.png,50,116,Smoke,1431,428,1481,544
0457.png,76,118,Smoke,1770,310,1846,428
0457.png,55,80,Smoke,546,424,601,504
0457.png,23,113,Smoke,1214,464,1237,577
0457.png,57,57,Smoke,1773,313,1830,370
0458.png,55,84,Smoke,450,460,505,544
0458.png,86,107,Smoke,657,428,743,535
0458.png,95,139,Smoke,822,399,917,538
0458.png,107,221,Smoke,1023,319,1130,540
0458.png,32,158,Smoke,962,387,994,545
0458.png,29,218,Smoke,1163,355,1192,573
0458.png,124,174,Smoke,1250,378,1374,552
0458.png,141,109,Smoke,1779,449,1920,558
0458.png,65,197,Smoke,1617,423,1682,620
0458.png,69,59,Smoke,1689,578,1758,637
0458.png,50,116,Smoke,1431,428,1481,544
0458.png,76,118,Smoke,1771,310,1847,428
0458.png,55,80,Smoke,546,425,601,505
0458.png,23,113,Smoke,1214,464,1237,577
0458.png,57,57,Smoke,1773,313,1830,370
0459.png,55,84,Smoke,450,460,505,544
0459.png,86,107,Smoke,657,428,743,535
0459.png,95,139,Smoke,822,399,917,538
0459.png,107,221,Smoke,1022,318,1129,539
0459.png,32,158,Smoke,962,387,994,545
0459.png,29,218,Smoke,1163,357,1192,575
0459.png,124,174,Smoke,1250,378,1374,552
0459.png,141,109,Smoke,1779,449,1920,558
0459.png,65,197,Smoke,1617,422,1682,619
0459.png,69,59,Smoke,1689,578,1758,637
0459.png,50,116,Smoke,1431,428,1481,544
0459.png,76,118,Smoke,1771,310,1847,428
0459.png,55,80,Smoke,546,424,601,504
0459.png,23,113,Smoke,1214,464,1237,577
0459.png,57,57,Smoke,1773,313,1830,370
0460.png,55,84,Smoke,450,460,505,544
0460.png,86,107,Smoke,657,428,743,535
0460.png,95,139,Smoke,823,401,918,540
0460.png,107,221,Smoke,1023,318,1130,539
0460.png,32,158,Smoke,962,387,994,545
0460.png,29,218,Smoke,1163,357,1192,575
0460.png,124,174,Smoke,1250,378,1374,552
0460.png,140,109,Smoke,1780,446,1920,555
0460.png,65,197,Smoke,1617,423,1682,620
0460.png,69,59,Smoke,1689,578,1758,637
0460.png,50,116,Smoke,1431,428,1481,544
0460.png,76,118,Smoke,1771,310,1847,428
0460.png,55,80,Smoke,546,424,601,504
0460.png,23,113,Smoke,1214,464,1237,577
0460.png,57,57,Smoke,1773,313,1830,370
0461.png,55,84,Smoke,450,460,505,544
0461.png,86,107,Smoke,657,428,743,535
0461.png,95,139,Smoke,821,399,916,538
0461.png,107,221,Smoke,1023,318,1130,539
0461.png,32,158,Smoke,962,387,994,545
0461.png,29,218,Smoke,1163,355,1192,573
0461.png,124,174,Smoke,1250,378,1374,552
0461.png,141,109,Smoke,1779,448,1920,557
0461.png,65,197,Smoke,1617,422,1682,619
0461.png,69,59,Smoke,1689,578,1758,637
0461.png,50,116,Smoke,1431,428,1481,544
0461.png,76,118,Smoke,1771,310,1847,428
0461.png,55,80,Smoke,546,424,601,504
0461.png,23,113,Smoke,1214,464,1237,577
0461.png,57,57,Smoke,1773,313,1830,370
0461.png,55,80,Smoke,546,424,601,504
0462.png,55,84,Smoke,450,460,505,544
0462.png,86,107,Smoke,658,428,744,535
0462.png,95,139,Smoke,821,399,916,538
0462.png,107,221,Smoke,1023,319,1130,540
0462.png,32,158,Smoke,962,386,994,544
0462.png,29,218,Smoke,1163,355,1192,573
0462.png,124,174,Smoke,1250,378,1374,552
0462.png,140,109,Smoke,1780,447,1920,556
0462.png,65,197,Smoke,1617,422,1682,619
0462.png,69,59,Smoke,1689,578,1758,637
0462.png,50,116,Smoke,1431,428,1481,544
0462.png,76,118,Smoke,1771,310,1847,428
0462.png,23,113,Smoke,1214,464,1237,577
0462.png,57,57,Smoke,1773,313,1830,370
0462.png,55,80,Smoke,546,424,601,504
0463.png,55,84,Smoke,450,460,505,544
0463.png,86,107,Smoke,657,427,743,534
0463.png,95,139,Smoke,821,399,916,538
0463.png,107,221,Smoke,1023,318,1130,539
0463.png,32,158,Smoke,962,387,994,545
0463.png,29,218,Smoke,1163,355,1192,573
0463.png,124,174,Smoke,1250,378,1374,552
0463.png,141,109,Smoke,1779,448,1920,557
0463.png,65,197,Smoke,1617,422,1682,619
0463.png,69,59,Smoke,1689,578,1758,637
0463.png,50,116,Smoke,1431,428,1481,544
0463.png,76,118,Smoke,1771,309,1847,427
0463.png,23,113,Smoke,1214,464,1237,577
0463.png,57,57,Smoke,1773,313,1830,370
0464.png,55,84,Smoke,450,460,505,544
0464.png,86,107,Smoke,657,427,743,534
0464.png,95,139,Smoke,822,399,917,538
0464.png,107,221,Smoke,1023,318,1130,539
0464.png,32,158,Smoke,962,387,994,545
0464.png,29,218,Smoke,1163,355,1192,573
0464.png,124,174,Smoke,1250,378,1374,552
0464.png,140,109,Smoke,1780,447,1920,556
0464.png,65,197,Smoke,1617,423,1682,620
0464.png,69,59,Smoke,1689,578,1758,637
0464.png,50,116,Smoke,1431,428,1481,544
0464.png,76,118,Smoke,1771,309,1847,427
0464.png,55,80,Smoke,546,424,601,504
0464.png,23,113,Smoke,1214,464,1237,577
0464.png,57,57,Smoke,1773,313,1830,370
0465.png,55,84,Smoke,450,460,505,544
0465.png,86,107,Smoke,657,427,743,534
0465.png,95,139,Smoke,821,399,916,538
0465.png,107,221,Smoke,1023,318,1130,539
0465.png,32,158,Smoke,962,387,994,545
0465.png,29,218,Smoke,1163,355,1192,573
0465.png,124,174,Smoke,1250,378,1374,552
0465.png,140,109,Smoke,1780,448,1920,557
0465.png,65,197,Smoke,1617,422,1682,619
0465.png,69,59,Smoke,1689,578,1758,637
0465.png,50,116,Smoke,1431,428,1481,544
0465.png,76,118,Smoke,1771,309,1847,427
0465.png,55,80,Smoke,546,424,601,504
0465.png,23,113,Smoke,1214,464,1237,577
0465.png,57,57,Smoke,1773,313,1830,370
0466.png,55,84,Smoke,450,460,505,544
0466.png,86,107,Smoke,657,427,743,534
0466.png,95,139,Smoke,821,398,916,537
0466.png,107,221,Smoke,1023,319,1130,540
0466.png,32,158,Smoke,962,387,994,545
0466.png,29,218,Smoke,1163,355,1192,573
0466.png,124,174,Smoke,1250,378,1374,552
0466.png,141,109,Smoke,1779,447,1920,556
0466.png,65,197,Smoke,1617,422,1682,619
0466.png,69,59,Smoke,1689,578,1758,637
0466.png,50,116,Smoke,1431,428,1481,544
0466.png,76,118,Smoke,1771,309,1847,427
0466.png,55,80,Smoke,546,424,601,504
0466.png,23,113,Smoke,1214,464,1237,577
0466.png,57,57,Smoke,1773,313,1830,370
0467.png,80,48,Smoke,424,506,504,554
0467.png,97,120,Smoke,647,426,744,546
0467.png,95,155,Smoke,821,397,916,552
0467.png,107,221,Smoke,1023,318,1130,539
0467.png,32,158,Smoke,962,387,994,545
0467.png,29,218,Smoke,1163,355,1192,573
0467.png,124,174,Smoke,1250,378,1374,552
0467.png,142,109,Smoke,1778,447,1920,556
0467.png,65,197,Smoke,1617,422,1682,619
0467.png,69,59,Smoke,1689,578,1758,637
0467.png,50,116,Smoke,1431,428,1481,544
0467.png,76,118,Smoke,1771,309,1847,427
0467.png,55,80,Smoke,546,424,601,504
0467.png,23,113,Smoke,1214,464,1237,577
0467.png,57,57,Smoke,1773,313,1830,370
0468.png,80,48,Smoke,423,506,503,554
0468.png,97,120,Smoke,647,426,744,546
0468.png,95,155,Smoke,821,397,916,552
0468.png,107,221,Smoke,1023,319,1130,540
0468.png,32,158,Smoke,962,387,994,545
0468.png,29,218,Smoke,1163,356,1192,574
0468.png,124,174,Smoke,1250,378,1374,552
0468.png,141,109,Smoke,1779,448,1920,557
0468.png,65,197,Smoke,1617,423,1682,620
0468.png,69,59,Smoke,1689,578,1758,637
0468.png,50,116,Smoke,1431,428,1481,544
0468.png,76,118,Smoke,1770,310,1846,428
0468.png,55,80,Smoke,546,424,601,504
0468.png,23,113,Smoke,1214,464,1237,577
0468.png,57,57,Smoke,1773,313,1830,370
0469.png,80,48,Smoke,423,506,503,554
0469.png,97,120,Smoke,647,426,744,546
0469.png,95,155,Smoke,821,397,916,552
0469.png,107,221,Smoke,1023,318,1130,539
0469.png,32,158,Smoke,962,387,994,545
0469.png,29,218,Smoke,1163,354,1192,572
0469.png,124,174,Smoke,1250,378,1374,552
0469.png,141,109,Smoke,1779,447,1920,556
0469.png,65,197,Smoke,1617,422,1682,619
0469.png,69,59,Smoke,1689,578,1758,637
0469.png,50,116,Smoke,1431,428,1481,544
0469.png,76,118,Smoke,1771,310,1847,428
0469.png,55,80,Smoke,546,424,601,504
0469.png,23,113,Smoke,1214,464,1237,577
0469.png,57,57,Smoke,1773,313,1830,370
0470.png,80,48,Smoke,423,505,503,553
0470.png,97,120,Smoke,647,426,744,546
0470.png,95,155,Smoke,821,397,916,552
0470.png,107,221,Smoke,1023,319,1130,540
0470.png,32,158,Smoke,962,387,994,545
0470.png,29,218,Smoke,1163,355,1192,573
0470.png,124,174,Smoke,1250,378,1374,552
0470.png,141,109,Smoke,1779,444,1920,553
0470.png,65,197,Smoke,1617,422,1682,619
0470.png,69,59,Smoke,1689,578,1758,637
0470.png,50,116,Smoke,1431,428,1481,544
0470.png,76,118,Smoke,1770,310,1846,428
0470.png,55,80,Smoke,546,424,601,504
0470.png,23,113,Smoke,1214,464,1237,577
0470.png,57,57,Smoke,1773,313,1830,370
0471.png,80,48,Smoke,423,505,503,553
0471.png,97,120,Smoke,647,426,744,546
0471.png,95,155,Smoke,821,397,916,552
0471.png,107,221,Smoke,1023,318,1130,539
0471.png,32,158,Smoke,962,387,994,545
0471.png,29,218,Smoke,1163,354,1192,572
0471.png,124,174,Smoke,1250,378,1374,552
0471.png,142,109,Smoke,1778,446,1920,555
0471.png,65,197,Smoke,1617,422,1682,619
0471.png,69,59,Smoke,1689,578,1758,637
0471.png,50,116,Smoke,1431,428,1481,544
0471.png,76,118,Smoke,1771,309,1847,427
0471.png,55,80,Smoke,546,424,601,504
0471.png,23,113,Smoke,1214,464,1237,577
0471.png,57,57,Smoke,1773,313,1830,370
0471.png,55,80,Smoke,546,424,601,504
0472.png,80,48,Smoke,423,505,503,553
0472.png,97,120,Smoke,647,426,744,546
0472.png,95,155,Smoke,821,397,916,552
0472.png,107,221,Smoke,1023,317,1130,538
0472.png,32,158,Smoke,962,387,994,545
0472.png,29,218,Smoke,1163,354,1192,572
0472.png,124,174,Smoke,1250,378,1374,552
0472.png,142,109,Smoke,1778,446,1920,555
0472.png,65,197,Smoke,1617,423,1682,620
0472.png,69,59,Smoke,1689,578,1758,637
0472.png,50,116,Smoke,1432,428,1482,544
0472.png,76,118,Smoke,1771,309,1847,427
0472.png,23,113,Smoke,1214,464,1237,577
0472.png,57,57,Smoke,1773,313,1830,370
0472.png,55,80,Smoke,546,424,601,504
0473.png,80,48,Smoke,423,505,503,553
0473.png,97,120,Smoke,647,425,744,545
0473.png,95,155,Smoke,821,397,916,552
0473.png,107,221,Smoke,1023,318,1130,539
0473.png,32,158,Smoke,962,387,994,545
0473.png,29,218,Smoke,1163,356,1192,574
0473.png,124,174,Smoke,1250,378,1374,552
0473.png,142,109,Smoke,1778,446,1920,555
0473.png,65,197,Smoke,1616,422,1681,619
0473.png,69,59,Smoke,1688,578,1757,637
0473.png,50,116,Smoke,1431,428,1481,544
0473.png,76,118,Smoke,1771,309,1847,427
0473.png,23,113,Smoke,1214,464,1237,577
0473.png,57,57,Smoke,1773,313,1830,370
0474.png,80,48,Smoke,423,504,503,552
0474.png,97,120,Smoke,647,425,744,545
0474.png,95,155,Smoke,821,395,916,550
0474.png,107,221,Smoke,1023,317,1130,538
0474.png,32,158,Smoke,962,387,994,545
0474.png,29,218,Smoke,1163,356,1192,574
0474.png,124,174,Smoke,1250,378,1374,552
0474.png,142,109,Smoke,1778,446,1920,555
0474.png,65,197,Smoke,1617,422,1682,619
0474.png,69,59,Smoke,1688,578,1757,637
0474.png,50,116,Smoke,1431,428,1481,544
0474.png,76,118,Smoke,1771,309,1847,427
0474.png,55,80,Smoke,546,424,601,504
0474.png,23,113,Smoke,1214,464,1237,577
0474.png,57,57,Smoke,1773,313,1830,370
0475.png,80,48,Smoke,423,505,503,553
0475.png,97,120,Smoke,647,426,744,546
0475.png,95,155,Smoke,822,395,917,550
0475.png,107,221,Smoke,1023,318,1130,539
0475.png,32,158,Smoke,962,387,994,545
0475.png,29,218,Smoke,1163,353,1192,571
0475.png,124,174,Smoke,1250,378,1374,552
0475.png,142,109,Smoke,1778,446,1920,555
0475.png,65,197,Smoke,1616,422,1681,619
0475.png,69,59,Smoke,1688,578,1757,637
0475.png,50,116,Smoke,1431,428,1481,544
0475.png,76,118,Smoke,1771,309,1847,427
0475.png,55,80,Smoke,546,424,601,504
0475.png,23,113,Smoke,1214,464,1237,577
0475.png,57,57,Smoke,1773,313,1830,370
0476.png,80,48,Smoke,423,504,503,552
0476.png,97,120,Smoke,647,426,744,546
0476.png,95,155,Smoke,822,395,917,550
0476.png,107,221,Smoke,1023,317,1130,538
0476.png,32,158,Smoke,962,387,994,545
0476.png,29,218,Smoke,1163,356,1192,574
0476.png,124,174,Smoke,1250,378,1374,552
0476.png,142,109,Smoke,1778,446,1920,555
0476.png,65,197,Smoke,1617,423,1682,620
0476.png,69,59,Smoke,1688,578,1757,637
0476.png,50,116,Smoke,1431,428,1481,544
0476.png,76,118,Smoke,1771,308,1847,426
0476.png,55,80,Smoke,546,424,601,504
0476.png,23,113,Smoke,1214,464,1237,577
0476.png,57,57,Smoke,1773,313,1830,370
0477.png,80,48,Smoke,423,504,503,552
0477.png,97,120,Smoke,647,425,744,545
0477.png,95,155,Smoke,822,395,917,550
0477.png,107,221,Smoke,1023,318,1130,539
0477.png,32,158,Smoke,962,387,994,545
0477.png,29,218,Smoke,1163,356,1192,574
0477.png,124,174,Smoke,1250,378,1374,552
0477.png,142,109,Smoke,1778,446,1920,555
0477.png,65,197,Smoke,1617,421,1682,618
0477.png,69,59,Smoke,1688,578,1757,637
0477.png,50,116,Smoke,1431,428,1481,544
0477.png,76,118,Smoke,1771,308,1847,426
0477.png,55,80,Smoke,546,424,601,504
0477.png,23,113,Smoke,1214,464,1237,577
0477.png,57,57,Smoke,1773,313,1830,370
0478.png,80,48,Smoke,423,504,503,552
0478.png,97,120,Smoke,647,425,744,545
0478.png,95,155,Smoke,822,395,917,550
0478.png,107,221,Smoke,1023,317,1130,538
0478.png,32,158,Smoke,962,387,994,545
0478.png,29,218,Smoke,1163,356,1192,574
0478.png,124,174,Smoke,1250,378,1374,552
0478.png,142,109,Smoke,1778,446,1920,555
0478.png,65,197,Smoke,1616,421,1681,618
0478.png,69,59,Smoke,1688,578,1757,637
0478.png,50,116,Smoke,1431,428,1481,544
0478.png,76,118,Smoke,1771,308,1847,426
0478.png,55,80,Smoke,546,424,601,504
0478.png,23,113,Smoke,1214,464,1237,577
0478.png,57,57,Smoke,1773,313,1830,370
0479.png,80,48,Smoke,423,504,503,552
0479.png,97,120,Smoke,647,425,744,545
0479.png,95,155,Smoke,822,395,917,550
0479.png,107,221,Smoke,1023,318,1130,539
0479.png,32,158,Smoke,962,387,994,545
0479.png,29,218,Smoke,1163,356,1192,574
0479.png,124,174,Smoke,1251,378,1375,552
0479.png,142,109,Smoke,1778,446,1920,555
0479.png,65,197,Smoke,1617,424,1682,621
0479.png,69,59,Smoke,1688,578,1757,637
0479.png,50,116,Smoke,1431,428,1481,544
0479.png,76,118,Smoke,1771,308,1847,426
0479.png,55,80,Smoke,546,424,601,504
0479.png,23,113,Smoke,1214,464,1237,577
0479.png,57,57,Smoke,1773,313,1830,370
0480.png,80,48,Smoke,423,504,503,552
0480.png,97,120,Smoke,647,425,744,545
0480.png,95,155,Smoke,822,395,917,550
0480.png,107,221,Smoke,1023,317,1130,538
0480.png,32,158,Smoke,962,387,994,545
0480.png,29,218,Smoke,1163,354,1192,572
0480.png,124,174,Smoke,1251,378,1375,552
0480.png,142,109,Smoke,1778,446,1920,555
0480.png,65,197,Smoke,1616,423,1681,620
0480.png,69,59,Smoke,1688,578,1757,637
0480.png,50,116,Smoke,1431,428,1481,544
0480.png,76,118,Smoke,1771,308,1847,426
0480.png,55,80,Smoke,546,424,601,504
0480.png,23,113,Smoke,1214,464,1237,577
0480.png,57,57,Smoke,1773,313,1830,370
0481.png,80,48,Smoke,423,504,503,552
0481.png,97,120,Smoke,646,424,743,544
0481.png,95,155,Smoke,822,395,917,550
0481.png,107,221,Smoke,1023,318,1130,539
0481.png,32,158,Smoke,962,387,994,545
0481.png,29,218,Smoke,1163,354,1192,572
0481.png,124,174,Smoke,1251,378,1375,552
0481.png,142,109,Smoke,1778,446,1920,555
0481.png,65,197,Smoke,1617,421,1682,618
0481.png,69,59,Smoke,1688,578,1757,637
0481.png,50,116,Smoke,1431,428,1481,544
0481.png,76,118,Smoke,1771,309,1847,427
0481.png,55,80,Smoke,546,424,601,504
0481.png,23,113,Smoke,1214,464,1237,577
0481.png,57,57,Smoke,1773,313,1830,370
0481.png,55,80,Smoke,546,424,601,504
0482.png,80,48,Smoke,423,504,503,552
0482.png,97,120,Smoke,646,423,743,543
0482.png,95,155,Smoke,822,395,917,550
0482.png,107,221,Smoke,1023,317,1130,538
0482.png,32,158,Smoke,962,386,994,544
0482.png,29,218,Smoke,1163,356,1192,574
0482.png,124,174,Smoke,1250,378,1374,552
0482.png,142,109,Smoke,1778,446,1920,555
0482.png,65,197,Smoke,1617,420,1682,617
0482.png,69,59,Smoke,1688,578,1757,637
0482.png,50,116,Smoke,1431,428,1481,544
0482.png,76,118,Smoke,1771,309,1847,427
0482.png,23,113,Smoke,1214,464,1237,577
0482.png,57,57,Smoke,1773,313,1830,370
0482.png,55,80,Smoke,546,424,601,504
0483.png,80,48,Smoke,423,504,503,552
0483.png,97,120,Smoke,646,424,743,544
0483.png,95,155,Smoke,822,395,917,550
0483.png,107,221,Smoke,1023,318,1130,539
0483.png,32,158,Smoke,962,387,994,545
0483.png,29,218,Smoke,1163,356,1192,574
0483.png,124,174,Smoke,1251,378,1375,552
0483.png,141,109,Smoke,1779,445,1920,554
0483.png,65,197,Smoke,1617,421,1682,618
0483.png,69,59,Smoke,1688,578,1757,637
0483.png,50,116,Smoke,1431,428,1481,544
0483.png,76,118,Smoke,1771,309,1847,427
0483.png,23,113,Smoke,1214,464,1237,577
0483.png,57,57,Smoke,1773,313,1830,370
0484.png,80,48,Smoke,423,503,503,551
0484.png,97,120,Smoke,646,424,743,544
0484.png,95,155,Smoke,822,395,917,550
0484.png,107,221,Smoke,1023,317,1130,538
0484.png,32,158,Smoke,962,387,994,545
0484.png,29,218,Smoke,1163,356,1192,574
0484.png,124,174,Smoke,1251,378,1375,552
0484.png,141,109,Smoke,1779,446,1920,555
0484.png,65,197,Smoke,1617,422,1682,619
0484.png,69,59,Smoke,1688,578,1757,637
0484.png,50,116,Smoke,1431,428,1481,544
0484.png,76,118,Smoke,1771,309,1847,427
0484.png,55,80,Smoke,546,424,601,504
0484.png,23,113,Smoke,1214,464,1237,577
0484.png,57,57,Smoke,1773,313,1830,370
0485.png,80,48,Smoke,423,503,503,551
0485.png,97,120,Smoke,646,424,743,544
0485.png,95,155,Smoke,822,395,917,550
0485.png,107,221,Smoke,1023,316,1130,537
0485.png,32,158,Smoke,962,387,994,545
0485.png,29,218,Smoke,1163,356,1192,574
0485.png,124,174,Smoke,1251,378,1375,552
0485.png,141,109,Smoke,1779,446,1920,555
0485.png,65,197,Smoke,1617,421,1682,618
0485.png,69,59,Smoke,1688,578,1757,637
0485.png,50,116,Smoke,1431,428,1481,544
0485.png,76,118,Smoke,1771,309,1847,427
0485.png,55,80,Smoke,546,424,601,504
0485.png,23,113,Smoke,1214,464,1237,577
0485.png,57,57,Smoke,1773,313,1830,370
0486.png,80,48,Smoke,423,504,503,552
0486.png,97,120,Smoke,646,424,743,544
0486.png,95,155,Smoke,822,395,917,550
0486.png,107,221,Smoke,1023,317,1130,538
0486.png,32,158,Smoke,962,387,994,545
0486.png,29,218,Smoke,1163,356,1192,574
0486.png,124,174,Smoke,1251,378,1375,552
0486.png,142,109,Smoke,1778,446,1920,555
0486.png,65,197,Smoke,1617,420,1682,617
0486.png,69,59,Smoke,1688,578,1757,637
0486.png,50,116,Smoke,1431,428,1481,544
0486.png,76,118,Smoke,1771,309,1847,427
0486.png,55,80,Smoke,546,424,601,504
0486.png,23,113,Smoke,1214,464,1237,577
0486.png,57,57,Smoke,1773,313,1830,370
0487.png,80,48,Smoke,423,504,503,552
0487.png,97,120,Smoke,646,424,743,544
0487.png,95,155,Smoke,822,395,917,550
0487.png,107,221,Smoke,1023,316,1130,537
0487.png,32,158,Smoke,962,387,994,545
0487.png,29,218,Smoke,1163,352,1192,570
0487.png,124,174,Smoke,1251,378,1375,552
0487.png,143,109,Smoke,1777,446,1920,555
0487.png,65,197,Smoke,1617,421,1682,618
0487.png,69,59,Smoke,1688,578,1757,637
0487.png,50,116,Smoke,1431,428,1481,544
0487.png,76,118,Smoke,1771,309,1847,427
0487.png,55,80,Smoke,546,424,601,504
0487.png,23,113,Smoke,1214,464,1237,577
0487.png,57,57,Smoke,1773,313,1830,370
0488.png,80,48,Smoke,423,504,503,552
0488.png,97,120,Smoke,646,424,743,544
0488.png,95,155,Smoke,822,395,917,550
0488.png,107,221,Smoke,1023,317,1130,538
0488.png,32,158,Smoke,962,387,994,545
0488.png,29,218,Smoke,1163,356,1192,574
0488.png,124,174,Smoke,1251,378,1375,552
0488.png,143,109,Smoke,1777,446,1920,555
0488.png,65,197,Smoke,1617,420,1682,617
0488.png,69,59,Smoke,1688,578,1757,637
0488.png,50,116,Smoke,1431,428,1481,544
0488.png,76,118,Smoke,1771,309,1847,427
0488.png,55,80,Smoke,546,424,601,504
0488.png,23,113,Smoke,1214,464,1237,577
0488.png,57,57,Smoke,1773,313,1830,370
0489.png,80,48,Smoke,423,505,503,553
0489.png,97,120,Smoke,646,424,743,544
0489.png,95,155,Smoke,822,395,917,550
0489.png,107,221,Smoke,1023,316,1130,537
0489.png,32,158,Smoke,962,387,994,545
0489.png,29,218,Smoke,1163,356,1192,574
0489.png,124,174,Smoke,1251,378,1375,552
0489.png,144,109,Smoke,1776,447,1920,556
0489.png,65,197,Smoke,1617,421,1682,618
0489.png,69,59,Smoke,1688,578,1757,637
0489.png,50,116,Smoke,1431,428,1481,544
0489.png,76,118,Smoke,1771,309,1847,427
0489.png,55,80,Smoke,546,424,601,504
0489.png,23,113,Smoke,1214,464,1237,577
0489.png,57,57,Smoke,1773,313,1830,370
0490.png,80,48,Smoke,423,505,503,553
0490.png,97,120,Smoke,646,424,743,544
0490.png,95,155,Smoke,822,395,917,550
0490.png,107,221,Smoke,1023,318,1130,539
0490.png,32,158,Smoke,962,387,994,545
0490.png,29,218,Smoke,1163,356,1192,574
0490.png,124,174,Smoke,1251,378,1375,552
0490.png,150,109,Smoke,1770,446,1920,555
0490.png,65,197,Smoke,1617,420,1682,617
0490.png,69,59,Smoke,1688,578,1757,637
0490.png,50,116,Smoke,1431,428,1481,544
0490.png,76,118,Smoke,1771,309,1847,427
0490.png,55,80,Smoke,546,424,601,504
0490.png,23,113,Smoke,1214,464,1237,577
0490.png,57,57,Smoke,1773,313,1830,370
0491.png,80,48,Smoke,423,504,503,552
0491.png,97,120,Smoke,646,423,743,543
0491.png,95,155,Smoke,822,395,917,550
0491.png,107,221,Smoke,1024,318,1131,539
0491.png,32,158,Smoke,962,387,994,545
0491.png,29,218,Smoke,1163,354,1192,572
0491.png,124,174,Smoke,1251,378,1375,552
0491.png,150,109,Smoke,1770,446,1920,555
0491.png,65,197,Smoke,1617,421,1682,618
0491.png,69,59,Smoke,1688,578,1757,637
0491.png,50,116,Smoke,1431,428,1481,544
0491.png,76,118,Smoke,1771,309,1847,427
0491.png,55,80,Smoke,546,424,601,504
0491.png,23,113,Smoke,1214,464,1237,577
0491.png,57,57,Smoke,1773,313,1830,370
0491.png,55,80,Smoke,546,424,601,504
0492.png,80,48,Smoke,423,504,503,552
0492.png,97,120,Smoke,646,423,743,543
0492.png,95,155,Smoke,823,395,918,550
0492.png,107,221,Smoke,1024,317,1131,538
0492.png,32,158,Smoke,962,387,994,545
0492.png,29,218,Smoke,1163,356,1192,574
0492.png,124,174,Smoke,1251,378,1375,552
0492.png,149,109,Smoke,1771,446,1920,555
0492.png,65,197,Smoke,1617,420,1682,617
0492.png,69,59,Smoke,1688,578,1757,637
0492.png,50,116,Smoke,1431,428,1481,544
0492.png,76,118,Smoke,1771,309,1847,427
0492.png,23,113,Smoke,1214,464,1237,577
0492.png,57,57,Smoke,1773,313,1830,370
0492.png,55,80,Smoke,546,424,601,504
0493.png,80,48,Smoke,416,515,496,563
0493.png,97,120,Smoke,646,423,743,543
0493.png,95,155,Smoke,823,394,918,549
0493.png,107,221,Smoke,1024,318,1131,539
0493.png,32,158,Smoke,962,387,994,545
0493.png,29,218,Smoke,1163,356,1192,574
0493.png,124,174,Smoke,1251,378,1375,552
0493.png,149,109,Smoke,1771,446,1920,555
0493.png,65,197,Smoke,1617,421,1682,618
0493.png,69,59,Smoke,1688,578,1757,637
0493.png,50,116,Smoke,1431,428,1481,544
0493.png,76,118,Smoke,1771,309,1847,427
0493.png,23,113,Smoke,1214,464,1237,577
0493.png,57,57,Smoke,1773,313,1830,370
0494.png,80,48,Smoke,416,515,496,563
0494.png,97,120,Smoke,646,423,743,543
0494.png,95,155,Smoke,823,395,918,550
0494.png,107,221,Smoke,1024,317,1131,538
0494.png,32,158,Smoke,962,387,994,545
0494.png,29,218,Smoke,1163,356,1192,574
0494.png,124,174,Smoke,1251,378,1375,552
0494.png,149,109,Smoke,1771,446,1920,555
0494.png,65,197,Smoke,1617,420,1682,617
0494.png,69,59,Smoke,1688,578,1757,637
0494.png,50,116,Smoke,1431,428,1481,544
0494.png,76,118,Smoke,1771,309,1847,427
0494.png,55,80,Smoke,546,424,601,504
0494.png,23,113,Smoke,1214,464,1237,577
0494.png,57,57,Smoke,1773,313,1830,370
0495.png,80,48,Smoke,416,515,496,563
0495.png,97,120,Smoke,646,424,743,544
0495.png,95,155,Smoke,823,395,918,550
0495.png,107,221,Smoke,1024,318,1131,539
0495.png,32,158,Smoke,962,387,994,545
0495.png,29,218,Smoke,1163,356,1192,574
0495.png,124,174,Smoke,1251,378,1375,552
0495.png,150,109,Smoke,1770,447,1920,556
0495.png,65,197,Smoke,1616,420,1681,617
0495.png,69,59,Smoke,1688,578,1757,637
0495.png,50,116,Smoke,1431,428,1481,544
0495.png,76,118,Smoke,1771,309,1847,427
0495.png,55,80,Smoke,546,424,601,504
0495.png,23,113,Smoke,1214,464,1237,577
0495.png,57,57,Smoke,1773,313,1830,370
0496.png,80,48,Smoke,415,515,495,563
0496.png,97,120,Smoke,646,423,743,543
0496.png,95,155,Smoke,823,395,918,550
0496.png,107,221,Smoke,1024,318,1131,539
0496.png,32,158,Smoke,962,387,994,545
0496.png,29,218,Smoke,1163,356,1192,574
0496.png,124,174,Smoke,1251,378,1375,552
0496.png,149,109,Smoke,1771,447,1920,556
0496.png,65,197,Smoke,1617,421,1682,618
0496.png,69,59,Smoke,1688,578,1757,637
0496.png,50,116,Smoke,1431,428,1481,544
0496.png,76,118,Smoke,1771,309,1847,427
0496.png,55,80,Smoke,546,424,601,504
0496.png,23,113,Smoke,1214,464,1237,577
0496.png,57,57,Smoke,1773,313,1830,370
0497.png,80,48,Smoke,415,515,495,563
0497.png,97,120,Smoke,646,424,743,544
0497.png,95,155,Smoke,823,394,918,549
0497.png,107,221,Smoke,1024,318,1131,539
0497.png,32,158,Smoke,962,387,994,545
0497.png,29,218,Smoke,1163,356,1192,574
0497.png,124,174,Smoke,1251,378,1375,552
0497.png,151,109,Smoke,1769,447,1920,556
0497.png,65,197,Smoke,1616,421,1681,618
0497.png,69,59,Smoke,1688,578,1757,637
0497.png,50,116,Smoke,1431,428,1481,544
0497.png,76,118,Smoke,1771,309,1847,427
0497.png,55,80,Smoke,546,424,601,504
0497.png,23,113,Smoke,1214,464,1237,577
0497.png,57,57,Smoke,1773,313,1830,370
0498.png,80,48,Smoke,415,515,495,563
0498.png,97,120,Smoke,646,423,743,543
0498.png,95,155,Smoke,823,393,918,548
0498.png,107,221,Smoke,1024,318,1131,539
0498.png,32,158,Smoke,962,387,994,545
0498.png,29,218,Smoke,1163,356,1192,574
0498.png,124,174,Smoke,1251,378,1375,552
0498.png,151,109,Smoke,1769,447,1920,556
0498.png,65,197,Smoke,1617,422,1682,619
0498.png,69,59,Smoke,1688,578,1757,637
0498.png,50,116,Smoke,1431,428,1481,544
0498.png,76,118,Smoke,1771,309,1847,427
0498.png,55,80,Smoke,546,424,601,504
0498.png,23,113,Smoke,1214,464,1237,577
0498.png,57,57,Smoke,1773,313,1830,370
0499.png,80,48,Smoke,415,515,495,563
0499.png,97,120,Smoke,646,423,743,543
0499.png,95,155,Smoke,823,393,918,548
0499.png,107,221,Smoke,1024,318,1131,539
0499.png,32,158,Smoke,962,387,994,545
0499.png,29,218,Smoke,1163,356,1192,574
0499.png,124,174,Smoke,1251,378,1375,552
0499.png,153,109,Smoke,1767,447,1920,556
0499.png,65,197,Smoke,1617,421,1682,618
0499.png,69,59,Smoke,1688,578,1757,637
0499.png,50,116,Smoke,1431,428,1481,544
0499.png,76,118,Smoke,1771,309,1847,427
0499.png,55,80,Smoke,546,424,601,504
0499.png,23,113,Smoke,1214,464,1237,577
0499.png,57,57,Smoke,1773,313,1830,370
0500.png,80,48,Smoke,415,515,495,563
0500.png,97,120,Smoke,646,423,743,543
0500.png,95,155,Smoke,823,393,918,548
0500.png,107,221,Smoke,1024,317,1131,538
0500.png,32,158,Smoke,962,387,994,545
0500.png,29,218,Smoke,1163,358,1192,576
0500.png,124,174,Smoke,1251,378,1375,552
0500.png,153,109,Smoke,1767,447,1920,556
0500.png,65,197,Smoke,1617,422,1682,619
0500.png,69,59,Smoke,1688,578,1757,637
0500.png,50,116,Smoke,1431,428,1481,544
0500.png,76,118,Smoke,1771,309,1847,427
0500.png,55,80,Smoke,546,424,601,504
0500.png,23,113,Smoke,1214,464,1237,577
0500.png,57,57,Smoke,1773,313,1830,370
0501.png,80,48,Smoke,416,516,496,564
0501.png,97,120,Smoke,646,424,743,544
0501.png,95,155,Smoke,823,394,918,549
0501.png,107,221,Smoke,1024,318,1131,539
0501.png,32,158,Smoke,962,387,994,545
0501.png,29,218,Smoke,1163,356,1192,574
0501.png,124,174,Smoke,1251,378,1375,552
0501.png,153,109,Smoke,1767,447,1920,556
0501.png,65,197,Smoke,1617,421,1682,618
0501.png,69,59,Smoke,1688,578,1757,637
0501.png,50,116,Smoke,1431,428,1481,544
0501.png,76,118,Smoke,1771,309,1847,427
0501.png,55,80,Smoke,546,424,601,504
0501.png,23,113,Smoke,1214,464,1237,577
0501.png,57,57,Smoke,1773,313,1830,370
0501.png,55,80,Smoke,546,424,601,504
0502.png,80,48,Smoke,415,515,495,563
0502.png,97,120,Smoke,646,424,743,544
0502.png,95,155,Smoke,823,394,918,549
0502.png,107,221,Smoke,1025,319,1132,540
0502.png,32,158,Smoke,962,387,994,545
0502.png,29,218,Smoke,1163,356,1192,574
0502.png,124,174,Smoke,1251,378,1375,552
0502.png,153,109,Smoke,1767,447,1920,556
0502.png,65,197,Smoke,1617,421,1682,618
0502.png,69,59,Smoke,1688,578,1757,637
0502.png,50,116,Smoke,1431,428,1481,544
0502.png,76,118,Smoke,1771,309,1847,427
0502.png,23,113,Smoke,1214,464,1237,577
0502.png,57,57,Smoke,1773,313,1830,370
0502.png,55,80,Smoke,546,424,601,504
0503.png,80,48,Smoke,415,515,495,563
0503.png,97,120,Smoke,646,424,743,544
0503.png,95,155,Smoke,823,394,918,549
0503.png,107,221,Smoke,1025,318,1132,539
0503.png,32,158,Smoke,962,387,994,545
0503.png,29,218,Smoke,1163,358,1192,576
0503.png,124,174,Smoke,1251,378,1375,552
0503.png,153,109,Smoke,1767,447,1920,556
0503.png,65,197,Smoke,1617,421,1682,618
0503.png,69,59,Smoke,1688,578,1757,637
0503.png,50,116,Smoke,1431,428,1481,544
0503.png,76,118,Smoke,1771,309,1847,427
0503.png,23,113,Smoke,1214,464,1237,577
0503.png,57,57,Smoke,1773,313,1830,370
0504.png,80,48,Smoke,415,515,495,563
0504.png,97,120,Smoke,646,424,743,544
0504.png,95,155,Smoke,824,394,919,549
0504.png,107,221,Smoke,1024,319,1131,540
0504.png,32,158,Smoke,962,388,994,546
0504.png,29,218,Smoke,1163,356,1192,574
0504.png,124,174,Smoke,1251,378,1375,552
0504.png,153,109,Smoke,1767,448,1920,557
0504.png,65,197,Smoke,1617,421,1682,618
0504.png,69,59,Smoke,1688,578,1757,637
0504.png,50,116,Smoke,1431,428,1481,544
0504.png,76,118,Smoke,1771,309,1847,427
0504.png,55,80,Smoke,546,424,601,504
0504.png,23,113,Smoke,1214,464,1237,577
0504.png,57,57,Smoke,1773,313,1830,370
0505.png,80,48,Smoke,415,515,495,563
0505.png,97,120,Smoke,646,424,743,544
0505.png,95,155,Smoke,823,394,918,549
0505.png,107,221,Smoke,1025,317,1132,538
0505.png,32,158,Smoke,963,387,995,545
0505.png,29,218,Smoke,1163,356,1192,574
0505.png,124,174,Smoke,1251,378,1375,552
0505.png,153,109,Smoke,1767,447,1920,556
0505.png,65,197,Smoke,1617,421,1682,618
0505.png,69,59,Smoke,1688,578,1757,637
0505.png,50,116,Smoke,1431,428,1481,544
0505.png,76,118,Smoke,1771,309,1847,427
0505.png,55,80,Smoke,546,424,601,504
0505.png,23,113,Smoke,1214,464,1237,577
0505.png,57,57,Smoke,1773,313,1830,370
0506.png,80,48,Smoke,415,515,495,563
0506.png,97,120,Smoke,646,424,743,544
0506.png,95,155,Smoke,823,394,918,549
0506.png,107,221,Smoke,1024,317,1131,538
0506.png,32,158,Smoke,962,387,994,545
0506.png,29,218,Smoke,1163,356,1192,574
0506.png,124,174,Smoke,1251,377,1375,551
0506.png,153,109,Smoke,1767,447,1920,556
0506.png,65,197,Smoke,1617,422,1682,619
0506.png,69,59,Smoke,1688,578,1757,637
0506.png,50,116,Smoke,1431,428,1481,544
0506.png,76,118,Smoke,1771,309,1847,427
0506.png,55,80,Smoke,546,424,601,504
0506.png,23,113,Smoke,1214,464,1237,577
0506.png,57,57,Smoke,1773,313,1830,370
0507.png,80,48,Smoke,415,515,495,563
0507.png,97,120,Smoke,647,424,744,544
0507.png,95,155,Smoke,823,394,918,549
0507.png,107,221,Smoke,1025,318,1132,539
0507.png,32,158,Smoke,962,387,994,545
0507.png,29,218,Smoke,1163,356,1192,574
0507.png,124,174,Smoke,1251,377,1375,551
0507.png,153,109,Smoke,1767,447,1920,556
0507.png,65,197,Smoke,1617,421,1682,618
0507.png,69,59,Smoke,1688,578,1757,637
0507.png,50,116,Smoke,1431,428,1481,544
0507.png,76,118,Smoke,1771,309,1847,427
0507.png,55,80,Smoke,546,424,601,504
0507.png,23,113,Smoke,1214,464,1237,577
0507.png,57,57,Smoke,1773,313,1830,370
0508.png,80,48,Smoke,415,515,495,563
0508.png,97,120,Smoke,647,424,744,544
0508.png,95,155,Smoke,823,394,918,549
0508.png,107,221,Smoke,1025,317,1132,538
0508.png,32,158,Smoke,962,387,994,545
0508.png,29,218,Smoke,1163,356,1192,574
0508.png,124,174,Smoke,1251,378,1375,552
0508.png,153,109,Smoke,1767,447,1920,556
0508.png,65,197,Smoke,1617,422,1682,619
0508.png,69,59,Smoke,1688,578,1757,637
0508.png,50,116,Smoke,1431,428,1481,544
0508.png,76,118,Smoke,1771,309,1847,427
0508.png,55,80,Smoke,546,424,601,504
0508.png,23,113,Smoke,1214,464,1237,577
0508.png,57,57,Smoke,1773,313,1830,370
0509.png,80,48,Smoke,415,515,495,563
0509.png,97,120,Smoke,646,424,743,544
0509.png,95,155,Smoke,823,394,918,549
0509.png,107,221,Smoke,1025,317,1132,538
0509.png,32,158,Smoke,962,387,994,545
0509.png,29,218,Smoke,1163,356,1192,574
0509.png,124,174,Smoke,1250,378,1374,552
0509.png,153,109,Smoke,1767,447,1920,556
0509.png,65,197,Smoke,1617,421,1682,618
0509.png,69,59,Smoke,1688,578,1757,637
0509.png,50,116,Smoke,1431,428,1481,544
0509.png,76,118,Smoke,1771,309,1847,427
0509.png,55,80,Smoke,546,424,601,504
0509.png,23,113,Smoke,1214,464,1237,577
0509.png,57,57,Smoke,1773,313,1830,370
0510.png,80,48,Smoke,415,515,495,563
0510.png,97,120,Smoke,646,424,743,544
0510.png,95,155,Smoke,823,394,918,549
0510.png,107,221,Smoke,1024,319,1131,540
0510.png,32,158,Smoke,962,387,994,545
0510.png,29,218,Smoke,1163,358,1192,576
0510.png,124,174,Smoke,1251,378,1375,552
0510.png,153,109,Smoke,1767,447,1920,556
0510.png,65,197,Smoke,1617,422,1682,619
0510.png,69,59,Smoke,1688,578,1757,637
0510.png,50,116,Smoke,1431,428,1481,544
0510.png,76,118,Smoke,1771,309,1847,427
0510.png,55,80,Smoke,546,424,601,504
0510.png,23,113,Smoke,1214,464,1237,577
0510.png,57,57,Smoke,1773,313,1830,370
0511.png,80,48,Smoke,415,515,495,563
0511.png,97,120,Smoke,646,424,743,544
0511.png,95,155,Smoke,823,394,918,549
0511.png,107,221,Smoke,1024,320,1131,541
0511.png,32,158,Smoke,962,387,994,545
0511.png,29,218,Smoke,1163,356,1192,574
0511.png,124,174,Smoke,1250,378,1374,552
0511.png,161,109,Smoke,1759,451,1920,560
0511.png,65,197,Smoke,1617,421,1682,618
0511.png,69,59,Smoke,1688,578,1757,637
0511.png,50,116,Smoke,1431,429,1481,545
0511.png,76,118,Smoke,1772,309,1848,427
0511.png,55,80,Smoke,546,424,601,504
0511.png,23,113,Smoke,1214,464,1237,577
0511.png,57,57,Smoke,1773,313,1830,370
0511.png,55,80,Smoke,546,424,601,504
0512.png,80,48,Smoke,415,515,495,563
0512.png,97,120,Smoke,647,423,744,543
0512.png,95,155,Smoke,823,394,918,549
0512.png,107,221,Smoke,1024,320,1131,541
0512.png,32,158,Smoke,962,387,994,545
0512.png,29,218,Smoke,1163,357,1192,575
0512.png,124,174,Smoke,1250,378,1374,552
0512.png,160,109,Smoke,1760,451,1920,560
0512.png,65,197,Smoke,1617,422,1682,619
0512.png,69,59,Smoke,1688,578,1757,637
0512.png,50,116,Smoke,1432,429,1482,545
0512.png,76,118,Smoke,1772,309,1848,427
0512.png,23,113,Smoke,1214,464,1237,577
0512.png,57,57,Smoke,1773,313,1830,370
0512.png,55,80,Smoke,546,424,601,504
0513.png,80,48,Smoke,415,515,495,563
0513.png,97,120,Smoke,646,423,743,543
0513.png,95,155,Smoke,823,394,918,549
0513.png,107,221,Smoke,1024,320,1131,541
0513.png,32,158,Smoke,962,387,994,545
0513.png,29,218,Smoke,1163,355,1192,573
0513.png,124,174,Smoke,1250,378,1374,552
0513.png,161,109,Smoke,1759,452,1920,561
0513.png,65,197,Smoke,1617,421,1682,618
0513.png,69,59,Smoke,1688,577,1757,636
0513.png,50,116,Smoke,1431,429,1481,545
0513.png,76,118,Smoke,1772,309,1848,427
0513.png,23,113,Smoke,1214,464,1237,577
0513.png,57,57,Smoke,1773,313,1830,370
0514.png,80,48,Smoke,415,515,495,563
0514.png,97,120,Smoke,646,422,743,542
0514.png,95,155,Smoke,823,394,918,549
0514.png,107,221,Smoke,1024,321,1131,542
0514.png,32,158,Smoke,962,387,994,545
0514.png,29,218,Smoke,1163,356,1192,574
0514.png,124,174,Smoke,1250,378,1374,552
0514.png,160,109,Smoke,1760,450,1920,559
0514.png,65,197,Smoke,1617,421,1682,618
0514.png,69,59,Smoke,1688,578,1757,637
0514.png,50,116,Smoke,1431,428,1481,544
0514.png,76,118,Smoke,1771,309,1847,427
0514.png,55,80,Smoke,546,424,601,504
0514.png,23,113,Smoke,1214,464,1237,577
0514.png,57,57,Smoke,1773,313,1830,370
0515.png,80,48,Smoke,415,515,495,563
0515.png,97,120,Smoke,646,423,743,543
0515.png,95,155,Smoke,824,394,919,549
0515.png,107,221,Smoke,1024,320,1131,541
0515.png,32,158,Smoke,962,387,994,545
0515.png,29,218,Smoke,1163,355,1192,573
0515.png,124,174,Smoke,1250,378,1374,552
0515.png,161,109,Smoke,1759,449,1920,558
0515.png,65,197,Smoke,1617,421,1682,618
0515.png,69,59,Smoke,1688,578,1757,637
0515.png,50,116,Smoke,1431,428,1481,544
0515.png,76,118,Smoke,1772,309,1848,427
0515.png,55,80,Smoke,546,424,601,504
0515.png,23,113,Smoke,1214,464,1237,577
0515.png,57,57,Smoke,1773,313,1830,370
0516.png,80,48,Smoke,415,514,495,562
0516.png,97,120,Smoke,646,423,743,543
0516.png,95,155,Smoke,823,394,918,549
0516.png,107,221,Smoke,1024,321,1131,542
0516.png,32,158,Smoke,962,387,994,545
0516.png,29,218,Smoke,1163,356,1192,574
0516.png,124,174,Smoke,1250,378,1374,552
0516.png,160,109,Smoke,1760,448,1920,557
0516.png,65,197,Smoke,1617,422,1682,619
0516.png,69,59,Smoke,1688,578,1757,637
0516.png,50,116,Smoke,1431,428,1481,544
0516.png,76,118,Smoke,1772,309,1848,427
0516.png,55,80,Smoke,546,424,601,504
0516.png,23,113,Smoke,1214,464,1237,577
0516.png,57,57,Smoke,1773,313,1830,370
0517.png,80,48,Smoke,415,514,495,562
0517.png,97,120,Smoke,647,423,744,543
0517.png,95,155,Smoke,823,392,918,547
0517.png,107,221,Smoke,1024,320,1131,541
0517.png,32,158,Smoke,962,387,994,545
0517.png,29,218,Smoke,1163,356,1192,574
0517.png,124,174,Smoke,1250,378,1374,552
0517.png,161,109,Smoke,1759,446,1920,555
0517.png,65,197,Smoke,1617,420,1682,617
0517.png,69,59,Smoke,1688,578,1757,637
0517.png,50,116,Smoke,1431,429,1481,545
0517.png,76,118,Smoke,1772,309,1848,427
0517.png,55,80,Smoke,546,424,601,504
0517.png,23,113,Smoke,1214,464,1237,577
0517.png,57,57,Smoke,1773,313,1830,370
0518.png,80,48,Smoke,415,514,495,562
0518.png,97,120,Smoke,646,423,743,543
0518.png,95,155,Smoke,823,392,918,547
0518.png,107,221,Smoke,1024,321,1131,542
0518.png,32,158,Smoke,962,387,994,545
0518.png,29,218,Smoke,1163,358,1192,576
0518.png,124,174,Smoke,1250,378,1374,552
0518.png,160,109,Smoke,1760,451,1920,560
0518.png,65,197,Smoke,1617,421,1682,618
0518.png,69,59,Smoke,1688,578,1757,637
0518.png,50,116,Smoke,1431,428,1481,544
0518.png,76,118,Smoke,1772,309,1848,427
0518.png,55,80,Smoke,546,424,601,504
0518.png,23,113,Smoke,1214,464,1237,577
0518.png,57,57,Smoke,1773,313,1830,370
0519.png,80,48,Smoke,415,514,495,562
0519.png,97,120,Smoke,647,423,744,543
0519.png,95,155,Smoke,823,392,918,547
0519.png,107,221,Smoke,1024,320,1131,541
0519.png,32,158,Smoke,962,387,994,545
0519.png,29,218,Smoke,1163,355,1192,573
0519.png,124,174,Smoke,1250,378,1374,552
0519.png,161,109,Smoke,1759,450,1920,559
0519.png,65,197,Smoke,1617,423,1682,620
0519.png,69,59,Smoke,1688,578,1757,637
0519.png,50,116,Smoke,1431,428,1481,544
0519.png,76,118,Smoke,1772,309,1848,427
0519.png,55,80,Smoke,546,424,601,504
0519.png,23,113,Smoke,1214,464,1237,577
0519.png,57,57,Smoke,1773,313,1830,370
0520.png,80,48,Smoke,415,514,495,562
0520.png,97,120,Smoke,647,423,744,543
0520.png,95,155,Smoke,823,392,918,547
0520.png,107,221,Smoke,1024,321,1131,542
0520.png,32,158,Smoke,962,387,994,545
0520.png,29,218,Smoke,1163,356,1192,574
0520.png,124,174,Smoke,1250,378,1374,552
0520.png,160,109,Smoke,1760,451,1920,560
0520.png,65,197,Smoke,1616,420,1681,617
0520.png,69,59,Smoke,1688,578,1757,637
0520.png,50,116,Smoke,1431,428,1481,544
0520.png,76,118,Smoke,1772,309,1848,427
0520.png,55,80,Smoke,546,424,601,504
0520.png,23,113,Smoke,1214,464,1237,577
0520.png,57,57,Smoke,1773,313,1830,370
0521.png,80,48,Smoke,415,514,495,562
0521.png,97,120,Smoke,647,425,744,545
0521.png,95,155,Smoke,824,394,919,549
0521.png,107,221,Smoke,1024,320,1131,541
0521.png,32,158,Smoke,962,387,994,545
0521.png,29,218,Smoke,1163,356,1192,574
0521.png,124,174,Smoke,1250,378,1374,552
0521.png,161,109,Smoke,1759,449,1920,558
0521.png,65,197,Smoke,1617,423,1682,620
0521.png,69,59,Smoke,1688,578,1757,637
0521.png,50,116,Smoke,1431,428,1481,544
0521.png,76,118,Smoke,1772,309,1848,427
0521.png,55,80,Smoke,546,424,601,504
0521.png,23,113,Smoke,1214,464,1237,577
0521.png,57,57,Smoke,1773,313,1830,370
0521.png,55,80,Smoke,546,424,601,504
0522.png,80,48,Smoke,415,513,495,561
0522.png,97,120,Smoke,647,425,744,545
0522.png,95,155,Smoke,824,394,919,549
0522.png,107,221,Smoke,1024,320,1131,541
0522.png,32,158,Smoke,962,387,994,545
0522.png,29,218,Smoke,1163,356,1192,574
0522.png,124,174,Smoke,1250,378,1374,552
0522.png,160,109,Smoke,1760,449,1920,558
0522.png,65,197,Smoke,1617,423,1682,620
0522.png,69,59,Smoke,1688,578,1757,637
0522.png,50,116,Smoke,1431,428,1481,544
0522.png,76,118,Smoke,1772,309,1848,427
0522.png,23,113,Smoke,1214,464,1237,577
0522.png,57,57,Smoke,1773,313,1830,370
0522.png,55,80,Smoke,546,424,601,504
0523.png,80,48,Smoke,415,514,495,562
0523.png,97,120,Smoke,647,425,744,545
0523.png,95,155,Smoke,823,394,918,549
0523.png,107,221,Smoke,1024,320,1131,541
0523.png,32,158,Smoke,962,389,994,547
0523.png,29,218,Smoke,1163,356,1192,574
0523.png,124,174,Smoke,1250,378,1374,552
0523.png,161,109,Smoke,1759,448,1920,557
0523.png,65,197,Smoke,1617,423,1682,620
0523.png,69,59,Smoke,1688,578,1757,637
0523.png,50,116,Smoke,1431,428,1481,544
0523.png,76,118,Smoke,1772,309,1848,427
0523.png,23,113,Smoke,1214,464,1237,577
0523.png,57,57,Smoke,1773,313,1830,370
0524.png,80,48,Smoke,415,514,495,562
0524.png,97,120,Smoke,647,425,744,545
0524.png,95,155,Smoke,823,394,918,549
0524.png,107,221,Smoke,1024,320,1131,541
0524.png,32,158,Smoke,962,389,994,547
0524.png,29,218,Smoke,1163,356,1192,574
0524.png,124,174,Smoke,1250,378,1374,552
0524.png,160,109,Smoke,1760,448,1920,557
0524.png,65,197,Smoke,1617,423,1682,620
0524.png,69,59,Smoke,1688,578,1757,637
0524.png,50,116,Smoke,1431,428,1481,544
0524.png,76,118,Smoke,1772,309,1848,427
0524.png,55,80,Smoke,546,424,601,504
0524.png,23,113,Smoke,1214,464,1237,577
0524.png,57,57,Smoke,1773,313,1830,370
0525.png,80,48,Smoke,415,514,495,562
0525.png,97,120,Smoke,647,427,744,547
0525.png,95,155,Smoke,825,394,920,549
0525.png,107,221,Smoke,1024,320,1131,541
0525.png,32,158,Smoke,963,387,995,545
0525.png,29,218,Smoke,1163,355,1192,573
0525.png,124,174,Smoke,1250,378,1374,552
0525.png,161,109,Smoke,1759,448,1920,557
0525.png,65,197,Smoke,1617,423,1682,620
0525.png,69,59,Smoke,1688,578,1757,637
0525.png,50,116,Smoke,1431,428,1481,544
0525.png,76,118,Smoke,1772,309,1848,427
0525.png,55,80,Smoke,546,424,601,504
0525.png,23,113,Smoke,1214,464,1237,577
0525.png,57,57,Smoke,1773,313,1830,370
0526.png,80,48,Smoke,415,514,495,562
0526.png,97,120,Smoke,647,427,744,547
0526.png,95,155,Smoke,825,394,920,549
0526.png,107,221,Smoke,1024,320,1131,541
0526.png,32,158,Smoke,962,389,994,547
0526.png,29,218,Smoke,1163,356,1192,574
0526.png,124,174,Smoke,1250,378,1374,552
0526.png,160,109,Smoke,1760,448,1920,557
0526.png,65,197,Smoke,1617,424,1682,621
0526.png,69,59,Smoke,1688,578,1757,637
0526.png,50,116,Smoke,1431,428,1481,544
0526.png,76,118,Smoke,1771,308,1847,426
0526.png,55,80,Smoke,546,424,601,504
0526.png,23,113,Smoke,1214,464,1237,577
0526.png,57,57,Smoke,1773,313,1830,370
0527.png,80,48,Smoke,415,514,495,562
0527.png,97,120,Smoke,647,427,744,547
0527.png,95,155,Smoke,823,394,918,549
0527.png,107,221,Smoke,1024,320,1131,541
0527.png,32,158,Smoke,962,389,994,547
0527.png,29,218,Smoke,1163,356,1192,574
0527.png,124,174,Smoke,1250,378,1374,552
0527.png,161,109,Smoke,1759,448,1920,557
0527.png,65,197,Smoke,1617,423,1682,620
0527.png,69,59,Smoke,1688,578,1757,637
0527.png,50,116,Smoke,1431,428,1481,544
0527.png,76,118,Smoke,1772,308,1848,426
0527.png,55,80,Smoke,546,424,601,504
0527.png,23,113,Smoke,1214,464,1237,577
0527.png,57,57,Smoke,1773,313,1830,370
0528.png,80,48,Smoke,415,514,495,562
0528.png,97,120,Smoke,647,425,744,545
0528.png,95,155,Smoke,824,394,919,549
0528.png,107,221,Smoke,1024,320,1131,541
0528.png,32,158,Smoke,962,386,994,544
0528.png,29,218,Smoke,1163,356,1192,574
0528.png,124,174,Smoke,1250,378,1374,552
0528.png,160,109,Smoke,1760,449,1920,558
0528.png,65,197,Smoke,1617,423,1682,620
0528.png,69,59,Smoke,1688,578,1757,637
0528.png,50,116,Smoke,1431,428,1481,544
0528.png,76,118,Smoke,1771,309,1847,427
0528.png,55,80,Smoke,546,424,601,504
0528.png,23,113,Smoke,1214,464,1237,577
0528.png,57,57,Smoke,1773,313,1830,370
0529.png,80,48,Smoke,415,514,495,562
0529.png,97,120,Smoke,647,425,744,545
0529.png,95,155,Smoke,823,394,918,549
0529.png,107,221,Smoke,1024,320,1131,541
0529.png,32,158,Smoke,962,386,994,544
0529.png,29,218,Smoke,1163,356,1192,574
0529.png,124,174,Smoke,1250,378,1374,552
0529.png,161,109,Smoke,1759,448,1920,557
0529.png,65,197,Smoke,1617,423,1682,620
0529.png,69,59,Smoke,1689,578,1758,637
0529.png,50,116,Smoke,1431,428,1481,544
0529.png,76,118,Smoke,1771,309,1847,427
0529.png,55,80,Smoke,546,424,601,504
0529.png,23,113,Smoke,1214,464,1237,577
0529.png,57,57,Smoke,1773,313,1830,370
0530.png,80,48,Smoke,415,514,495,562
0530.png,97,120,Smoke,647,425,744,545
0530.png,95,155,Smoke,823,394,918,549
0530.png,107,221,Smoke,1024,320,1131,541
0530.png,32,158,Smoke,962,386,994,544
0530.png,29,218,Smoke,1163,356,1192,574
0530.png,124,174,Smoke,1250,378,1374,552
0530.png,160,109,Smoke,1760,448,1920,557
0530.png,65,197,Smoke,1617,422,1682,619
0530.png,69,59,Smoke,1688,578,1757,637
0530.png,50,116,Smoke,1431,428,1481,544
0530.png,76,118,Smoke,1771,309,1847,427
0530.png,55,80,Smoke,546,424,601,504
0530.png,23,113,Smoke,1214,464,1237,577
0530.png,57,57,Smoke,1773,313,1830,370
0531.png,80,48,Smoke,415,514,495,562
0531.png,97,120,Smoke,647,425,744,545
0531.png,95,155,Smoke,824,394,919,549
0531.png,107,221,Smoke,1024,320,1131,541
0531.png,32,158,Smoke,962,389,994,547
0531.png,29,218,Smoke,1163,355,1192,573
0531.png,124,174,Smoke,1250,378,1374,552
0531.png,161,109,Smoke,1759,449,1920,558
0531.png,65,197,Smoke,1617,423,1682,620
0531.png,69,59,Smoke,1688,578,1757,637
0531.png,50,116,Smoke,1431,428,1481,544
0531.png,76,118,Smoke,1771,309,1847,427
0531.png,55,80,Smoke,546,424,601,504
0531.png,23,113,Smoke,1214,464,1237,577
0531.png,57,57,Smoke,1773,313,1830,370
0531.png,55,80,Smoke,546,424,601,504
0532.png,80,48,Smoke,415,514,495,562
0532.png,97,120,Smoke,647,425,744,545
0532.png,95,155,Smoke,824,394,919,549
0532.png,107,221,Smoke,1024,321,1131,542
0532.png,32,158,Smoke,962,389,994,547
0532.png,29,218,Smoke,1163,355,1192,573
0532.png,124,174,Smoke,1250,378,1374,552
0532.png,160,109,Smoke,1760,449,1920,558
0532.png,65,197,Smoke,1617,424,1682,621
0532.png,69,59,Smoke,1687,578,1756,637
0532.png,50,116,Smoke,1432,428,1482,544
0532.png,76,118,Smoke,1770,309,1846,427
0532.png,23,113,Smoke,1214,464,1237,577
0532.png,57,57,Smoke,1773,313,1830,370
0532.png,55,80,Smoke,546,424,601,504
0533.png,80,48,Smoke,415,514,495,562
0533.png,97,120,Smoke,647,425,744,545
0533.png,95,155,Smoke,824,394,919,549
0533.png,107,221,Smoke,1024,320,1131,541
0533.png,32,158,Smoke,962,389,994,547
0533.png,29,218,Smoke,1163,354,1192,572
0533.png,124,174,Smoke,1250,378,1374,552
0533.png,161,109,Smoke,1759,449,1920,558
0533.png,65,218,Smoke,1618,399,1683,617
0533.png,69,59,Smoke,1688,578,1757,637
0533.png,50,128,Smoke,1435,420,1485,548
0533.png,76,118,Smoke,1770,308,1846,426
0533.png,23,113,Smoke,1214,464,1237,577
0533.png,57,57,Smoke,1773,313,1830,370
0534.png,80,48,Smoke,415,514,495,562
0534.png,97,120,Smoke,647,425,744,545
0534.png,95,155,Smoke,824,394,919,549
0534.png,107,221,Smoke,1024,319,1131,540
0534.png,32,158,Smoke,962,389,994,547
0534.png,29,218,Smoke,1163,355,1192,573
0534.png,124,174,Smoke,1250,378,1374,552
0534.png,160,109,Smoke,1760,449,1920,558
0534.png,65,218,Smoke,1618,399,1683,617
0534.png,69,59,Smoke,1687,578,1756,637
0534.png,50,128,Smoke,1436,421,1486,549
0534.png,76,118,Smoke,1771,310,1847,428
0534.png,55,80,Smoke,546,424,601,504
0534.png,23,113,Smoke,1214,464,1237,577
0534.png,57,57,Smoke,1773,313,1830,370
0535.png,80,48,Smoke,415,514,495,562
0535.png,97,120,Smoke,647,425,744,545
0535.png,95,155,Smoke,824,394,919,549
0535.png,107,221,Smoke,1024,319,1131,540
0535.png,32,158,Smoke,962,389,994,547
0535.png,29,218,Smoke,1163,355,1192,573
0535.png,124,174,Smoke,1250,378,1374,552
0535.png,161,109,Smoke,1759,450,1920,559
0535.png,65,218,Smoke,1617,399,1682,617
0535.png,69,59,Smoke,1688,578,1757,637
0535.png,50,128,Smoke,1435,420,1485,548
0535.png,76,118,Smoke,1771,310,1847,428
0535.png,55,80,Smoke,546,424,601,504
0535.png,23,113,Smoke,1214,464,1237,577
0535.png,57,57,Smoke,1773,313,1830,370
0536.png,80,48,Smoke,415,514,495,562
0536.png,97,120,Smoke,647,425,744,545
0536.png,95,155,Smoke,824,394,919,549
0536.png,107,221,Smoke,1024,319,1131,540
0536.png,32,158,Smoke,962,389,994,547
0536.png,29,218,Smoke,1163,355,1192,573
0536.png,124,174,Smoke,1250,378,1374,552
0536.png,160,109,Smoke,1760,449,1920,558
0536.png,65,218,Smoke,1619,399,1684,617
0536.png,69,59,Smoke,1688,578,1757,637
0536.png,50,128,Smoke,1435,420,1485,548
0536.png,76,118,Smoke,1771,309,1847,427
0536.png,55,80,Smoke,546,424,601,504
0536.png,23,113,Smoke,1214,464,1237,577
0536.png,57,57,Smoke,1773,313,1830,370
0537.png,80,48,Smoke,415,514,495,562
0537.png,97,120,Smoke,647,425,744,545
0537.png,95,155,Smoke,824,394,919,549
0537.png,107,221,Smoke,1024,320,1131,541
0537.png,32,158,Smoke,962,389,994,547
0537.png,29,218,Smoke,1163,355,1192,573
0537.png,124,174,Smoke,1250,378,1374,552
0537.png,161,109,Smoke,1759,449,1920,558
0537.png,65,218,Smoke,1619,399,1684,617
0537.png,69,59,Smoke,1688,578,1757,637
0537.png,50,128,Smoke,1435,420,1485,548
0537.png,76,118,Smoke,1771,309,1847,427
0537.png,55,80,Smoke,546,424,601,504
0537.png,23,113,Smoke,1214,464,1237,577
0537.png,57,57,Smoke,1773,313,1830,370
0538.png,80,48,Smoke,415,514,495,562
0538.png,97,120,Smoke,647,425,744,545
0538.png,95,155,Smoke,824,394,919,549
0538.png,107,221,Smoke,1024,319,1131,540
0538.png,32,158,Smoke,962,389,994,547
0538.png,29,218,Smoke,1163,356,1192,574
0538.png,124,174,Smoke,1250,378,1374,552
0538.png,160,109,Smoke,1760,450,1920,559
0538.png,65,218,Smoke,1618,399,1683,617
0538.png,69,59,Smoke,1687,577,1756,636
0538.png,50,128,Smoke,1435,421,1485,549
0538.png,76,118,Smoke,1772,309,1848,427
0538.png,55,80,Smoke,546,424,601,504
0538.png,23,113,Smoke,1214,465,1237,578
0538.png,57,57,Smoke,1773,313,1830,370
0539.png,80,48,Smoke,415,514,495,562
0539.png,97,120,Smoke,647,425,744,545
0539.png,95,155,Smoke,824,394,919,549
0539.png,107,221,Smoke,1024,320,1131,541
0539.png,32,158,Smoke,962,389,994,547
0539.png,29,218,Smoke,1163,356,1192,574
0539.png,124,174,Smoke,1250,378,1374,552
0539.png,161,109,Smoke,1759,449,1920,558
0539.png,65,218,Smoke,1618,399,1683,617
0539.png,69,59,Smoke,1687,577,1756,636
0539.png,50,128,Smoke,1435,421,1485,549
0539.png,76,118,Smoke,1771,309,1847,427
0539.png,55,80,Smoke,546,424,601,504
0539.png,23,113,Smoke,1214,465,1237,578
0539.png,57,57,Smoke,1773,313,1830,370
0540.png,80,48,Smoke,415,514,495,562
0540.png,97,120,Smoke,647,425,744,545
0540.png,95,155,Smoke,824,394,919,549
0540.png,107,221,Smoke,1024,319,1131,540
0540.png,32,158,Smoke,962,389,994,547
0540.png,29,218,Smoke,1163,356,1192,574
0540.png,124,174,Smoke,1250,378,1374,552
0540.png,160,109,Smoke,1760,449,1920,558
0540.png,65,218,Smoke,1618,399,1683,617
0540.png,69,59,Smoke,1687,577,1756,636
0540.png,50,128,Smoke,1435,421,1485,549
0540.png,76,118,Smoke,1771,309,1847,427
0540.png,55,80,Smoke,546,424,601,504
0540.png,23,113,Smoke,1214,465,1237,578
0540.png,57,57,Smoke,1773,313,1830,370
0541.png,80,48,Smoke,415,514,495,562
0541.png,97,120,Smoke,647,425,744,545
0541.png,95,155,Smoke,824,394,919,549
0541.png,107,221,Smoke,1025,320,1132,541
0541.png,32,158,Smoke,962,389,994,547
0541.png,29,218,Smoke,1163,357,1192,575
0541.png,124,174,Smoke,1250,378,1374,552
0541.png,161,109,Smoke,1759,449,1920,558
0541.png,65,218,Smoke,1618,399,1683,617
0541.png,69,59,Smoke,1687,577,1756,636
0541.png,50,128,Smoke,1435,421,1485,549
0541.png,76,118,Smoke,1771,309,1847,427
0541.png,55,80,Smoke,546,424,601,504
0541.png,23,113,Smoke,1214,465,1237,578
0541.png,57,57,Smoke,1773,313,1830,370
0541.png,55,80,Smoke,546,424,601,504
0542.png,80,48,Smoke,415,514,495,562
0542.png,97,120,Smoke,647,425,744,545
0542.png,95,155,Smoke,823,394,918,549
0542.png,107,221,Smoke,1025,320,1132,541
0542.png,32,158,Smoke,963,389,995,547
0542.png,29,218,Smoke,1163,357,1192,575
0542.png,124,174,Smoke,1250,378,1374,552
0542.png,160,109,Smoke,1760,449,1920,558
0542.png,65,218,Smoke,1618,399,1683,617
0542.png,69,59,Smoke,1687,577,1756,636
0542.png,50,128,Smoke,1435,421,1485,549
0542.png,76,118,Smoke,1771,309,1847,427
0542.png,23,113,Smoke,1214,464,1237,577
0542.png,57,57,Smoke,1773,313,1830,370
0542.png,55,80,Smoke,546,424,601,504
0543.png,80,48,Smoke,415,513,495,561
0543.png,97,120,Smoke,647,425,744,545
0543.png,95,155,Smoke,824,394,919,549
0543.png,107,221,Smoke,1025,320,1132,541
0543.png,32,158,Smoke,962,389,994,547
0543.png,29,218,Smoke,1163,355,1192,573
0543.png,124,174,Smoke,1250,378,1374,552
0543.png,161,109,Smoke,1759,449,1920,558
0543.png,65,218,Smoke,1618,399,1683,617
0543.png,69,59,Smoke,1687,577,1756,636
0543.png,50,128,Smoke,1435,421,1485,549
0543.png,76,118,Smoke,1771,309,1847,427
0543.png,23,113,Smoke,1214,465,1237,578
0543.png,57,57,Smoke,1773,313,1830,370
0544.png,80,48,Smoke,415,513,495,561
0544.png,97,120,Smoke,647,424,744,544
0544.png,95,155,Smoke,825,394,920,549
0544.png,107,221,Smoke,1025,319,1132,540
0544.png,32,158,Smoke,962,389,994,547
0544.png,29,218,Smoke,1163,357,1192,575
0544.png,124,174,Smoke,1250,378,1374,552
0544.png,160,109,Smoke,1760,449,1920,558
0544.png,65,218,Smoke,1617,399,1682,617
0544.png,99,59,Smoke,1693,576,1792,635
0544.png,50,128,Smoke,1435,421,1485,549
0544.png,76,118,Smoke,1771,309,1847,427
0544.png,55,80,Smoke,546,424,601,504
0544.png,23,113,Smoke,1214,465,1237,578
0544.png,57,57,Smoke,1773,313,1830,370
0545.png,80,48,Smoke,415,513,495,561
0545.png,97,120,Smoke,647,425,744,545
0545.png,95,155,Smoke,824,394,919,549
0545.png,107,221,Smoke,1025,320,1132,541
0545.png,32,158,Smoke,962,391,994,549
0545.png,29,218,Smoke,1163,357,1192,575
0545.png,124,174,Smoke,1250,378,1374,552
0545.png,161,109,Smoke,1759,449,1920,558
0545.png,65,218,Smoke,1618,397,1683,615
0545.png,99,59,Smoke,1692,576,1791,635
0545.png,50,128,Smoke,1435,421,1485,549
0545.png,76,118,Smoke,1771,309,1847,427
0545.png,55,80,Smoke,546,424,601,504
0545.png,23,113,Smoke,1214,465,1237,578
0545.png,57,57,Smoke,1773,313,1830,370
0546.png,80,48,Smoke,415,513,495,561
0546.png,97,120,Smoke,647,423,744,543
0546.png,95,155,Smoke,825,394,920,549
0546.png,107,221,Smoke,1026,319,1133,540
0546.png,32,158,Smoke,962,389,994,547
0546.png,29,218,Smoke,1163,357,1192,575
0546.png,124,174,Smoke,1250,378,1374,552
0546.png,160,109,Smoke,1760,449,1920,558
0546.png,65,218,Smoke,1617,399,1682,617
0546.png,99,59,Smoke,1692,575,1791,634
0546.png,50,128,Smoke,1435,421,1485,549
0546.png,76,118,Smoke,1771,309,1847,427
0546.png,55,80,Smoke,546,424,601,504
0546.png,23,113,Smoke,1214,465,1237,578
0546.png,57,57,Smoke,1773,313,1830,370
0547.png,80,48,Smoke,415,513,495,561
0547.png,97,120,Smoke,647,425,744,545
0547.png,95,155,Smoke,824,394,919,549
0547.png,107,221,Smoke,1025,320,1132,541
0547.png,32,158,Smoke,962,389,994,547
0547.png,29,218,Smoke,1163,357,1192,575
0547.png,124,174,Smoke,1250,378,1374,552
0547.png,161,109,Smoke,1759,449,1920,558
0547.png,65,218,Smoke,1618,399,1683,617
0547.png,99,59,Smoke,1692,576,1791,635
0547.png,50,128,Smoke,1435,421,1485,549
0547.png,76,118,Smoke,1771,309,1847,427
0547.png,55,80,Smoke,546,424,601,504
0547.png,23,113,Smoke,1214,465,1237,578
0547.png,57,57,Smoke,1773,313,1830,370
0548.png,80,48,Smoke,415,514,495,562
0548.png,97,120,Smoke,647,425,744,545
0548.png,95,155,Smoke,825,394,920,549
0548.png,107,221,Smoke,1026,319,1133,540
0548.png,32,158,Smoke,962,389,994,547
0548.png,29,218,Smoke,1163,357,1192,575
0548.png,124,174,Smoke,1250,378,1374,552
0548.png,160,109,Smoke,1760,449,1920,558
0548.png,65,218,Smoke,1618,399,1683,617
0548.png,99,59,Smoke,1692,576,1791,635
0548.png,50,128,Smoke,1435,421,1485,549
0548.png,76,118,Smoke,1771,308,1847,426
0548.png,55,80,Smoke,546,424,601,504
0548.png,23,113,Smoke,1214,465,1237,578
0548.png,57,57,Smoke,1773,313,1830,370
0549.png,80,48,Smoke,415,513,495,561
0549.png,97,120,Smoke,647,425,744,545
0549.png,95,155,Smoke,825,394,920,549
0549.png,107,221,Smoke,1025,320,1132,541
0549.png,32,158,Smoke,962,389,994,547
0549.png,29,218,Smoke,1163,357,1192,575
0549.png,124,174,Smoke,1250,378,1374,552
0549.png,161,109,Smoke,1759,449,1920,558
0549.png,65,218,Smoke,1618,399,1683,617
0549.png,99,59,Smoke,1692,576,1791,635
0549.png,50,128,Smoke,1435,421,1485,549
0549.png,76,118,Smoke,1771,308,1847,426
0549.png,55,80,Smoke,546,424,601,504
0549.png,23,113,Smoke,1214,465,1237,578
0549.png,57,57,Smoke,1773,313,1830,370
0550.png,80,48,Smoke,415,514,495,562
0550.png,97,120,Smoke,647,424,744,544
0550.png,95,155,Smoke,824,394,919,549
0550.png,107,221,Smoke,1025,319,1132,540
0550.png,32,158,Smoke,962,389,994,547
0550.png,29,218,Smoke,1163,357,1192,575
0550.png,124,174,Smoke,1250,378,1374,552
0550.png,160,109,Smoke,1760,449,1920,558
0550.png,65,218,Smoke,1618,399,1683,617
0550.png,99,59,Smoke,1692,576,1791,635
0550.png,50,128,Smoke,1435,421,1485,549
0550.png,76,118,Smoke,1771,308,1847,426
0550.png,55,80,Smoke,546,424,601,504
0550.png,23,113,Smoke,1214,465,1237,578
0550.png,57,57,Smoke,1773,313,1830,370
0551.png,80,48,Smoke,415,514,495,562
0551.png,97,120,Smoke,647,425,744,545
0551.png,95,155,Smoke,824,394,919,549
0551.png,107,221,Smoke,1025,320,1132,541
0551.png,32,158,Smoke,962,389,994,547
0551.png,29,218,Smoke,1163,357,1192,575
0551.png,124,174,Smoke,1250,378,1374,552
0551.png,161,109,Smoke,1759,451,1920,560
0551.png,65,218,Smoke,1618,397,1683,615
0551.png,99,59,Smoke,1692,575,1791,634
0551.png,50,128,Smoke,1435,421,1485,549
0551.png,76,118,Smoke,1771,308,1847,426
0551.png,55,80,Smoke,546,424,601,504
0551.png,23,113,Smoke,1214,465,1237,578
0551.png,57,57,Smoke,1773,313,1830,370
0551.png,55,80,Smoke,546,424,601,504
0551.png,23,113,Smoke,1214,466,1237,579
0552.png,80,48,Smoke,415,514,495,562
0552.png,97,120,Smoke,647,425,744,545
0552.png,95,155,Smoke,824,394,919,549
0552.png,107,221,Smoke,1025,319,1132,540
0552.png,32,158,Smoke,962,389,994,547
0552.png,29,218,Smoke,1163,357,1192,575
0552.png,124,174,Smoke,1250,378,1374,552
0552.png,160,109,Smoke,1760,453,1920,562
0552.png,65,218,Smoke,1618,397,1683,615
0552.png,99,59,Smoke,1692,576,1791,635
0552.png,50,128,Smoke,1435,422,1485,550
0552.png,76,118,Smoke,1771,308,1847,426
0552.png,57,57,Smoke,1773,313,1830,370
0552.png,55,80,Smoke,546,424,601,504
0552.png,23,113,Smoke,1214,465,1237,578
0553.png,80,48,Smoke,415,514,495,562
0553.png,97,120,Smoke,647,425,744,545
0553.png,95,155,Smoke,824,394,919,549
0553.png,107,221,Smoke,1025,320,1132,541
0553.png,32,158,Smoke,962,389,994,547
0553.png,29,218,Smoke,1163,357,1192,575
0553.png,124,174,Smoke,1250,378,1374,552
0553.png,161,109,Smoke,1759,451,1920,560
0553.png,65,218,Smoke,1618,397,1683,615
0553.png,99,59,Smoke,1692,576,1791,635
0553.png,50,128,Smoke,1435,421,1485,549
0553.png,76,118,Smoke,1771,308,1847,426
0553.png,57,57,Smoke,1773,313,1830,370
0554.png,80,48,Smoke,415,514,495,562
0554.png,97,120,Smoke,647,424,744,544
0554.png,95,155,Smoke,824,394,919,549
0554.png,107,221,Smoke,1026,319,1133,540
0554.png,32,158,Smoke,962,389,994,547
0554.png,29,218,Smoke,1163,357,1192,575
0554.png,124,174,Smoke,1250,378,1374,552
0554.png,160,109,Smoke,1760,451,1920,560
0554.png,65,218,Smoke,1618,397,1683,615
0554.png,99,59,Smoke,1692,576,1791,635
0554.png,50,128,Smoke,1435,422,1485,550
0554.png,76,118,Smoke,1771,308,1847,426
0554.png,55,80,Smoke,546,424,601,504
0554.png,23,113,Smoke,1214,465,1237,578
0554.png,57,57,Smoke,1773,313,1830,370
0555.png,80,48,Smoke,415,514,495,562
0555.png,97,120,Smoke,647,425,744,545
0555.png,95,155,Smoke,824,394,919,549
0555.png,107,221,Smoke,1025,320,1132,541
0555.png,32,158,Smoke,962,389,994,547
0555.png,29,218,Smoke,1163,357,1192,575
0555.png,124,174,Smoke,1250,378,1374,552
0555.png,161,109,Smoke,1759,451,1920,560
0555.png,65,218,Smoke,1618,397,1683,615
0555.png,99,59,Smoke,1692,576,1791,635
0555.png,50,128,Smoke,1434,421,1484,549
0555.png,76,118,Smoke,1771,308,1847,426
0555.png,55,80,Smoke,546,424,601,504
0555.png,23,113,Smoke,1214,465,1237,578
0555.png,57,57,Smoke,1773,313,1830,370
0556.png,80,48,Smoke,415,514,495,562
0556.png,97,120,Smoke,647,425,744,545
0556.png,95,155,Smoke,824,394,919,549
0556.png,107,221,Smoke,1026,319,1133,540
0556.png,32,158,Smoke,962,389,994,547
0556.png,29,218,Smoke,1163,357,1192,575
0556.png,124,174,Smoke,1250,378,1374,552
0556.png,160,109,Smoke,1760,451,1920,560
0556.png,65,218,Smoke,1618,397,1683,615
0556.png,99,59,Smoke,1692,576,1791,635
0556.png,50,128,Smoke,1435,421,1485,549
0556.png,76,118,Smoke,1771,308,1847,426
0556.png,55,80,Smoke,546,424,601,504
0556.png,23,113,Smoke,1214,465,1237,578
0556.png,57,57,Smoke,1773,313,1830,370
0557.png,80,48,Smoke,415,514,495,562
0557.png,97,120,Smoke,647,425,744,545
0557.png,95,155,Smoke,824,394,919,549
0557.png,107,221,Smoke,1025,320,1132,541
0557.png,32,158,Smoke,962,389,994,547
0557.png,29,218,Smoke,1163,357,1192,575
0557.png,124,174,Smoke,1250,378,1374,552
0557.png,161,109,Smoke,1759,451,1920,560
0557.png,65,218,Smoke,1618,397,1683,615
0557.png,99,59,Smoke,1692,576,1791,635
0557.png,50,128,Smoke,1435,423,1485,551
0557.png,76,118,Smoke,1771,308,1847,426
0557.png,55,80,Smoke,546,424,601,504
0557.png,23,113,Smoke,1214,465,1237,578
0557.png,57,57,Smoke,1773,313,1830,370
0558.png,80,48,Smoke,415,514,495,562
0558.png,97,120,Smoke,647,425,744,545
0558.png,95,155,Smoke,824,394,919,549
0558.png,107,221,Smoke,1025,317,1132,538
0558.png,32,158,Smoke,962,389,994,547
0558.png,29,218,Smoke,1163,357,1192,575
0558.png,124,174,Smoke,1250,378,1374,552
0558.png,160,109,Smoke,1760,450,1920,559
0558.png,65,218,Smoke,1618,397,1683,615
0558.png,99,59,Smoke,1692,576,1791,635
0558.png,50,128,Smoke,1434,421,1484,549
0558.png,76,118,Smoke,1771,307,1847,425
0558.png,55,80,Smoke,546,424,601,504
0558.png,23,113,Smoke,1214,465,1237,578
0558.png,57,57,Smoke,1773,313,1830,370
0559.png,80,48,Smoke,415,514,495,562
0559.png,97,120,Smoke,647,425,744,545
0559.png,95,155,Smoke,824,394,919,549
0559.png,107,221,Smoke,1026,320,1133,541
0559.png,32,158,Smoke,962,389,994,547
0559.png,29,218,Smoke,1163,357,1192,575
0559.png,124,174,Smoke,1250,378,1374,552
0559.png,161,109,Smoke,1759,450,1920,559
0559.png,65,218,Smoke,1618,397,1683,615
0559.png,99,59,Smoke,1692,576,1791,635
0559.png,50,128,Smoke,1434,423,1484,551
0559.png,76,118,Smoke,1770,307,1846,425
0559.png,55,80,Smoke,546,424,601,504
0559.png,23,113,Smoke,1214,465,1237,578
0559.png,57,57,Smoke,1773,313,1830,370
0560.png,80,48,Smoke,415,514,495,562
0560.png,97,120,Smoke,647,425,744,545
0560.png,95,155,Smoke,824,394,919,549
0560.png,107,221,Smoke,1026,319,1133,540
0560.png,32,158,Smoke,962,389,994,547
0560.png,29,218,Smoke,1163,357,1192,575
0560.png,124,174,Smoke,1250,378,1374,552
0560.png,162,109,Smoke,1758,450,1920,559
0560.png,65,218,Smoke,1618,397,1683,615
0560.png,99,59,Smoke,1692,576,1791,635
0560.png,50,128,Smoke,1435,422,1485,550
0560.png,76,118,Smoke,1770,307,1846,425
0560.png,55,80,Smoke,546,424,601,504
0560.png,23,113,Smoke,1214,465,1237,578
0560.png,57,57,Smoke,1773,313,1830,370
0561.png,80,48,Smoke,415,514,495,562
0561.png,97,120,Smoke,647,425,744,545
0561.png,95,155,Smoke,824,394,919,549
0561.png,107,221,Smoke,1026,320,1133,541
0561.png,32,158,Smoke,962,389,994,547
0561.png,29,218,Smoke,1163,357,1192,575
0561.png,124,174,Smoke,1250,378,1374,552
0561.png,163,109,Smoke,1757,450,1920,559
0561.png,65,218,Smoke,1618,397,1683,615
0561.png,99,59,Smoke,1692,576,1791,635
0561.png,50,128,Smoke,1435,423,1485,551
0561.png,76,118,Smoke,1770,307,1846,425
0561.png,55,80,Smoke,546,424,601,504
0561.png,23,113,Smoke,1214,465,1237,578
0561.png,57,57,Smoke,1773,313,1830,370
0561.png,55,80,Smoke,546,424,601,504
0561.png,23,113,Smoke,1214,465,1237,578
0562.png,80,48,Smoke,415,514,495,562
0562.png,97,120,Smoke,647,425,744,545
0562.png,95,155,Smoke,824,394,919,549
0562.png,107,221,Smoke,1026,319,1133,540
0562.png,32,158,Smoke,962,389,994,547
0562.png,29,218,Smoke,1163,357,1192,575
0562.png,124,174,Smoke,1250,378,1374,552
0562.png,163,109,Smoke,1757,450,1920,559
0562.png,65,218,Smoke,1618,397,1683,615
0562.png,99,59,Smoke,1692,576,1791,635
0562.png,50,128,Smoke,1435,423,1485,551
0562.png,76,118,Smoke,1770,307,1846,425
0562.png,57,57,Smoke,1773,313,1830,370
0562.png,55,80,Smoke,546,424,601,504
0562.png,23,113,Smoke,1214,465,1237,578
0563.png,80,48,Smoke,415,514,495,562
0563.png,97,120,Smoke,647,425,744,545
0563.png,95,155,Smoke,824,394,919,549
0563.png,107,221,Smoke,1026,320,1133,541
0563.png,32,158,Smoke,962,389,994,547
0563.png,29,218,Smoke,1163,357,1192,575
0563.png,124,174,Smoke,1250,378,1374,552
0563.png,163,109,Smoke,1757,450,1920,559
0563.png,65,218,Smoke,1618,397,1683,615
0563.png,99,59,Smoke,1692,575,1791,634
0563.png,50,128,Smoke,1435,423,1485,551
0563.png,76,118,Smoke,1770,307,1846,425
0563.png,57,57,Smoke,1773,313,1830,370
0564.png,80,48,Smoke,415,514,495,562
0564.png,97,120,Smoke,647,425,744,545
0564.png,95,155,Smoke,824,394,919,549
0564.png,107,221,Smoke,1026,319,1133,540
0564.png,32,158,Smoke,962,389,994,547
0564.png,29,218,Smoke,1163,357,1192,575
0564.png,124,174,Smoke,1250,378,1374,552
0564.png,163,109,Smoke,1757,450,1920,559
0564.png,65,218,Smoke,1618,397,1683,615
0564.png,99,59,Smoke,1692,575,1791,634
0564.png,50,128,Smoke,1435,423,1485,551
0564.png,76,118,Smoke,1770,307,1846,425
0564.png,55,80,Smoke,546,424,601,504
0564.png,23,113,Smoke,1214,465,1237,578
0564.png,57,57,Smoke,1773,313,1830,370
0565.png,80,48,Smoke,415,514,495,562
0565.png,97,120,Smoke,647,426,744,546
0565.png,95,155,Smoke,824,394,919,549
0565.png,107,221,Smoke,1026,319,1133,540
0565.png,32,158,Smoke,962,389,994,547
0565.png,29,218,Smoke,1163,356,1192,574
0565.png,124,174,Smoke,1250,378,1374,552
0565.png,163,109,Smoke,1757,450,1920,559
0565.png,65,218,Smoke,1618,397,1683,615
0565.png,99,59,Smoke,1692,576,1791,635
0565.png,50,128,Smoke,1435,422,1485,550
0565.png,76,118,Smoke,1770,307,1846,425
0565.png,55,80,Smoke,546,424,601,504
0565.png,23,113,Smoke,1214,465,1237,578
0565.png,57,57,Smoke,1773,313,1830,370
0566.png,80,48,Smoke,415,515,495,563
0566.png,97,120,Smoke,647,425,744,545
0566.png,95,155,Smoke,824,394,919,549
0566.png,107,221,Smoke,1027,319,1134,540
0566.png,32,158,Smoke,962,389,994,547
0566.png,29,218,Smoke,1163,358,1192,576
0566.png,124,174,Smoke,1250,378,1374,552
0566.png,163,109,Smoke,1757,450,1920,559
0566.png,65,218,Smoke,1618,397,1683,615
0566.png,99,59,Smoke,1692,576,1791,635
0566.png,50,128,Smoke,1435,423,1485,551
0566.png,76,118,Smoke,1770,307,1846,425
0566.png,55,80,Smoke,546,424,601,504
0566.png,23,113,Smoke,1214,465,1237,578
0566.png,57,57,Smoke,1773,313,1830,370
0567.png,80,48,Smoke,415,515,495,563
0567.png,97,120,Smoke,647,425,744,545
0567.png,95,155,Smoke,823,394,918,549
0567.png,107,221,Smoke,1026,319,1133,540
0567.png,32,158,Smoke,962,389,994,547
0567.png,29,218,Smoke,1163,358,1192,576
0567.png,124,174,Smoke,1250,378,1374,552
0567.png,163,109,Smoke,1757,449,1920,558
0567.png,65,218,Smoke,1618,397,1683,615
0567.png,99,59,Smoke,1692,576,1791,635
0567.png,50,128,Smoke,1435,423,1485,551
0567.png,76,118,Smoke,1770,307,1846,425
0567.png,55,80,Smoke,546,424,601,504
0567.png,23,113,Smoke,1214,465,1237,578
0567.png,57,57,Smoke,1773,313,1830,370
0568.png,80,48,Smoke,415,514,495,562
0568.png,97,120,Smoke,647,424,744,544
0568.png,109,155,Smoke,809,395,918,550
0568.png,111,221,Smoke,1021,321,1132,542
0568.png,32,158,Smoke,962,389,994,547
0568.png,29,218,Smoke,1163,357,1192,575
0568.png,124,174,Smoke,1250,378,1374,552
0568.png,163,109,Smoke,1757,449,1920,558
0568.png,65,218,Smoke,1618,397,1683,615
0568.png,99,59,Smoke,1692,576,1791,635
0568.png,50,128,Smoke,1435,423,1485,551
0568.png,76,118,Smoke,1770,306,1846,424
0568.png,55,80,Smoke,546,424,601,504
0568.png,23,113,Smoke,1214,465,1237,578
0568.png,57,57,Smoke,1773,313,1830,370
0569.png,80,48,Smoke,415,515,495,563
0569.png,97,120,Smoke,647,425,744,545
0569.png,109,155,Smoke,809,395,918,550
0569.png,111,221,Smoke,1020,322,1131,543
0569.png,32,158,Smoke,962,389,994,547
0569.png,29,218,Smoke,1163,358,1192,576
0569.png,124,174,Smoke,1250,378,1374,552
0569.png,163,109,Smoke,1757,449,1920,558
0569.png,65,218,Smoke,1618,397,1683,615
0569.png,99,59,Smoke,1692,576,1791,635
0569.png,50,128,Smoke,1435,423,1485,551
0569.png,76,118,Smoke,1770,307,1846,425
0569.png,55,80,Smoke,546,424,601,504
0569.png,23,113,Smoke,1214,465,1237,578
0569.png,57,57,Smoke,1773,313,1830,370
0570.png,80,48,Smoke,415,515,495,563
0570.png,97,120,Smoke,647,426,744,546
0570.png,109,155,Smoke,809,395,918,550
0570.png,111,221,Smoke,1021,322,1132,543
0570.png,32,158,Smoke,962,389,994,547
0570.png,29,218,Smoke,1163,357,1192,575
0570.png,124,174,Smoke,1250,378,1374,552
0570.png,163,109,Smoke,1757,450,1920,559
0570.png,65,218,Smoke,1618,397,1683,615
0570.png,99,59,Smoke,1692,576,1791,635
0570.png,50,128,Smoke,1435,423,1485,551
0570.png,76,118,Smoke,1770,307,1846,425
0570.png,55,80,Smoke,546,424,601,504
0570.png,23,113,Smoke,1214,465,1237,578
0570.png,57,57,Smoke,1773,313,1830,370
0571.png,80,48,Smoke,415,515,495,563
0571.png,97,120,Smoke,647,426,744,546
0571.png,109,155,Smoke,809,395,918,550
0571.png,111,221,Smoke,1021,322,1132,543
0571.png,32,158,Smoke,962,389,994,547
0571.png,29,218,Smoke,1163,355,1192,573
0571.png,124,174,Smoke,1250,378,1374,552
0571.png,163,109,Smoke,1757,450,1920,559
0571.png,65,218,Smoke,1618,397,1683,615
0571.png,99,59,Smoke,1692,576,1791,635
0571.png,50,128,Smoke,1435,423,1485,551
0571.png,76,118,Smoke,1770,307,1846,425
0571.png,55,80,Smoke,546,424,601,504
0571.png,23,113,Smoke,1214,465,1237,578
0571.png,57,57,Smoke,1773,313,1830,370
0571.png,55,80,Smoke,546,424,601,504
0571.png,23,113,Smoke,1214,465,1237,578
0572.png,80,48,Smoke,415,515,495,563
0572.png,97,120,Smoke,647,426,744,546
0572.png,109,155,Smoke,809,395,918,550
0572.png,111,221,Smoke,1021,322,1132,543
0572.png,32,158,Smoke,962,389,994,547
0572.png,29,218,Smoke,1163,355,1192,573
0572.png,124,174,Smoke,1250,378,1374,552
0572.png,165,109,Smoke,1755,449,1920,558
0572.png,65,218,Smoke,1618,397,1683,615
0572.png,99,59,Smoke,1692,576,1791,635
0572.png,50,128,Smoke,1435,423,1485,551
0572.png,76,118,Smoke,1770,307,1846,425
0572.png,57,57,Smoke,1773,313,1830,370
0572.png,55,80,Smoke,546,424,601,504
0572.png,23,113,Smoke,1214,465,1237,578
0573.png,80,48,Smoke,415,515,495,563
0573.png,97,120,Smoke,647,427,744,547
0573.png,109,155,Smoke,809,395,918,550
0573.png,111,221,Smoke,1021,322,1132,543
0573.png,32,158,Smoke,962,389,994,547
0573.png,29,218,Smoke,1163,355,1192,573
0573.png,124,174,Smoke,1250,377,1374,551
0573.png,165,109,Smoke,1755,452,1920,561
0573.png,65,218,Smoke,1618,397,1683,615
0573.png,99,59,Smoke,1692,576,1791,635
0573.png,50,128,Smoke,1435,423,1485,551
0573.png,76,118,Smoke,1770,307,1846,425
0573.png,57,57,Smoke,1773,313,1830,370
0574.png,80,48,Smoke,415,515,495,563
0574.png,97,120,Smoke,647,426,744,546
0574.png,109,155,Smoke,809,395,918,550
0574.png,111,221,Smoke,1021,323,1132,544
0574.png,32,158,Smoke,962,389,994,547
0574.png,29,218,Smoke,1163,355,1192,573
0574.png,124,174,Smoke,1251,378,1375,552
0574.png,167,109,Smoke,1753,450,1920,559
0574.png,65,218,Smoke,1618,397,1683,615
0574.png,99,59,Smoke,1692,576,1791,635
0574.png,50,128,Smoke,1435,423,1485,551
0574.png,76,118,Smoke,1770,307,1846,425
0574.png,55,80,Smoke,546,424,601,504
0574.png,23,113,Smoke,1214,465,1237,578
0574.png,57,57,Smoke,1773,313,1830,370
0575.png,80,48,Smoke,415,515,495,563
0575.png,97,120,Smoke,647,426,744,546
0575.png,109,155,Smoke,809,395,918,550
0575.png,111,221,Smoke,1021,322,1132,543
0575.png,32,158,Smoke,962,389,994,547
0575.png,29,218,Smoke,1163,355,1192,573
0575.png,124,174,Smoke,1250,377,1374,551
0575.png,167,109,Smoke,1753,450,1920,559
0575.png,65,218,Smoke,1618,397,1683,615
0575.png,99,59,Smoke,1692,576,1791,635
0575.png,50,128,Smoke,1435,423,1485,551
0575.png,76,118,Smoke,1770,307,1846,425
0575.png,55,80,Smoke,546,424,601,504
0575.png,23,113,Smoke,1214,465,1237,578
0575.png,57,57,Smoke,1773,313,1830,370
0576.png,80,48,Smoke,415,515,495,563
0576.png,97,120,Smoke,647,426,744,546
0576.png,109,155,Smoke,809,395,918,550
0576.png,111,221,Smoke,1020,321,1131,542
0576.png,32,158,Smoke,962,389,994,547
0576.png,29,218,Smoke,1163,355,1192,573
0576.png,124,174,Smoke,1251,378,1375,552
0576.png,163,109,Smoke,1757,455,1920,564
0576.png,65,218,Smoke,1619,397,1684,615
0576.png,99,59,Smoke,1692,576,1791,635
0576.png,50,128,Smoke,1435,423,1485,551
0576.png,76,118,Smoke,1770,307,1846,425
0576.png,55,80,Smoke,546,424,601,504
0576.png,23,113,Smoke,1214,465,1237,578
0576.png,57,57,Smoke,1773,313,1830,370
0577.png,80,48,Smoke,415,515,495,563
0577.png,97,120,Smoke,647,426,744,546
0577.png,109,155,Smoke,809,395,918,550
0577.png,111,221,Smoke,1021,321,1132,542
0577.png,32,158,Smoke,962,389,994,547
0577.png,29,218,Smoke,1163,355,1192,573
0577.png,124,174,Smoke,1251,378,1375,552
0577.png,169,109,Smoke,1751,450,1920,559
0577.png,65,218,Smoke,1618,397,1683,615
0577.png,99,59,Smoke,1692,576,1791,635
0577.png,50,128,Smoke,1435,422,1485,550
0577.png,76,118,Smoke,1770,307,1846,425
0577.png,55,80,Smoke,546,424,601,504
0577.png,23,113,Smoke,1214,465,1237,578
0577.png,57,57,Smoke,1773,313,1830,370
0578.png,80,48,Smoke,415,515,495,563
0578.png,97,120,Smoke,647,425,744,545
0578.png,109,155,Smoke,809,395,918,550
0578.png,111,221,Smoke,1021,321,1132,542
0578.png,32,158,Smoke,962,389,994,547
0578.png,29,218,Smoke,1163,355,1192,573
0578.png,124,174,Smoke,1251,378,1375,552
0578.png,169,109,Smoke,1751,450,1920,559
0578.png,65,218,Smoke,1619,397,1684,615
0578.png,99,59,Smoke,1692,575,1791,634
0578.png,50,128,Smoke,1435,423,1485,551
0578.png,76,118,Smoke,1770,307,1846,425
0578.png,55,80,Smoke,546,424,601,504
0578.png,23,113,Smoke,1214,465,1237,578
0578.png,57,57,Smoke,1773,313,1830,370
0579.png,80,48,Smoke,415,515,495,563
0579.png,97,120,Smoke,647,426,744,546
0579.png,109,155,Smoke,809,394,918,549
0579.png,111,221,Smoke,1021,322,1132,543
0579.png,32,158,Smoke,962,389,994,547
0579.png,29,218,Smoke,1163,355,1192,573
0579.png,124,174,Smoke,1251,378,1375,552
0579.png,169,109,Smoke,1751,450,1920,559
0579.png,65,218,Smoke,1619,397,1684,615
0579.png,99,59,Smoke,1692,575,1791,634
0579.png,50,128,Smoke,1435,423,1485,551
0579.png,76,118,Smoke,1770,307,1846,425
0579.png,55,80,Smoke,546,424,601,504
0579.png,23,113,Smoke,1214,465,1237,578
0579.png,57,57,Smoke,1773,313,1830,370
0580.png,80,48,Smoke,415,515,495,563
0580.png,97,120,Smoke,647,426,744,546
0580.png,109,155,Smoke,809,395,918,550
0580.png,111,221,Smoke,1021,321,1132,542
0580.png,32,158,Smoke,962,389,994,547
0580.png,29,218,Smoke,1163,355,1192,573
0580.png,124,174,Smoke,1250,378,1374,552
0580.png,169,109,Smoke,1751,450,1920,559
0580.png,65,218,Smoke,1619,397,1684,615
0580.png,99,59,Smoke,1692,575,1791,634
0580.png,50,128,Smoke,1435,423,1485,551
0580.png,76,118,Smoke,1770,307,1846,425
0580.png,55,80,Smoke,546,424,601,504
0580.png,23,113,Smoke,1214,465,1237,578
0580.png,57,57,Smoke,1773,313,1830,370
0581.png,80,48,Smoke,415,515,495,563
0581.png,97,120,Smoke,647,426,744,546
0581.png,109,155,Smoke,809,395,918,550
0581.png,111,221,Smoke,1021,321,1132,542
0581.png,32,158,Smoke,962,389,994,547
0581.png,29,218,Smoke,1163,355,1192,573
0581.png,124,174,Smoke,1251,378,1375,552
0581.png,169,109,Smoke,1751,450,1920,559
0581.png,65,218,Smoke,1619,397,1684,615
0581.png,99,59,Smoke,1692,575,1791,634
0581.png,50,128,Smoke,1435,423,1485,551
0581.png,76,118,Smoke,1770,307,1846,425
0581.png,55,80,Smoke,546,424,601,504
0581.png,23,113,Smoke,1214,465,1237,578
0581.png,57,57,Smoke,1773,313,1830,370
0581.png,55,80,Smoke,546,424,601,504
0581.png,23,113,Smoke,1214,465,1237,578
0582.png,80,48,Smoke,415,515,495,563
0582.png,97,120,Smoke,647,426,744,546
0582.png,109,155,Smoke,809,395,918,550
0582.png,111,221,Smoke,1021,322,1132,543
0582.png,32,158,Smoke,962,389,994,547
0582.png,29,218,Smoke,1163,355,1192,573
0582.png,124,174,Smoke,1251,378,1375,552
0582.png,169,109,Smoke,1751,450,1920,559
0582.png,65,218,Smoke,1618,397,1683,615
0582.png,99,59,Smoke,1692,575,1791,634
0582.png,50,128,Smoke,1435,422,1485,550
0582.png,76,118,Smoke,1770,307,1846,425
0582.png,57,57,Smoke,1773,313,1830,370
0582.png,55,80,Smoke,546,424,601,504
0582.png,23,113,Smoke,1214,465,1237,578
0583.png,80,48,Smoke,415,516,495,564
0583.png,97,120,Smoke,647,427,744,547
0583.png,109,155,Smoke,809,395,918,550
0583.png,111,221,Smoke,1021,320,1132,541
0583.png,32,158,Smoke,962,389,994,547
0583.png,29,218,Smoke,1163,355,1192,573
0583.png,124,174,Smoke,1251,378,1375,552
0583.png,169,109,Smoke,1751,450,1920,559
0583.png,65,218,Smoke,1618,397,1683,615
0583.png,99,59,Smoke,1692,575,1791,634
0583.png,50,128,Smoke,1435,424,1485,552
0583.png,76,118,Smoke,1770,308,1846,426
0583.png,57,57,Smoke,1773,313,1830,370
0584.png,80,48,Smoke,415,515,495,563
0584.png,97,120,Smoke,647,428,744,548
0584.png,109,155,Smoke,808,394,917,549
0584.png,111,221,Smoke,1021,322,1132,543
0584.png,32,158,Smoke,962,389,994,547
0584.png,29,218,Smoke,1163,355,1192,573
0584.png,124,174,Smoke,1251,378,1375,552
0584.png,169,109,Smoke,1751,450,1920,559
0584.png,65,218,Smoke,1620,397,1685,615
0584.png,99,59,Smoke,1692,575,1791,634
0584.png,50,128,Smoke,1434,424,1484,552
0584.png,76,118,Smoke,1770,307,1846,425
0584.png,55,80,Smoke,546,424,601,504
0584.png,23,113,Smoke,1214,465,1237,578
0584.png,57,57,Smoke,1773,313,1830,370
0585.png,80,48,Smoke,415,515,495,563
0585.png,97,120,Smoke,647,427,744,547
0585.png,109,155,Smoke,809,395,918,550
0585.png,111,221,Smoke,1021,320,1132,541
0585.png,32,158,Smoke,962,389,994,547
0585.png,29,218,Smoke,1163,355,1192,573
0585.png,124,174,Smoke,1251,378,1375,552
0585.png,169,109,Smoke,1751,450,1920,559
0585.png,65,218,Smoke,1618,397,1683,615
0585.png,99,59,Smoke,1692,575,1791,634
0585.png,50,128,Smoke,1435,424,1485,552
0585.png,76,118,Smoke,1770,308,1846,426
0585.png,55,80,Smoke,546,424,601,504
0585.png,23,113,Smoke,1214,464,1237,577
0585.png,57,57,Smoke,1773,313,1830,370
0586.png,80,48,Smoke,415,515,495,563
0586.png,97,120,Smoke,647,427,744,547
0586.png,109,155,Smoke,809,395,918,550
0586.png,111,221,Smoke,1021,322,1132,543
0586.png,32,158,Smoke,962,389,994,547
0586.png,29,218,Smoke,1163,355,1192,573
0586.png,124,174,Smoke,1251,378,1375,552
0586.png,169,109,Smoke,1751,450,1920,559
0586.png,65,218,Smoke,1618,397,1683,615
0586.png,99,59,Smoke,1692,575,1791,634
0586.png,50,128,Smoke,1434,423,1484,551
0586.png,76,118,Smoke,1770,308,1846,426
0586.png,55,80,Smoke,546,424,601,504
0586.png,23,113,Smoke,1214,465,1237,578
0586.png,57,57,Smoke,1773,313,1830,370
0587.png,80,48,Smoke,415,515,495,563
0587.png,97,120,Smoke,647,427,744,547
0587.png,109,155,Smoke,809,395,918,550
0587.png,111,221,Smoke,1020,321,1131,542
0587.png,32,158,Smoke,962,389,994,547
0587.png,29,218,Smoke,1163,355,1192,573
0587.png,124,174,Smoke,1251,378,1375,552
0587.png,169,109,Smoke,1751,450,1920,559
0587.png,65,218,Smoke,1618,397,1683,615
0587.png,99,59,Smoke,1692,575,1791,634
0587.png,50,128,Smoke,1434,423,1484,551
0587.png,76,118,Smoke,1770,308,1846,426
0587.png,55,80,Smoke,546,424,601,504
0587.png,23,113,Smoke,1214,465,1237,578
0587.png,57,57,Smoke,1773,313,1830,370
0588.png,80,48,Smoke,415,515,495,563
0588.png,97,120,Smoke,647,428,744,548
0588.png,109,155,Smoke,809,395,918,550
0588.png,111,221,Smoke,1021,322,1132,543
0588.png,32,158,Smoke,962,389,994,547
0588.png,29,218,Smoke,1163,355,1192,573
0588.png,124,174,Smoke,1251,378,1375,552
0588.png,169,109,Smoke,1751,450,1920,559
0588.png,65,218,Smoke,1618,397,1683,615
0588.png,99,59,Smoke,1692,575,1791,634
0588.png,50,128,Smoke,1434,422,1484,550
0588.png,76,118,Smoke,1770,308,1846,426
0588.png,55,80,Smoke,546,424,601,504
0588.png,23,113,Smoke,1214,465,1237,578
0588.png,57,57,Smoke,1773,313,1830,370
0589.png,80,48,Smoke,415,515,495,563
0589.png,97,120,Smoke,647,428,744,548
0589.png,109,155,Smoke,809,395,918,550
0589.png,111,221,Smoke,1020,321,1131,542
0589.png,32,158,Smoke,962,389,994,547
0589.png,29,218,Smoke,1163,355,1192,573
0589.png,124,174,Smoke,1250,377,1374,551
0589.png,169,109,Smoke,1751,450,1920,559
0589.png,65,218,Smoke,1620,397,1685,615
0589.png,99,59,Smoke,1692,575,1791,634
0589.png,50,128,Smoke,1434,423,1484,551
0589.png,76,118,Smoke,1770,308,1846,426
0589.png,55,80,Smoke,546,424,601,504
0589.png,23,113,Smoke,1214,465,1237,578
0589.png,57,57,Smoke,1773,313,1830,370
0590.png,80,48,Smoke,415,515,495,563
0590.png,97,120,Smoke,647,428,744,548
0590.png,109,155,Smoke,809,395,918,550
0590.png,111,221,Smoke,1021,322,1132,543
0590.png,32,158,Smoke,962,389,994,547
0590.png,29,218,Smoke,1163,355,1192,573
0590.png,124,174,Smoke,1251,377,1375,551
0590.png,169,109,Smoke,1751,450,1920,559
0590.png,65,218,Smoke,1620,397,1685,615
0590.png,99,59,Smoke,1692,575,1791,634
0590.png,50,128,Smoke,1434,423,1484,551
0590.png,76,118,Smoke,1770,308,1846,426
0590.png,55,80,Smoke,546,424,601,504
0590.png,23,113,Smoke,1214,465,1237,578
0590.png,57,57,Smoke,1773,313,1830,370
0591.png,80,48,Smoke,415,515,495,563
0591.png,97,120,Smoke,647,429,744,549
0591.png,109,155,Smoke,809,395,918,550
0591.png,111,221,Smoke,1020,321,1131,542
0591.png,32,158,Smoke,962,389,994,547
0591.png,29,218,Smoke,1163,355,1192,573
0591.png,124,174,Smoke,1251,377,1375,551
0591.png,169,109,Smoke,1751,450,1920,559
0591.png,65,218,Smoke,1620,397,1685,615
0591.png,99,59,Smoke,1692,576,1791,635
0591.png,50,128,Smoke,1434,423,1484,551
0591.png,76,118,Smoke,1770,308,1846,426
0591.png,55,80,Smoke,546,424,601,504
0591.png,23,113,Smoke,1214,465,1237,578
0591.png,57,57,Smoke,1773,313,1830,370
0591.png,55,80,Smoke,546,424,601,504
0591.png,23,113,Smoke,1214,465,1237,578
0592.png,80,48,Smoke,415,515,495,563
0592.png,97,120,Smoke,647,430,744,550
0592.png,109,155,Smoke,809,395,918,550
0592.png,111,221,Smoke,1019,320,1130,541
0592.png,32,158,Smoke,962,389,994,547
0592.png,29,218,Smoke,1163,355,1192,573
0592.png,124,174,Smoke,1251,377,1375,551
0592.png,169,109,Smoke,1751,450,1920,559
0592.png,65,218,Smoke,1620,398,1685,616
0592.png,99,59,Smoke,1692,576,1791,635
0592.png,50,128,Smoke,1434,423,1484,551
0592.png,76,118,Smoke,1770,308,1846,426
0592.png,57,57,Smoke,1773,313,1830,370
0592.png,55,80,Smoke,546,424,601,504
0592.png,23,113,Smoke,1214,465,1237,578
0593.png,80,48,Smoke,416,514,496,562
0593.png,97,120,Smoke,647,430,744,550
0593.png,109,155,Smoke,810,395,919,550
0593.png,111,221,Smoke,1020,320,1131,541
0593.png,32,158,Smoke,962,389,994,547
0593.png,29,218,Smoke,1163,355,1192,573
0593.png,124,174,Smoke,1251,377,1375,551
0593.png,169,109,Smoke,1751,450,1920,559
0593.png,65,218,Smoke,1620,398,1685,616
0593.png,99,59,Smoke,1692,576,1791,635
0593.png,50,128,Smoke,1434,423,1484,551
0593.png,76,118,Smoke,1770,308,1846,426
0593.png,57,57,Smoke,1773,313,1830,370
0594.png,80,48,Smoke,415,516,495,564
0594.png,97,120,Smoke,647,429,744,549
0594.png,109,155,Smoke,809,395,918,550
0594.png,111,221,Smoke,1020,322,1131,543
0594.png,32,158,Smoke,962,389,994,547
0594.png,29,218,Smoke,1163,355,1192,573
0594.png,124,174,Smoke,1251,377,1375,551
0594.png,169,109,Smoke,1751,450,1920,559
0594.png,65,218,Smoke,1619,397,1684,615
0594.png,99,59,Smoke,1692,576,1791,635
0594.png,50,128,Smoke,1434,423,1484,551
0594.png,76,118,Smoke,1770,308,1846,426
0594.png,55,80,Smoke,546,424,601,504
0594.png,23,113,Smoke,1214,466,1237,579
0594.png,57,57,Smoke,1773,313,1830,370
0595.png,80,48,Smoke,416,515,496,563
0595.png,97,120,Smoke,647,430,744,550
0595.png,109,155,Smoke,809,395,918,550
0595.png,111,221,Smoke,1020,321,1131,542
0595.png,32,158,Smoke,962,389,994,547
0595.png,29,218,Smoke,1163,357,1192,575
0595.png,124,174,Smoke,1251,377,1375,551
0595.png,169,109,Smoke,1751,450,1920,559
0595.png,65,218,Smoke,1620,398,1685,616
0595.png,99,59,Smoke,1692,576,1791,635
0595.png,50,128,Smoke,1434,423,1484,551
0595.png,76,118,Smoke,1770,308,1846,426
0595.png,55,80,Smoke,546,424,601,504
0595.png,23,113,Smoke,1214,465,1237,578
0595.png,57,57,Smoke,1773,313,1830,370
0596.png,80,48,Smoke,415,515,495,563
0596.png,97,120,Smoke,647,430,744,550
0596.png,109,155,Smoke,809,395,918,550
0596.png,111,221,Smoke,1020,322,1131,543
0596.png,32,158,Smoke,962,389,994,547
0596.png,29,218,Smoke,1163,355,1192,573
0596.png,124,174,Smoke,1251,377,1375,551
0596.png,169,109,Smoke,1751,450,1920,559
0596.png,65,218,Smoke,1620,398,1685,616
0596.png,99,59,Smoke,1692,576,1791,635
0596.png,50,128,Smoke,1434,423,1484,551
0596.png,76,118,Smoke,1770,308,1846,426
0596.png,55,80,Smoke,546,424,601,504
0596.png,23,113,Smoke,1214,465,1237,578
0596.png,57,57,Smoke,1773,313,1830,370
0597.png,80,48,Smoke,414,515,494,563
0597.png,97,120,Smoke,647,430,744,550
0597.png,109,155,Smoke,809,395,918,550
0597.png,111,221,Smoke,1019,321,1130,542
0597.png,32,158,Smoke,962,389,994,547
0597.png,29,218,Smoke,1163,355,1192,573
0597.png,124,174,Smoke,1251,377,1375,551
0597.png,169,109,Smoke,1751,450,1920,559
0597.png,65,218,Smoke,1620,397,1685,615
0597.png,99,59,Smoke,1692,576,1791,635
0597.png,50,128,Smoke,1434,423,1484,551
0597.png,76,118,Smoke,1770,308,1846,426
0597.png,55,80,Smoke,546,424,601,504
0597.png,23,113,Smoke,1214,465,1237,578
0597.png,57,57,Smoke,1773,313,1830,370
0598.png,80,48,Smoke,414,515,494,563
0598.png,97,120,Smoke,647,430,744,550
0598.png,109,155,Smoke,809,395,918,550
0598.png,111,221,Smoke,1020,321,1131,542
0598.png,32,158,Smoke,962,389,994,547
0598.png,29,218,Smoke,1163,355,1192,573
0598.png,124,174,Smoke,1251,377,1375,551
0598.png,169,109,Smoke,1751,450,1920,559
0598.png,65,218,Smoke,1620,397,1685,615
0598.png,99,59,Smoke,1692,576,1791,635
0598.png,50,128,Smoke,1434,423,1484,551
0598.png,76,118,Smoke,1770,308,1846,426
0598.png,55,80,Smoke,546,424,601,504
0598.png,23,113,Smoke,1214,465,1237,578
0598.png,57,57,Smoke,1773,313,1830,370
0599.png,80,48,Smoke,414,515,494,563
0599.png,97,120,Smoke,647,430,744,550
0599.png,109,155,Smoke,809,395,918,550
0599.png,111,221,Smoke,1019,321,1130,542
0599.png,32,158,Smoke,962,389,994,547
0599.png,29,218,Smoke,1163,355,1192,573
0599.png,124,174,Smoke,1251,377,1375,551
0599.png,169,109,Smoke,1751,450,1920,559
0599.png,65,218,Smoke,1620,397,1685,615
0599.png,99,59,Smoke,1692,576,1791,635
0599.png,50,128,Smoke,1434,423,1484,551
0599.png,76,118,Smoke,1770,308,1846,426
0599.png,55,80,Smoke,546,424,601,504
0599.png,23,113,Smoke,1214,465,1237,578
0599.png,57,57,Smoke,1773,313,1830,370
0600.png,80,48,Smoke,414,515,494,563
0600.png,97,120,Smoke,647,430,744,550
0600.png,109,155,Smoke,809,395,918,550
0600.png,111,221,Smoke,1020,320,1131,541
0600.png,32,158,Smoke,962,389,994,547
0600.png,29,218,Smoke,1163,355,1192,573
0600.png,124,174,Smoke,1251,377,1375,551
0600.png,169,109,Smoke,1751,450,1920,559
0600.png,65,218,Smoke,1620,397,1685,615
0600.png,99,59,Smoke,1692,576,1791,635
0600.png,50,128,Smoke,1434,423,1484,551
0600.png,76,118,Smoke,1770,308,1846,426
0600.png,55,80,Smoke,546,424,601,504
0600.png,23,113,Smoke,1214,465,1237,578
0600.png,57,57,Smoke,1773,313,1830,370
0601.png,80,48,Smoke,414,515,494,563
0601.png,97,120,Smoke,647,430,744,550
0601.png,109,155,Smoke,809,395,918,550
0601.png,111,221,Smoke,1019,320,1130,541
0601.png,32,158,Smoke,962,389,994,547
0601.png,29,218,Smoke,1163,355,1192,573
0601.png,124,174,Smoke,1251,377,1375,551
0601.png,169,109,Smoke,1751,450,1920,559
0601.png,65,218,Smoke,1620,397,1685,615
0601.png,99,59,Smoke,1692,576,1791,635
0601.png,50,128,Smoke,1434,423,1484,551
0601.png,76,118,Smoke,1770,308,1846,426
0601.png,55,80,Smoke,546,424,601,504
0601.png,23,113,Smoke,1214,465,1237,578
0601.png,57,57,Smoke,1773,313,1830,370
0601.png,55,80,Smoke,546,424,601,504
0601.png,23,113,Smoke,1214,465,1237,578
0602.png,80,48,Smoke,414,515,494,563
0602.png,97,120,Smoke,647,430,744,550
0602.png,109,155,Smoke,809,395,918,550
0602.png,111,221,Smoke,1019,320,1130,541
0602.png,32,158,Smoke,962,389,994,547
0602.png,29,218,Smoke,1163,355,1192,573
0602.png,124,174,Smoke,1251,377,1375,551
0602.png,169,109,Smoke,1751,450,1920,559
0602.png,65,218,Smoke,1620,397,1685,615
0602.png,99,59,Smoke,1692,576,1791,635
0602.png,50,128,Smoke,1434,423,1484,551
0602.png,76,118,Smoke,1770,308,1846,426
0602.png,57,57,Smoke,1773,313,1830,370
0602.png,55,80,Smoke,546,424,601,504
0602.png,23,113,Smoke,1214,465,1237,578
0603.png,80,48,Smoke,415,515,495,563
0603.png,97,120,Smoke,647,431,744,551
0603.png,109,155,Smoke,810,395,919,550
0603.png,111,221,Smoke,1018,320,1129,541
0603.png,32,158,Smoke,962,389,994,547
0603.png,29,218,Smoke,1163,355,1192,573
0603.png,124,174,Smoke,1251,377,1375,551
0603.png,169,109,Smoke,1751,450,1920,559
0603.png,65,218,Smoke,1620,397,1685,615
0603.png,99,59,Smoke,1692,576,1791,635
0603.png,50,128,Smoke,1434,423,1484,551
0603.png,76,118,Smoke,1770,308,1846,426
0603.png,57,57,Smoke,1773,313,1830,370
0604.png,80,48,Smoke,415,515,495,563
0604.png,97,120,Smoke,647,431,744,551
0604.png,109,155,Smoke,809,394,918,549
0604.png,111,221,Smoke,1019,320,1130,541
0604.png,32,158,Smoke,962,389,994,547
0604.png,29,218,Smoke,1163,355,1192,573
0604.png,124,174,Smoke,1251,377,1375,551
0604.png,169,109,Smoke,1751,449,1920,558
0604.png,65,218,Smoke,1620,397,1685,615
0604.png,99,59,Smoke,1692,576,1791,635
0604.png,50,128,Smoke,1434,423,1484,551
0604.png,76,118,Smoke,1770,308,1846,426
0604.png,55,80,Smoke,546,424,601,504
0604.png,23,113,Smoke,1214,465,1237,578
0604.png,57,57,Smoke,1773,313,1830,370
0605.png,80,48,Smoke,415,515,495,563
0605.png,97,120,Smoke,647,430,744,550
0605.png,109,155,Smoke,809,395,918,550
0605.png,111,221,Smoke,1019,320,1130,541
0605.png,32,158,Smoke,962,389,994,547
0605.png,29,218,Smoke,1163,355,1192,573
0605.png,124,174,Smoke,1251,378,1375,552
0605.png,169,109,Smoke,1751,450,1920,559
0605.png,65,218,Smoke,1620,397,1685,615
0605.png,99,59,Smoke,1692,576,1791,635
0605.png,50,128,Smoke,1434,423,1484,551
0605.png,76,118,Smoke,1770,308,1846,426
0605.png,55,80,Smoke,546,424,601,504
0605.png,23,113,Smoke,1214,465,1237,578
0605.png,57,57,Smoke,1773,313,1830,370
0606.png,80,48,Smoke,415,515,495,563
0606.png,97,120,Smoke,647,430,744,550
0606.png,109,155,Smoke,810,395,919,550
0606.png,111,221,Smoke,1019,321,1130,542
0606.png,32,158,Smoke,962,389,994,547
0606.png,29,218,Smoke,1163,355,1192,573
0606.png,124,174,Smoke,1251,377,1375,551
0606.png,169,109,Smoke,1751,450,1920,559
0606.png,65,218,Smoke,1620,397,1685,615
0606.png,99,59,Smoke,1692,576,1791,635
0606.png,50,128,Smoke,1434,423,1484,551
0606.png,76,118,Smoke,1770,308,1846,426
0606.png,55,80,Smoke,546,424,601,504
0606.png,23,113,Smoke,1214,465,1237,578
0606.png,57,57,Smoke,1773,313,1830,370
0607.png,80,48,Smoke,414,515,494,563
0607.png,97,120,Smoke,647,430,744,550
0607.png,109,155,Smoke,810,395,919,550
0607.png,111,221,Smoke,1019,320,1130,541
0607.png,32,158,Smoke,962,389,994,547
0607.png,29,218,Smoke,1163,355,1192,573
0607.png,124,174,Smoke,1251,377,1375,551
0607.png,169,109,Smoke,1751,450,1920,559
0607.png,65,218,Smoke,1620,397,1685,615
0607.png,99,59,Smoke,1692,576,1791,635
0607.png,50,128,Smoke,1434,423,1484,551
0607.png,76,118,Smoke,1771,308,1847,426
0607.png,55,80,Smoke,546,424,601,504
0607.png,23,113,Smoke,1214,465,1237,578
0607.png,57,57,Smoke,1773,313,1830,370
0608.png,80,48,Smoke,414,516,494,564
0608.png,97,120,Smoke,647,430,744,550
0608.png,109,155,Smoke,810,395,919,550
0608.png,111,221,Smoke,1019,320,1130,541
0608.png,32,158,Smoke,962,387,994,545
0608.png,29,218,Smoke,1163,355,1192,573
0608.png,124,174,Smoke,1251,377,1375,551
0608.png,169,109,Smoke,1751,450,1920,559
0608.png,65,218,Smoke,1620,397,1685,615
0608.png,99,59,Smoke,1692,576,1791,635
0608.png,50,128,Smoke,1434,423,1484,551
0608.png,76,118,Smoke,1771,308,1847,426
0608.png,55,80,Smoke,546,424,601,504
0608.png,23,113,Smoke,1214,465,1237,578
0608.png,57,57,Smoke,1773,313,1830,370
0609.png,80,48,Smoke,414,515,494,563
0609.png,97,120,Smoke,647,430,744,550
0609.png,109,155,Smoke,809,395,918,550
0609.png,111,221,Smoke,1019,320,1130,541
0609.png,32,158,Smoke,962,390,994,548
0609.png,29,218,Smoke,1163,355,1192,573
0609.png,124,174,Smoke,1251,377,1375,551
0609.png,169,109,Smoke,1751,449,1920,558
0609.png,65,218,Smoke,1620,397,1685,615
0609.png,99,59,Smoke,1692,576,1791,635
0609.png,50,128,Smoke,1434,423,1484,551
0609.png,76,118,Smoke,1771,308,1847,426
0609.png,55,80,Smoke,546,424,601,504
0609.png,23,113,Smoke,1214,465,1237,578
0609.png,57,57,Smoke,1773,313,1830,370
0610.png,80,48,Smoke,414,515,494,563
0610.png,97,120,Smoke,647,430,744,550
0610.png,109,155,Smoke,809,395,918,550
0610.png,111,221,Smoke,1018,321,1129,542
0610.png,32,158,Smoke,962,387,994,545
0610.png,29,218,Smoke,1163,357,1192,575
0610.png,124,174,Smoke,1251,377,1375,551
0610.png,169,109,Smoke,1751,449,1920,558
0610.png,65,218,Smoke,1620,397,1685,615
0610.png,99,59,Smoke,1692,576,1791,635
0610.png,50,128,Smoke,1434,423,1484,551
0610.png,76,118,Smoke,1771,308,1847,426
0610.png,55,80,Smoke,546,424,601,504
0610.png,23,113,Smoke,1214,465,1237,578
0610.png,57,57,Smoke,1773,313,1830,370
0611.png,80,48,Smoke,414,515,494,563
0611.png,97,120,Smoke,647,430,744,550
0611.png,109,155,Smoke,810,395,919,550
0611.png,111,221,Smoke,1020,320,1131,541
0611.png,32,158,Smoke,963,389,995,547
0611.png,29,218,Smoke,1163,355,1192,573
0611.png,124,174,Smoke,1251,377,1375,551
0611.png,169,109,Smoke,1751,449,1920,558
0611.png,65,218,Smoke,1620,397,1685,615
0611.png,99,59,Smoke,1692,576,1791,635
0611.png,50,128,Smoke,1434,423,1484,551
0611.png,76,118,Smoke,1771,308,1847,426
0611.png,55,80,Smoke,546,424,601,504
0611.png,23,113,Smoke,1214,465,1237,578
0611.png,57,57,Smoke,1773,313,1830,370
0611.png,55,80,Smoke,546,424,601,504
0611.png,23,113,Smoke,1214,465,1237,578
0612.png,80,48,Smoke,414,515,494,563
0612.png,97,120,Smoke,647,430,744,550
0612.png,109,155,Smoke,809,395,918,550
0612.png,111,221,Smoke,1020,320,1131,541
0612.png,32,158,Smoke,963,389,995,547
0612.png,29,218,Smoke,1163,357,1192,575
0612.png,124,174,Smoke,1251,377,1375,551
0612.png,169,109,Smoke,1751,449,1920,558
0612.png,65,218,Smoke,1620,397,1685,615
0612.png,99,59,Smoke,1692,576,1791,635
0612.png,50,128,Smoke,1434,423,1484,551
0612.png,76,118,Smoke,1771,307,1847,425
0612.png,57,57,Smoke,1773,313,1830,370
0612.png,55,80,Smoke,546,424,601,504
0612.png,23,113,Smoke,1214,465,1237,578
0613.png,80,48,Smoke,414,515,494,563
0613.png,97,120,Smoke,647,430,744,550
0613.png,109,155,Smoke,809,395,918,550
0613.png,111,221,Smoke,1020,320,1131,541
0613.png,32,158,Smoke,963,389,995,547
0613.png,29,218,Smoke,1163,354,1192,572
0613.png,124,174,Smoke,1251,377,1375,551
0613.png,169,109,Smoke,1751,450,1920,559
0613.png,65,218,Smoke,1620,397,1685,615
0613.png,99,59,Smoke,1692,576,1791,635
0613.png,50,128,Smoke,1434,423,1484,551
0613.png,76,118,Smoke,1771,308,1847,426
0613.png,57,57,Smoke,1773,313,1830,370
0614.png,80,48,Smoke,414,515,494,563
0614.png,97,120,Smoke,647,430,744,550
0614.png,109,155,Smoke,810,396,919,551
0614.png,111,221,Smoke,1019,320,1130,541
0614.png,32,158,Smoke,963,389,995,547
0614.png,29,218,Smoke,1163,355,1192,573
0614.png,124,174,Smoke,1251,377,1375,551
0614.png,169,109,Smoke,1751,450,1920,559
0614.png,65,218,Smoke,1620,397,1685,615
0614.png,99,59,Smoke,1692,576,1791,635
0614.png,50,128,Smoke,1434,423,1484,551
0614.png,76,118,Smoke,1771,308,1847,426
0614.png,55,80,Smoke,546,424,601,504
0614.png,23,113,Smoke,1214,465,1237,578
0614.png,57,57,Smoke,1773,313,1830,370
0615.png,80,48,Smoke,414,515,494,563
0615.png,97,120,Smoke,647,430,744,550
0615.png,109,155,Smoke,810,395,919,550
0615.png,111,221,Smoke,1021,320,1132,541
0615.png,32,158,Smoke,963,389,995,547
0615.png,29,218,Smoke,1163,355,1192,573
0615.png,124,174,Smoke,1251,377,1375,551
0615.png,169,109,Smoke,1751,450,1920,559
0615.png,65,218,Smoke,1620,397,1685,615
0615.png,99,59,Smoke,1692,576,1791,635
0615.png,50,128,Smoke,1434,423,1484,551
0615.png,76,118,Smoke,1771,308,1847,426
0615.png,55,80,Smoke,546,424,601,504
0615.png,23,113,Smoke,1214,465,1237,578
0615.png,57,57,Smoke,1773,313,1830,370
0616.png,80,48,Smoke,414,515,494,563
0616.png,97,120,Smoke,647,430,744,550
0616.png,109,155,Smoke,809,395,918,550
0616.png,111,221,Smoke,1020,319,1131,540
0616.png,32,158,Smoke,963,389,995,547
0616.png,29,218,Smoke,1163,357,1192,575
0616.png,124,174,Smoke,1251,377,1375,551
0616.png,169,109,Smoke,1751,449,1920,558
0616.png,65,218,Smoke,1620,397,1685,615
0616.png,99,59,Smoke,1692,576,1791,635
0616.png,50,128,Smoke,1434,423,1484,551
0616.png,76,118,Smoke,1770,308,1846,426
0616.png,55,80,Smoke,546,424,601,504
0616.png,23,113,Smoke,1214,465,1237,578
0616.png,57,57,Smoke,1773,313,1830,370
0617.png,80,48,Smoke,414,515,494,563
0617.png,97,120,Smoke,647,430,744,550
0617.png,109,155,Smoke,809,395,918,550
0617.png,111,221,Smoke,1020,319,1131,540
0617.png,32,158,Smoke,963,389,995,547
0617.png,29,218,Smoke,1163,357,1192,575
0617.png,124,174,Smoke,1251,377,1375,551
0617.png,169,109,Smoke,1751,450,1920,559
0617.png,65,218,Smoke,1620,397,1685,615
0617.png,99,59,Smoke,1692,576,1791,635
0617.png,50,128,Smoke,1434,422,1484,550
0617.png,76,118,Smoke,1770,308,1846,426
0617.png,55,80,Smoke,546,424,601,504
0617.png,23,113,Smoke,1214,465,1237,578
0617.png,57,57,Smoke,1773,313,1830,370
0618.png,80,48,Smoke,414,516,494,564
0618.png,97,120,Smoke,647,430,744,550
0618.png,109,155,Smoke,809,395,918,550
0618.png,111,221,Smoke,1020,321,1131,542
0618.png,32,158,Smoke,963,389,995,547
0618.png,29,218,Smoke,1163,357,1192,575
0618.png,124,174,Smoke,1251,377,1375,551
0618.png,169,109,Smoke,1751,450,1920,559
0618.png,65,218,Smoke,1620,397,1685,615
0618.png,99,59,Smoke,1692,576,1791,635
0618.png,50,128,Smoke,1434,422,1484,550
0618.png,76,118,Smoke,1771,308,1847,426
0618.png,55,80,Smoke,546,424,601,504
0618.png,23,113,Smoke,1214,465,1237,578
0618.png,57,57,Smoke,1773,313,1830,370
0619.png,80,48,Smoke,414,516,494,564
0619.png,97,120,Smoke,647,430,744,550
0619.png,109,155,Smoke,810,395,919,550
0619.png,111,221,Smoke,1020,320,1131,541
0619.png,32,158,Smoke,963,389,995,547
0619.png,29,218,Smoke,1163,357,1192,575
0619.png,124,174,Smoke,1251,377,1375,551
0619.png,169,109,Smoke,1751,450,1920,559
0619.png,65,218,Smoke,1620,397,1685,615
0619.png,99,59,Smoke,1692,576,1791,635
0619.png,50,128,Smoke,1434,422,1484,550
0619.png,76,118,Smoke,1771,307,1847,425
0619.png,55,80,Smoke,546,424,601,504
0619.png,23,113,Smoke,1214,465,1237,578
0619.png,57,57,Smoke,1773,313,1830,370
0620.png,80,48,Smoke,414,516,494,564
0620.png,97,120,Smoke,647,430,744,550
0620.png,109,155,Smoke,809,395,918,550
0620.png,111,221,Smoke,1020,321,1131,542
0620.png,32,158,Smoke,963,389,995,547
0620.png,29,218,Smoke,1163,357,1192,575
0620.png,124,174,Smoke,1251,377,1375,551
0620.png,169,109,Smoke,1751,450,1920,559
0620.png,65,218,Smoke,1620,397,1685,615
0620.png,99,59,Smoke,1692,576,1791,635
0620.png,50,128,Smoke,1434,423,1484,551
0620.png,76,118,Smoke,1770,308,1846,426
0620.png,55,80,Smoke,546,424,601,504
0620.png,23,113,Smoke,1214,465,1237,578
0620.png,57,57,Smoke,1773,313,1830,370
0621.png,80,48,Smoke,414,514,494,562
0621.png,97,120,Smoke,647,430,744,550
0621.png,109,155,Smoke,809,395,918,550
0621.png,111,221,Smoke,1020,322,1131,543
0621.png,32,158,Smoke,963,389,995,547
0621.png,29,218,Smoke,1163,357,1192,575
0621.png,124,174,Smoke,1251,377,1375,551
0621.png,171,109,Smoke,1749,449,1920,558
0621.png,65,218,Smoke,1620,397,1685,615
0621.png,99,59,Smoke,1692,576,1791,635
0621.png,50,128,Smoke,1434,423,1484,551
0621.png,76,118,Smoke,1771,307,1847,425
0621.png,55,80,Smoke,546,424,601,504
0621.png,23,113,Smoke,1214,465,1237,578
0621.png,57,57,Smoke,1773,313,1830,370
0621.png,55,80,Smoke,546,424,601,504
0621.png,23,113,Smoke,1214,465,1237,578
0622.png,80,48,Smoke,414,514,494,562
0622.png,97,120,Smoke,647,429,744,549
0622.png,109,155,Smoke,809,395,918,550
0622.png,111,221,Smoke,1020,323,1131,544
0622.png,32,158,Smoke,963,389,995,547
0622.png,29,218,Smoke,1163,359,1192,577
0622.png,124,174,Smoke,1251,377,1375,551
0622.png,170,109,Smoke,1750,449,1920,558
0622.png,65,218,Smoke,1620,397,1685,615
0622.png,99,59,Smoke,1692,576,1791,635
0622.png,50,128,Smoke,1434,423,1484,551
0622.png,76,118,Smoke,1771,306,1847,424
0622.png,57,57,Smoke,1773,313,1830,370
0622.png,55,80,Smoke,546,424,601,504
0622.png,23,113,Smoke,1214,465,1237,578
0623.png,80,48,Smoke,414,515,494,563
0623.png,97,120,Smoke,647,429,744,549
0623.png,109,155,Smoke,809,395,918,550
0623.png,111,221,Smoke,1020,322,1131,543
0623.png,32,158,Smoke,963,389,995,547
0623.png,29,218,Smoke,1163,357,1192,575
0623.png,124,174,Smoke,1251,377,1375,551
0623.png,171,109,Smoke,1749,449,1920,558
0623.png,65,218,Smoke,1620,397,1685,615
0623.png,99,59,Smoke,1692,576,1791,635
0623.png,50,128,Smoke,1434,423,1484,551
0623.png,76,118,Smoke,1771,307,1847,425
0623.png,57,57,Smoke,1773,313,1830,370
0624.png,80,48,Smoke,414,514,494,562
0624.png,97,120,Smoke,647,430,744,550
0624.png,109,155,Smoke,809,395,918,550
0624.png,111,221,Smoke,1020,323,1131,544
0624.png,32,158,Smoke,963,389,995,547
0624.png,29,218,Smoke,1163,357,1192,575
0624.png,124,174,Smoke,1251,377,1375,551
0624.png,170,109,Smoke,1750,449,1920,558
0624.png,65,218,Smoke,1620,397,1685,615
0624.png,99,59,Smoke,1692,576,1791,635
0624.png,50,128,Smoke,1434,423,1484,551
0624.png,76,118,Smoke,1771,307,1847,425
0624.png,55,80,Smoke,546,424,601,504
0624.png,23,113,Smoke,1214,465,1237,578
0624.png,57,57,Smoke,1773,313,1830,370
0625.png,80,48,Smoke,414,515,494,563
0625.png,97,120,Smoke,647,430,744,550
0625.png,109,155,Smoke,809,395,918,550
0625.png,111,221,Smoke,1021,322,1132,543
0625.png,32,158,Smoke,963,389,995,547
0625.png,29,218,Smoke,1163,357,1192,575
0625.png,124,174,Smoke,1251,377,1375,551
0625.png,171,109,Smoke,1749,449,1920,558
0625.png,65,218,Smoke,1620,397,1685,615
0625.png,99,59,Smoke,1692,576,1791,635
0625.png,50,128,Smoke,1434,423,1484,551
0625.png,76,118,Smoke,1771,307,1847,425
0625.png,55,80,Smoke,546,424,601,504
0625.png,23,113,Smoke,1214,465,1237,578
0625.png,57,57,Smoke,1773,313,1830,370
0626.png,80,48,Smoke,414,514,494,562
0626.png,97,120,Smoke,647,429,744,549
0626.png,109,155,Smoke,809,395,918,550
0626.png,111,221,Smoke,1020,323,1131,544
0626.png,32,158,Smoke,963,388,995,546
0626.png,29,218,Smoke,1163,357,1192,575
0626.png,124,174,Smoke,1251,377,1375,551
0626.png,170,109,Smoke,1750,450,1920,559
0626.png,65,218,Smoke,1620,397,1685,615
0626.png,99,59,Smoke,1692,576,1791,635
0626.png,50,128,Smoke,1434,423,1484,551
0626.png,76,118,Smoke,1771,307,1847,425
0626.png,55,80,Smoke,546,424,601,504
0626.png,23,113,Smoke,1214,465,1237,578
0626.png,57,57,Smoke,1773,313,1830,370
0627.png,80,48,Smoke,414,514,494,562
0627.png,97,120,Smoke,647,430,744,550
0627.png,109,155,Smoke,809,395,918,550
0627.png,111,221,Smoke,1021,322,1132,543
0627.png,32,158,Smoke,963,389,995,547
0627.png,29,218,Smoke,1163,357,1192,575
0627.png,124,174,Smoke,1251,377,1375,551
0627.png,171,109,Smoke,1749,450,1920,559
0627.png,65,218,Smoke,1620,397,1685,615
0627.png,99,59,Smoke,1692,576,1791,635
0627.png,50,128,Smoke,1434,423,1484,551
0627.png,76,118,Smoke,1771,307,1847,425
0627.png,55,80,Smoke,546,424,601,504
0627.png,23,113,Smoke,1214,465,1237,578
0627.png,57,57,Smoke,1773,313,1830,370
0628.png,80,48,Smoke,415,514,495,562
0628.png,97,120,Smoke,647,425,744,545
0628.png,109,155,Smoke,809,394,918,549
0628.png,111,221,Smoke,1020,323,1131,544
0628.png,32,158,Smoke,963,388,995,546
0628.png,29,218,Smoke,1163,357,1192,575
0628.png,124,174,Smoke,1251,377,1375,551
0628.png,170,109,Smoke,1750,450,1920,559
0628.png,65,218,Smoke,1620,397,1685,615
0628.png,99,59,Smoke,1692,576,1791,635
0628.png,50,128,Smoke,1435,423,1485,551
0628.png,76,118,Smoke,1771,307,1847,425
0628.png,55,80,Smoke,546,424,601,504
0628.png,23,113,Smoke,1214,465,1237,578
0628.png,57,57,Smoke,1773,313,1830,370
0629.png,80,48,Smoke,415,514,495,562
0629.png,97,120,Smoke,647,429,744,549
0629.png,109,155,Smoke,809,394,918,549
0629.png,111,221,Smoke,1019,322,1130,543
0629.png,32,158,Smoke,963,388,995,546
0629.png,29,218,Smoke,1163,357,1192,575
0629.png,124,174,Smoke,1251,377,1375,551
0629.png,171,109,Smoke,1749,450,1920,559
0629.png,65,218,Smoke,1620,397,1685,615
0629.png,99,59,Smoke,1692,576,1791,635
0629.png,50,128,Smoke,1434,423,1484,551
0629.png,76,118,Smoke,1771,307,1847,425
0629.png,55,80,Smoke,546,424,601,504
0629.png,23,113,Smoke,1214,465,1237,578
0629.png,57,57,Smoke,1773,313,1830,370
0630.png,80,48,Smoke,415,513,495,561
0630.png,97,120,Smoke,647,423,744,543
0630.png,109,155,Smoke,809,395,918,550
0630.png,111,221,Smoke,1020,323,1131,544
0630.png,32,158,Smoke,963,389,995,547
0630.png,29,218,Smoke,1163,357,1192,575
0630.png,124,174,Smoke,1251,377,1375,551
0630.png,170,109,Smoke,1750,450,1920,559
0630.png,65,218,Smoke,1620,397,1685,615
0630.png,99,59,Smoke,1692,576,1791,635
0630.png,50,128,Smoke,1434,424,1484,552
0630.png,76,118,Smoke,1771,306,1847,424
0630.png,55,80,Smoke,546,424,601,504
0630.png,23,113,Smoke,1214,465,1237,578
0630.png,57,57,Smoke,1773,313,1830,370
0631.png,80,48,Smoke,414,515,494,563
0631.png,97,120,Smoke,647,432,744,552
0631.png,109,155,Smoke,809,395,918,550
0631.png,111,221,Smoke,1020,322,1131,543
0631.png,32,158,Smoke,963,389,995,547
0631.png,29,218,Smoke,1163,357,1192,575
0631.png,124,174,Smoke,1251,377,1375,551
0631.png,174,109,Smoke,1746,449,1920,558
0631.png,65,218,Smoke,1620,397,1685,615
0631.png,99,59,Smoke,1692,575,1791,634
0631.png,50,128,Smoke,1434,424,1484,552
0631.png,76,118,Smoke,1771,305,1847,423
0631.png,55,80,Smoke,546,424,601,504
0631.png,23,113,Smoke,1214,465,1237,578
0631.png,57,57,Smoke,1773,313,1830,370
0631.png,55,80,Smoke,546,424,601,504
0631.png,23,113,Smoke,1214,465,1237,578
0632.png,80,48,Smoke,415,515,495,563
0632.png,97,120,Smoke,647,432,744,552
0632.png,109,155,Smoke,809,395,918,550
0632.png,111,221,Smoke,1020,322,1131,543
0632.png,32,158,Smoke,963,389,995,547
0632.png,29,218,Smoke,1163,357,1192,575
0632.png,124,174,Smoke,1251,377,1375,551
0632.png,174,109,Smoke,1746,449,1920,558
0632.png,65,218,Smoke,1620,397,1685,615
0632.png,99,59,Smoke,1692,575,1791,634
0632.png,50,128,Smoke,1434,424,1484,552
0632.png,76,118,Smoke,1771,305,1847,423
0632.png,57,57,Smoke,1773,313,1830,370
0632.png,55,80,Smoke,546,424,601,504
0632.png,23,113,Smoke,1213,465,1236,578
0633.png,80,48,Smoke,414,516,494,564
0633.png,97,120,Smoke,647,432,744,552
0633.png,109,155,Smoke,809,395,918,550
0633.png,111,221,Smoke,1020,322,1131,543
0633.png,32,158,Smoke,963,389,995,547
0633.png,29,218,Smoke,1163,357,1192,575
0633.png,124,174,Smoke,1251,377,1375,551
0633.png,174,109,Smoke,1746,449,1920,558
0633.png,65,218,Smoke,1620,397,1685,615
0633.png,99,59,Smoke,1692,575,1791,634
0633.png,50,128,Smoke,1434,423,1484,551
0633.png,76,118,Smoke,1771,305,1847,423
0633.png,57,57,Smoke,1773,313,1830,370
0634.png,80,48,Smoke,414,515,494,563
0634.png,97,120,Smoke,647,432,744,552
0634.png,109,155,Smoke,809,395,918,550
0634.png,111,221,Smoke,1020,323,1131,544
0634.png,32,158,Smoke,963,389,995,547
0634.png,29,218,Smoke,1163,355,1192,573
0634.png,124,174,Smoke,1251,378,1375,552
0634.png,174,109,Smoke,1746,449,1920,558
0634.png,65,218,Smoke,1620,397,1685,615
0634.png,99,59,Smoke,1692,575,1791,634
0634.png,50,128,Smoke,1434,423,1484,551
0634.png,76,118,Smoke,1771,305,1847,423
0634.png,55,80,Smoke,546,424,601,504
0634.png,23,113,Smoke,1213,465,1236,578
0634.png,57,57,Smoke,1773,313,1830,370
0635.png,80,48,Smoke,415,515,495,563
0635.png,97,120,Smoke,647,432,744,552
0635.png,109,155,Smoke,809,395,918,550
0635.png,111,221,Smoke,1020,322,1131,543
0635.png,32,158,Smoke,963,389,995,547
0635.png,29,218,Smoke,1163,357,1192,575
0635.png,124,174,Smoke,1251,378,1375,552
0635.png,174,109,Smoke,1746,449,1920,558
0635.png,65,218,Smoke,1620,397,1685,615
0635.png,99,59,Smoke,1692,575,1791,634
0635.png,50,128,Smoke,1435,423,1485,551
0635.png,76,118,Smoke,1771,305,1847,423
0635.png,55,80,Smoke,546,424,601,504
0635.png,23,113,Smoke,1213,465,1236,578
0635.png,57,57,Smoke,1773,313,1830,370
0636.png,80,48,Smoke,414,516,494,564
0636.png,97,120,Smoke,647,432,744,552
0636.png,109,155,Smoke,809,395,918,550
0636.png,111,221,Smoke,1020,323,1131,544
0636.png,32,158,Smoke,963,389,995,547
0636.png,29,218,Smoke,1163,357,1192,575
0636.png,124,174,Smoke,1251,378,1375,552
0636.png,174,109,Smoke,1746,449,1920,558
0636.png,65,218,Smoke,1620,397,1685,615
0636.png,99,59,Smoke,1692,575,1791,634
0636.png,50,128,Smoke,1434,424,1484,552
0636.png,76,118,Smoke,1771,304,1847,422
0636.png,55,80,Smoke,546,424,601,504
0636.png,23,113,Smoke,1213,465,1236,578
0636.png,57,57,Smoke,1773,313,1830,370
0637.png,80,48,Smoke,415,515,495,563
0637.png,97,120,Smoke,647,432,744,552
0637.png,109,155,Smoke,809,394,918,549
0637.png,111,221,Smoke,1020,322,1131,543
0637.png,32,158,Smoke,963,389,995,547
0637.png,29,218,Smoke,1163,357,1192,575
0637.png,124,174,Smoke,1251,378,1375,552
0637.png,174,109,Smoke,1746,449,1920,558
0637.png,65,218,Smoke,1620,397,1685,615
0637.png,99,59,Smoke,1692,575,1791,634
0637.png,50,128,Smoke,1434,424,1484,552
0637.png,76,118,Smoke,1771,305,1847,423
0637.png,55,80,Smoke,546,424,601,504
0637.png,23,113,Smoke,1213,465,1236,578
0637.png,57,57,Smoke,1773,313,1830,370
0638.png,80,48,Smoke,415,515,495,563
0638.png,97,120,Smoke,647,432,744,552
0638.png,109,155,Smoke,809,395,918,550
0638.png,111,221,Smoke,1020,320,1131,541
0638.png,32,158,Smoke,963,389,995,547
0638.png,29,218,Smoke,1163,357,1192,575
0638.png,124,174,Smoke,1252,377,1376,551
0638.png,174,109,Smoke,1746,449,1920,558
0638.png,65,218,Smoke,1620,397,1685,615
0638.png,99,59,Smoke,1692,575,1791,634
0638.png,50,128,Smoke,1434,424,1484,552
0638.png,76,118,Smoke,1771,305,1847,423
0638.png,55,80,Smoke,546,424,601,504
0638.png,23,113,Smoke,1213,465,1236,578
0638.png,57,57,Smoke,1773,313,1830,370
0639.png,80,48,Smoke,415,515,495,563
0639.png,97,120,Smoke,647,432,744,552
0639.png,109,155,Smoke,809,395,918,550
0639.png,111,221,Smoke,1020,322,1131,543
0639.png,32,158,Smoke,963,389,995,547
0639.png,29,218,Smoke,1163,357,1192,575
0639.png,124,174,Smoke,1252,377,1376,551
0639.png,174,109,Smoke,1746,449,1920,558
0639.png,65,218,Smoke,1620,397,1685,615
0639.png,99,59,Smoke,1692,575,1791,634
0639.png,50,128,Smoke,1435,423,1485,551
0639.png,76,118,Smoke,1771,305,1847,423
0639.png,55,80,Smoke,546,424,601,504
0639.png,23,113,Smoke,1213,465,1236,578
0639.png,57,57,Smoke,1773,313,1830,370
0640.png,80,48,Smoke,415,515,495,563
0640.png,97,120,Smoke,647,432,744,552
0640.png,109,155,Smoke,809,395,918,550
0640.png,111,221,Smoke,1021,321,1132,542
0640.png,32,158,Smoke,963,389,995,547
0640.png,29,218,Smoke,1163,357,1192,575
0640.png,124,174,Smoke,1251,377,1375,551
0640.png,174,109,Smoke,1746,449,1920,558
0640.png,65,218,Smoke,1620,397,1685,615
0640.png,99,59,Smoke,1692,575,1791,634
0640.png,50,128,Smoke,1434,424,1484,552
0640.png,76,118,Smoke,1771,305,1847,423
0640.png,55,80,Smoke,546,424,601,504
0640.png,23,113,Smoke,1213,465,1236,578
0640.png,57,57,Smoke,1773,313,1830,370
0641.png,80,48,Smoke,415,515,495,563
0641.png,97,120,Smoke,647,432,744,552
0641.png,109,155,Smoke,809,394,918,549
0641.png,111,221,Smoke,1021,322,1132,543
0641.png,32,158,Smoke,963,389,995,547
0641.png,29,218,Smoke,1163,357,1192,575
0641.png,124,174,Smoke,1251,378,1375,552
0641.png,174,109,Smoke,1746,449,1920,558
0641.png,65,218,Smoke,1620,397,1685,615
0641.png,99,59,Smoke,1692,575,1791,634
0641.png,50,128,Smoke,1434,425,1484,553
0641.png,76,118,Smoke,1771,305,1847,423
0641.png,55,80,Smoke,546,424,601,504
0641.png,23,113,Smoke,1213,466,1236,579
0641.png,57,57,Smoke,1773,313,1830,370
0641.png,55,80,Smoke,546,424,601,504
0641.png,23,113,Smoke,1213,465,1236,578
0642.png,80,48,Smoke,415,515,495,563
0642.png,97,120,Smoke,647,432,744,552
0642.png,109,155,Smoke,809,394,918,549
0642.png,111,221,Smoke,1021,322,1132,543
0642.png,32,158,Smoke,963,389,995,547
0642.png,29,218,Smoke,1163,358,1192,576
0642.png,124,174,Smoke,1251,378,1375,552
0642.png,174,109,Smoke,1746,449,1920,558
0642.png,65,218,Smoke,1620,397,1685,615
0642.png,99,59,Smoke,1692,575,1791,634
0642.png,50,128,Smoke,1434,425,1484,553
0642.png,76,118,Smoke,1771,305,1847,423
0642.png,57,57,Smoke,1773,313,1830,370
0642.png,55,80,Smoke,546,424,601,504
0642.png,23,113,Smoke,1213,465,1236,578
0643.png,80,48,Smoke,415,515,495,563
0643.png,97,120,Smoke,647,432,744,552
0643.png,109,155,Smoke,809,394,918,549
0643.png,111,221,Smoke,1021,321,1132,542
0643.png,32,158,Smoke,963,389,995,547
0643.png,29,218,Smoke,1163,357,1192,575
0643.png,124,174,Smoke,1251,378,1375,552
0643.png,174,109,Smoke,1746,449,1920,558
0643.png,65,218,Smoke,1620,397,1685,615
0643.png,99,59,Smoke,1692,575,1791,634
0643.png,50,128,Smoke,1434,425,1484,553
0643.png,76,118,Smoke,1771,305,1847,423
0643.png,57,57,Smoke,1773,313,1830,370
0644.png,80,48,Smoke,415,515,495,563
0644.png,97,120,Smoke,647,432,744,552
0644.png,109,155,Smoke,809,394,918,549
0644.png,111,221,Smoke,1021,323,1132,544
0644.png,32,158,Smoke,963,389,995,547
0644.png,29,218,Smoke,1163,357,1192,575
0644.png,124,174,Smoke,1251,378,1375,552
0644.png,174,109,Smoke,1746,449,1920,558
0644.png,65,218,Smoke,1620,397,1685,615
0644.png,99,59,Smoke,1692,575,1791,634
0644.png,50,128,Smoke,1435,425,1485,553
0644.png,76,118,Smoke,1771,305,1847,423
0644.png,55,80,Smoke,546,424,601,504
0644.png,23,113,Smoke,1213,465,1236,578
0644.png,57,57,Smoke,1773,313,1830,370
0645.png,80,48,Smoke,415,515,495,563
0645.png,97,120,Smoke,647,432,744,552
0645.png,109,155,Smoke,809,394,918,549
0645.png,111,221,Smoke,1021,321,1132,542
0645.png,32,158,Smoke,963,389,995,547
0645.png,29,218,Smoke,1163,357,1192,575
0645.png,124,174,Smoke,1251,378,1375,552
0645.png,174,109,Smoke,1746,449,1920,558
0645.png,65,218,Smoke,1620,397,1685,615
0645.png,99,59,Smoke,1692,575,1791,634
0645.png,50,128,Smoke,1434,425,1484,553
0645.png,76,118,Smoke,1771,305,1847,423
0645.png,55,80,Smoke,546,424,601,504
0645.png,23,113,Smoke,1213,465,1236,578
0645.png,57,57,Smoke,1773,313,1830,370
0646.png,80,48,Smoke,415,515,495,563
0646.png,97,120,Smoke,647,432,744,552
0646.png,109,155,Smoke,809,394,918,549
0646.png,111,221,Smoke,1021,323,1132,544
0646.png,32,158,Smoke,963,389,995,547
0646.png,29,218,Smoke,1163,357,1192,575
0646.png,124,174,Smoke,1251,378,1375,552
0646.png,174,109,Smoke,1746,449,1920,558
0646.png,65,218,Smoke,1620,397,1685,615
0646.png,99,59,Smoke,1692,575,1791,634
0646.png,50,128,Smoke,1434,425,1484,553
0646.png,76,118,Smoke,1772,305,1848,423
0646.png,55,80,Smoke,546,424,601,504
0646.png,23,113,Smoke,1213,465,1236,578
0646.png,57,57,Smoke,1773,313,1830,370
0647.png,80,48,Smoke,414,515,494,563
0647.png,97,120,Smoke,647,432,744,552
0647.png,109,155,Smoke,809,394,918,549
0647.png,111,221,Smoke,1020,322,1131,543
0647.png,32,158,Smoke,963,389,995,547
0647.png,29,218,Smoke,1163,357,1192,575
0647.png,124,174,Smoke,1251,378,1375,552
0647.png,174,109,Smoke,1746,449,1920,558
0647.png,65,218,Smoke,1620,397,1685,615
0647.png,99,59,Smoke,1692,575,1791,634
0647.png,50,128,Smoke,1434,425,1484,553
0647.png,76,118,Smoke,1772,305,1848,423
0647.png,55,80,Smoke,546,424,601,504
0647.png,23,113,Smoke,1213,465,1236,578
0647.png,57,57,Smoke,1773,313,1830,370
0648.png,80,48,Smoke,415,514,495,562
0648.png,97,120,Smoke,647,432,744,552
0648.png,109,155,Smoke,810,394,919,549
0648.png,111,221,Smoke,1020,321,1131,542
0648.png,32,158,Smoke,963,389,995,547
0648.png,29,218,Smoke,1163,357,1192,575
0648.png,124,174,Smoke,1251,378,1375,552
0648.png,174,109,Smoke,1746,449,1920,558
0648.png,65,218,Smoke,1619,397,1684,615
0648.png,99,59,Smoke,1692,575,1791,634
0648.png,50,128,Smoke,1434,425,1484,553
0648.png,76,118,Smoke,1771,306,1847,424
0648.png,55,80,Smoke,546,424,601,504
0648.png,23,113,Smoke,1213,465,1236,578
0648.png,57,57,Smoke,1773,313,1830,370
0649.png,80,48,Smoke,414,515,494,563
0649.png,97,120,Smoke,647,432,744,552
0649.png,109,155,Smoke,810,394,919,549
0649.png,111,221,Smoke,1021,322,1132,543
0649.png,32,158,Smoke,963,389,995,547
0649.png,29,218,Smoke,1163,359,1192,577
0649.png,124,174,Smoke,1251,378,1375,552
0649.png,174,109,Smoke,1746,448,1920,557
0649.png,65,218,Smoke,1620,398,1685,616
0649.png,99,59,Smoke,1691,575,1790,634
0649.png,50,128,Smoke,1434,425,1484,553
0649.png,76,118,Smoke,1771,305,1847,423
0649.png,55,80,Smoke,546,424,601,504
0649.png,23,113,Smoke,1213,465,1236,578
0649.png,57,57,Smoke,1773,313,1830,370
0650.png,80,48,Smoke,414,514,494,562
0650.png,97,120,Smoke,647,432,744,552
0650.png,109,155,Smoke,810,394,919,549
0650.png,111,221,Smoke,1021,323,1132,544
0650.png,32,158,Smoke,963,389,995,547
0650.png,29,218,Smoke,1163,357,1192,575
0650.png,124,174,Smoke,1251,378,1375,552
0650.png,174,109,Smoke,1746,449,1920,558
0650.png,65,218,Smoke,1620,398,1685,616
0650.png,99,59,Smoke,1692,575,1791,634
0650.png,50,128,Smoke,1434,425,1484,553
0650.png,76,118,Smoke,1771,305,1847,423
0650.png,55,80,Smoke,546,424,601,504
0650.png,23,113,Smoke,1213,465,1236,578
0650.png,57,57,Smoke,1773,313,1830,370
0651.png,80,48,Smoke,414,514,494,562
0651.png,97,120,Smoke,647,432,744,552
0651.png,109,155,Smoke,810,394,919,549
0651.png,111,221,Smoke,1020,322,1131,543
0651.png,32,158,Smoke,963,389,995,547
0651.png,29,218,Smoke,1163,358,1192,576
0651.png,124,174,Smoke,1251,378,1375,552
0651.png,174,109,Smoke,1746,449,1920,558
0651.png,65,218,Smoke,1620,397,1685,615
0651.png,99,59,Smoke,1692,575,1791,634
0651.png,50,128,Smoke,1434,425,1484,553
0651.png,76,118,Smoke,1771,305,1847,423
0651.png,55,80,Smoke,546,424,601,504
0651.png,23,113,Smoke,1213,465,1236,578
0651.png,57,57,Smoke,1773,313,1830,370
0651.png,55,80,Smoke,546,424,601,504
0651.png,23,113,Smoke,1213,465,1236,578
0652.png,80,48,Smoke,414,514,494,562
0652.png,97,120,Smoke,647,432,744,552
0652.png,109,155,Smoke,810,394,919,549
0652.png,111,221,Smoke,1020,323,1131,544
0652.png,32,158,Smoke,963,389,995,547
0652.png,29,218,Smoke,1163,358,1192,576
0652.png,124,174,Smoke,1251,378,1375,552
0652.png,174,109,Smoke,1746,449,1920,558
0652.png,65,218,Smoke,1620,397,1685,615
0652.png,99,59,Smoke,1692,575,1791,634
0652.png,50,128,Smoke,1434,425,1484,553
0652.png,76,118,Smoke,1772,304,1848,422
0652.png,57,57,Smoke,1773,313,1830,370
0652.png,55,80,Smoke,546,424,601,504
0652.png,23,113,Smoke,1213,465,1236,578
0653.png,80,48,Smoke,414,514,494,562
0653.png,97,120,Smoke,647,432,744,552
0653.png,109,155,Smoke,810,394,919,549
0653.png,111,221,Smoke,1020,322,1131,543
0653.png,32,158,Smoke,963,389,995,547
0653.png,29,218,Smoke,1163,358,1192,576
0653.png,124,174,Smoke,1251,378,1375,552
0653.png,174,109,Smoke,1746,449,1920,558
0653.png,65,218,Smoke,1620,397,1685,615
0653.png,99,59,Smoke,1692,575,1791,634
0653.png,50,128,Smoke,1434,425,1484,553
0653.png,76,118,Smoke,1771,305,1847,423
0653.png,57,57,Smoke,1773,313,1830,370
0654.png,80,48,Smoke,414,514,494,562
0654.png,97,120,Smoke,647,432,744,552
0654.png,109,155,Smoke,810,394,919,549
0654.png,111,221,Smoke,1021,321,1132,542
0654.png,32,158,Smoke,963,389,995,547
0654.png,29,218,Smoke,1163,358,1192,576
0654.png,124,174,Smoke,1250,378,1374,552
0654.png,174,109,Smoke,1746,448,1920,557
0654.png,65,218,Smoke,1620,397,1685,615
0654.png,99,59,Smoke,1692,575,1791,634
0654.png,50,128,Smoke,1434,425,1484,553
0654.png,76,118,Smoke,1771,305,1847,423
0654.png,55,80,Smoke,546,424,601,504
0654.png,23,113,Smoke,1214,465,1237,578
0654.png,57,57,Smoke,1773,313,1830,370
0655.png,80,48,Smoke,414,514,494,562
0655.png,97,120,Smoke,647,432,744,552
0655.png,109,155,Smoke,810,394,919,549
0655.png,111,221,Smoke,1020,322,1131,543
0655.png,32,158,Smoke,963,389,995,547
0655.png,29,218,Smoke,1163,358,1192,576
0655.png,124,174,Smoke,1250,378,1374,552
0655.png,174,109,Smoke,1746,449,1920,558
0655.png,65,218,Smoke,1620,397,1685,615
0655.png,99,59,Smoke,1692,575,1791,634
0655.png,50,128,Smoke,1435,424,1485,552
0655.png,76,118,Smoke,1771,305,1847,423
0655.png,55,80,Smoke,546,424,601,504
0655.png,23,113,Smoke,1213,466,1236,579
0655.png,57,57,Smoke,1773,313,1830,370
0656.png,80,48,Smoke,414,514,494,562
0656.png,97,120,Smoke,647,432,744,552
0656.png,109,155,Smoke,810,394,919,549
0656.png,111,221,Smoke,1020,323,1131,544
0656.png,32,158,Smoke,963,389,995,547
0656.png,29,218,Smoke,1163,358,1192,576
0656.png,124,174,Smoke,1251,378,1375,552
0656.png,174,109,Smoke,1746,449,1920,558
0656.png,65,218,Smoke,1620,397,1685,615
0656.png,99,59,Smoke,1692,575,1791,634
0656.png,50,128,Smoke,1434,425,1484,553
0656.png,76,118,Smoke,1772,305,1848,423
0656.png,55,80,Smoke,546,424,601,504
0656.png,23,113,Smoke,1213,466,1236,579
0656.png,57,57,Smoke,1773,313,1830,370
0657.png,80,48,Smoke,414,514,494,562
0657.png,97,120,Smoke,647,432,744,552
0657.png,109,155,Smoke,810,394,919,549
0657.png,111,221,Smoke,1020,321,1131,542
0657.png,32,158,Smoke,963,389,995,547
0657.png,29,218,Smoke,1163,358,1192,576
0657.png,124,174,Smoke,1251,378,1375,552
0657.png,174,109,Smoke,1746,449,1920,558
0657.png,65,218,Smoke,1620,397,1685,615
0657.png,99,59,Smoke,1692,575,1791,634
0657.png,50,128,Smoke,1434,425,1484,553
0657.png,76,118,Smoke,1771,305,1847,423
0657.png,55,80,Smoke,546,424,601,504
0657.png,23,113,Smoke,1213,466,1236,579
0657.png,57,57,Smoke,1773,313,1830,370
0658.png,80,48,Smoke,414,514,494,562
0658.png,149,71,Smoke,588,487,737,558
0658.png,109,155,Smoke,810,394,919,549
0658.png,111,221,Smoke,1020,321,1131,542
0658.png,32,158,Smoke,963,389,995,547
0658.png,29,218,Smoke,1163,358,1192,576
0658.png,124,174,Smoke,1251,378,1375,552
0658.png,174,109,Smoke,1746,449,1920,558
0658.png,65,218,Smoke,1620,397,1685,615
0658.png,99,59,Smoke,1692,575,1791,634
0658.png,50,128,Smoke,1434,425,1484,553
0658.png,76,118,Smoke,1771,305,1847,423
0658.png,55,80,Smoke,546,424,601,504
0658.png,23,113,Smoke,1213,465,1236,578
0658.png,57,57,Smoke,1773,313,1830,370
0659.png,80,48,Smoke,414,514,494,562
0659.png,149,71,Smoke,588,487,737,558
0659.png,109,155,Smoke,810,394,919,549
0659.png,111,221,Smoke,1020,322,1131,543
0659.png,32,158,Smoke,963,389,995,547
0659.png,29,218,Smoke,1163,358,1192,576
0659.png,124,174,Smoke,1251,378,1375,552
0659.png,174,109,Smoke,1746,449,1920,558
0659.png,65,218,Smoke,1620,397,1685,615
0659.png,99,59,Smoke,1692,575,1791,634
0659.png,50,128,Smoke,1434,425,1484,553
0659.png,76,118,Smoke,1771,306,1847,424
0659.png,55,80,Smoke,546,424,601,504
0659.png,23,113,Smoke,1213,466,1236,579
0659.png,57,57,Smoke,1773,313,1830,370
0660.png,80,48,Smoke,414,514,494,562
0660.png,149,71,Smoke,588,487,737,558
0660.png,109,155,Smoke,810,394,919,549
0660.png,111,221,Smoke,1020,323,1131,544
0660.png,32,158,Smoke,963,389,995,547
0660.png,29,218,Smoke,1163,358,1192,576
0660.png,124,174,Smoke,1251,378,1375,552
0660.png,174,109,Smoke,1746,449,1920,558
0660.png,65,218,Smoke,1620,397,1685,615
0660.png,99,59,Smoke,1692,575,1791,634
0660.png,50,128,Smoke,1434,425,1484,553
0660.png,76,118,Smoke,1771,305,1847,423
0660.png,55,80,Smoke,546,424,601,504
0660.png,23,113,Smoke,1213,464,1236,577
0660.png,57,57,Smoke,1773,313,1830,370
0661.png,80,48,Smoke,414,514,494,562
0661.png,149,71,Smoke,588,487,737,558
0661.png,109,155,Smoke,810,394,919,549
0661.png,111,221,Smoke,1020,322,1131,543
0661.png,32,158,Smoke,963,389,995,547
0661.png,29,218,Smoke,1163,358,1192,576
0661.png,124,174,Smoke,1251,378,1375,552
0661.png,174,109,Smoke,1746,449,1920,558
0661.png,65,218,Smoke,1620,397,1685,615
0661.png,99,59,Smoke,1692,575,1791,634
0661.png,50,128,Smoke,1434,425,1484,553
0661.png,76,118,Smoke,1771,305,1847,423
0661.png,55,80,Smoke,546,424,601,504
0661.png,23,113,Smoke,1213,466,1236,579
0661.png,57,57,Smoke,1773,313,1830,370
0661.png,55,80,Smoke,546,424,601,504
0661.png,23,113,Smoke,1213,466,1236,579
0662.png,80,48,Smoke,414,514,494,562
0662.png,149,71,Smoke,588,486,737,557
0662.png,109,155,Smoke,810,394,919,549
0662.png,111,221,Smoke,1020,322,1131,543
0662.png,32,158,Smoke,963,389,995,547
0662.png,29,218,Smoke,1163,358,1192,576
0662.png,124,174,Smoke,1251,378,1375,552
0662.png,174,109,Smoke,1746,449,1920,558
0662.png,65,218,Smoke,1620,397,1685,615
0662.png,99,59,Smoke,1692,575,1791,634
0662.png,50,128,Smoke,1434,426,1484,554
0662.png,76,118,Smoke,1771,305,1847,423
0662.png,57,57,Smoke,1773,313,1830,370
0662.png,55,80,Smoke,546,424,601,504
0662.png,23,113,Smoke,1213,465,1236,578
0663.png,80,48,Smoke,414,514,494,562
0663.png,149,71,Smoke,589,486,738,557
0663.png,109,155,Smoke,810,394,919,549
0663.png,111,221,Smoke,1020,321,1131,542
0663.png,32,158,Smoke,963,389,995,547
0663.png,29,218,Smoke,1163,358,1192,576
0663.png,124,174,Smoke,1251,378,1375,552
0663.png,174,109,Smoke,1746,449,1920,558
0663.png,65,218,Smoke,1620,397,1685,615
0663.png,99,59,Smoke,1692,575,1791,634
0663.png,50,128,Smoke,1435,425,1485,553
0663.png,76,118,Smoke,1771,305,1847,423
0663.png,57,57,Smoke,1773,313,1830,370
0664.png,80,48,Smoke,414,514,494,562
0664.png,149,71,Smoke,589,486,738,557
0664.png,109,155,Smoke,810,394,919,549
0664.png,111,221,Smoke,1020,323,1131,544
0664.png,32,158,Smoke,963,389,995,547
0664.png,29,218,Smoke,1163,358,1192,576
0664.png,124,174,Smoke,1251,378,1375,552
0664.png,174,109,Smoke,1746,449,1920,558
0664.png,65,218,Smoke,1620,397,1685,615
0664.png,99,59,Smoke,1692,575,1791,634
0664.png,50,128,Smoke,1433,425,1483,553
0664.png,76,118,Smoke,1771,305,1847,423
0664.png,55,80,Smoke,546,424,601,504
0664.png,23,113,Smoke,1213,465,1236,578
0664.png,57,57,Smoke,1773,313,1830,370
0665.png,80,48,Smoke,414,515,494,563
0665.png,149,71,Smoke,589,486,738,557
0665.png,109,155,Smoke,810,394,919,549
0665.png,111,221,Smoke,1020,321,1131,542
0665.png,32,158,Smoke,963,389,995,547
0665.png,29,218,Smoke,1163,358,1192,576
0665.png,124,174,Smoke,1251,378,1375,552
0665.png,174,109,Smoke,1746,449,1920,558
0665.png,65,218,Smoke,1620,397,1685,615
0665.png,99,59,Smoke,1692,575,1791,634
0665.png,50,128,Smoke,1434,424,1484,552
0665.png,76,118,Smoke,1771,305,1847,423
0665.png,55,80,Smoke,546,424,601,504
0665.png,23,113,Smoke,1213,465,1236,578
0665.png,57,57,Smoke,1773,313,1830,370
0666.png,80,48,Smoke,414,514,494,562
0666.png,149,71,Smoke,589,486,738,557
0666.png,109,155,Smoke,810,394,919,549
0666.png,111,221,Smoke,1020,323,1131,544
0666.png,32,158,Smoke,963,389,995,547
0666.png,29,218,Smoke,1163,358,1192,576
0666.png,124,174,Smoke,1251,378,1375,552
0666.png,174,109,Smoke,1746,449,1920,558
0666.png,65,218,Smoke,1620,397,1685,615
0666.png,99,59,Smoke,1692,575,1791,634
0666.png,50,128,Smoke,1433,426,1483,554
0666.png,76,118,Smoke,1771,305,1847,423
0666.png,55,80,Smoke,546,424,601,504
0666.png,23,113,Smoke,1213,465,1236,578
0666.png,57,57,Smoke,1773,313,1830,370
0667.png,80,48,Smoke,414,513,494,561
0667.png,149,71,Smoke,589,486,738,557
0667.png,109,155,Smoke,810,394,919,549
0667.png,111,221,Smoke,1020,324,1131,545
0667.png,32,158,Smoke,963,389,995,547
0667.png,29,218,Smoke,1163,358,1192,576
0667.png,124,174,Smoke,1251,378,1375,552
0667.png,174,109,Smoke,1746,449,1920,558
0667.png,65,218,Smoke,1620,397,1685,615
0667.png,99,59,Smoke,1692,575,1791,634
0667.png,50,128,Smoke,1433,425,1483,553
0667.png,76,118,Smoke,1772,305,1848,423
0667.png,55,80,Smoke,546,424,601,504
0667.png,23,113,Smoke,1213,465,1236,578
0667.png,57,57,Smoke,1773,313,1830,370
0668.png,80,48,Smoke,414,513,494,561
0668.png,149,71,Smoke,589,487,738,558
0668.png,109,155,Smoke,810,394,919,549
0668.png,111,221,Smoke,1020,323,1131,544
0668.png,32,158,Smoke,963,389,995,547
0668.png,29,218,Smoke,1163,358,1192,576
0668.png,124,174,Smoke,1251,378,1375,552
0668.png,174,109,Smoke,1746,449,1920,558
0668.png,65,218,Smoke,1620,397,1685,615
0668.png,99,59,Smoke,1692,575,1791,634
0668.png,50,128,Smoke,1434,425,1484,553
0668.png,76,118,Smoke,1771,304,1847,422
0668.png,55,80,Smoke,546,424,601,504
0668.png,23,113,Smoke,1213,465,1236,578
0668.png,57,57,Smoke,1773,313,1830,370
0669.png,80,48,Smoke,414,513,494,561
0669.png,149,71,Smoke,589,487,738,558
0669.png,109,155,Smoke,810,394,919,549
0669.png,111,221,Smoke,1020,322,1131,543
0669.png,32,158,Smoke,963,389,995,547
0669.png,29,218,Smoke,1163,358,1192,576
0669.png,124,174,Smoke,1251,378,1375,552
0669.png,174,109,Smoke,1746,449,1920,558
0669.png,65,218,Smoke,1620,397,1685,615
0669.png,99,59,Smoke,1692,575,1791,634
0669.png,50,128,Smoke,1433,425,1483,553
0669.png,76,118,Smoke,1772,304,1848,422
0669.png,55,80,Smoke,546,424,601,504
0669.png,23,113,Smoke,1213,465,1236,578
0669.png,57,57,Smoke,1773,313,1830,370
0670.png,80,48,Smoke,414,515,494,563
0670.png,149,71,Smoke,589,487,738,558
0670.png,109,155,Smoke,810,394,919,549
0670.png,111,221,Smoke,1020,323,1131,544
0670.png,32,158,Smoke,963,389,995,547
0670.png,29,218,Smoke,1163,358,1192,576
0670.png,124,174,Smoke,1251,378,1375,552
0670.png,174,109,Smoke,1746,449,1920,558
0670.png,65,218,Smoke,1620,397,1685,615
0670.png,99,59,Smoke,1692,575,1791,634
0670.png,50,128,Smoke,1434,425,1484,553
0670.png,76,118,Smoke,1772,304,1848,422
0670.png,55,80,Smoke,546,424,601,504
0670.png,23,113,Smoke,1213,465,1236,578
0670.png,57,57,Smoke,1773,313,1830,370
0671.png,80,48,Smoke,414,514,494,562
0671.png,149,71,Smoke,589,487,738,558
0671.png,109,155,Smoke,810,394,919,549
0671.png,111,221,Smoke,1020,322,1131,543
0671.png,32,158,Smoke,963,389,995,547
0671.png,29,218,Smoke,1163,358,1192,576
0671.png,124,174,Smoke,1251,378,1375,552
0671.png,174,109,Smoke,1746,449,1920,558
0671.png,65,218,Smoke,1620,396,1685,614
0671.png,99,59,Smoke,1692,576,1791,635
0671.png,50,128,Smoke,1434,424,1484,552
0671.png,76,118,Smoke,1772,304,1848,422
0671.png,55,80,Smoke,546,424,601,504
0671.png,23,113,Smoke,1213,465,1236,578
0671.png,57,57,Smoke,1773,313,1830,370
0671.png,55,80,Smoke,546,424,601,504
0671.png,23,113,Smoke,1213,465,1236,578
0672.png,80,48,Smoke,414,514,494,562
0672.png,149,71,Smoke,589,487,738,558
0672.png,109,155,Smoke,811,392,920,547
0672.png,111,221,Smoke,1020,323,1131,544
0672.png,32,158,Smoke,963,388,995,546
0672.png,29,218,Smoke,1163,358,1192,576
0672.png,124,174,Smoke,1251,378,1375,552
0672.png,174,109,Smoke,1746,449,1920,558
0672.png,65,218,Smoke,1620,396,1685,614
0672.png,99,59,Smoke,1692,576,1791,635
0672.png,50,128,Smoke,1434,424,1484,552
0672.png,76,118,Smoke,1772,305,1848,423
0672.png,57,57,Smoke,1773,313,1830,370
0672.png,55,80,Smoke,546,424,601,504
0672.png,23,113,Smoke,1213,465,1236,578
0673.png,80,48,Smoke,414,514,494,562
0673.png,149,71,Smoke,590,487,739,558
0673.png,109,155,Smoke,810,394,919,549
0673.png,111,221,Smoke,1020,322,1131,543
0673.png,32,158,Smoke,963,387,995,545
0673.png,29,218,Smoke,1163,358,1192,576
0673.png,124,174,Smoke,1251,378,1375,552
0673.png,174,109,Smoke,1746,449,1920,558
0673.png,65,218,Smoke,1620,396,1685,614
0673.png,99,59,Smoke,1692,576,1791,635
0673.png,50,128,Smoke,1434,423,1484,551
0673.png,76,118,Smoke,1772,304,1848,422
0673.png,57,57,Smoke,1773,313,1830,370
0674.png,80,48,Smoke,414,514,494,562
0674.png,149,71,Smoke,590,487,739,558
0674.png,109,155,Smoke,810,394,919,549
0674.png,111,221,Smoke,1020,321,1131,542
0674.png,32,158,Smoke,963,388,995,546
0674.png,29,218,Smoke,1163,358,1192,576
0674.png,124,174,Smoke,1251,378,1375,552
0674.png,174,109,Smoke,1746,449,1920,558
0674.png,65,218,Smoke,1620,396,1685,614
0674.png,99,59,Smoke,1692,576,1791,635
0674.png,50,128,Smoke,1434,424,1484,552
0674.png,76,118,Smoke,1772,304,1848,422
0674.png,55,80,Smoke,546,424,601,504
0674.png,23,113,Smoke,1213,465,1236,578
0674.png,57,57,Smoke,1773,313,1830,370
0675.png,80,48,Smoke,414,514,494,562
0675.png,149,71,Smoke,590,487,739,558
0675.png,109,155,Smoke,810,394,919,549
0675.png,111,221,Smoke,1020,322,1131,543
0675.png,32,158,Smoke,963,389,995,547
0675.png,29,218,Smoke,1163,358,1192,576
0675.png,124,174,Smoke,1251,378,1375,552
0675.png,174,109,Smoke,1746,449,1920,558
0675.png,65,218,Smoke,1620,396,1685,614
0675.png,99,59,Smoke,1692,576,1791,635
0675.png,50,128,Smoke,1434,423,1484,551
0675.png,76,118,Smoke,1772,304,1848,422
0675.png,55,80,Smoke,546,424,601,504
0675.png,23,113,Smoke,1213,465,1236,578
0675.png,57,57,Smoke,1773,313,1830,370
0676.png,80,48,Smoke,414,514,494,562
0676.png,149,71,Smoke,590,487,739,558
0676.png,109,155,Smoke,811,394,920,549
0676.png,111,221,Smoke,1020,323,1131,544
0676.png,32,158,Smoke,963,387,995,545
0676.png,29,218,Smoke,1163,358,1192,576
0676.png,124,174,Smoke,1251,378,1375,552
0676.png,174,109,Smoke,1746,448,1920,557
0676.png,65,218,Smoke,1620,396,1685,614
0676.png,99,59,Smoke,1692,576,1791,635
0676.png,50,128,Smoke,1434,423,1484,551
0676.png,76,118,Smoke,1773,304,1849,422
0676.png,55,80,Smoke,546,424,601,504
0676.png,23,113,Smoke,1213,465,1236,578
0676.png,57,57,Smoke,1773,313,1830,370
0677.png,80,48,Smoke,414,514,494,562
0677.png,149,57,Smoke,590,500,739,557
0677.png,109,155,Smoke,811,394,920,549
0677.png,111,221,Smoke,1020,322,1131,543
0677.png,32,158,Smoke,963,388,995,546
0677.png,29,218,Smoke,1163,358,1192,576
0677.png,124,174,Smoke,1251,378,1375,552
0677.png,174,109,Smoke,1746,448,1920,557
0677.png,65,250,Smoke,1620,397,1685,647
0677.png,99,59,Smoke,1692,576,1791,635
0677.png,50,128,Smoke,1434,423,1484,551
0677.png,76,118,Smoke,1771,304,1847,422
0677.png,55,80,Smoke,546,424,601,504
0677.png,23,113,Smoke,1213,465,1236,578
0677.png,57,57,Smoke,1773,313,1830,370
0678.png,80,48,Smoke,414,514,494,562
0678.png,149,57,Smoke,590,499,739,556
0678.png,109,155,Smoke,811,394,920,549
0678.png,111,221,Smoke,1020,321,1131,542
0678.png,32,158,Smoke,963,388,995,546
0678.png,29,218,Smoke,1163,358,1192,576
0678.png,124,174,Smoke,1251,378,1375,552
0678.png,174,109,Smoke,1746,448,1920,557
0678.png,65,250,Smoke,1620,397,1685,647
0678.png,99,59,Smoke,1692,576,1791,635
0678.png,50,128,Smoke,1434,424,1484,552
0678.png,76,118,Smoke,1771,303,1847,421
0678.png,55,80,Smoke,546,424,601,504
0678.png,23,113,Smoke,1213,465,1236,578
0678.png,57,57,Smoke,1773,313,1830,370
0679.png,80,48,Smoke,414,514,494,562
0679.png,149,57,Smoke,591,500,740,557
0679.png,109,155,Smoke,811,394,920,549
0679.png,111,221,Smoke,1020,321,1131,542
0679.png,32,158,Smoke,963,388,995,546
0679.png,29,218,Smoke,1163,358,1192,576
0679.png,124,174,Smoke,1251,378,1375,552
0679.png,174,109,Smoke,1746,449,1920,558
0679.png,65,250,Smoke,1620,396,1685,646
0679.png,99,59,Smoke,1692,576,1791,635
0679.png,50,128,Smoke,1434,423,1484,551
0679.png,76,118,Smoke,1771,304,1847,422
0679.png,55,80,Smoke,546,424,601,504
0679.png,23,113,Smoke,1213,465,1236,578
0679.png,57,57,Smoke,1773,313,1830,370
0680.png,80,48,Smoke,414,514,494,562
0680.png,149,57,Smoke,591,500,740,557
0680.png,109,155,Smoke,811,394,920,549
0680.png,111,221,Smoke,1020,321,1131,542
0680.png,32,158,Smoke,963,388,995,546
0680.png,29,218,Smoke,1163,358,1192,576
0680.png,124,174,Smoke,1251,378,1375,552
0680.png,174,109,Smoke,1746,448,1920,557
0680.png,65,250,Smoke,1620,397,1685,647
0680.png,99,59,Smoke,1692,576,1791,635
0680.png,50,128,Smoke,1434,423,1484,551
0680.png,76,118,Smoke,1774,303,1850,421
0680.png,55,80,Smoke,546,424,601,504
0680.png,23,113,Smoke,1213,466,1236,579
0680.png,57,57,Smoke,1773,313,1830,370
0681.png,80,48,Smoke,414,514,494,562
0681.png,149,57,Smoke,591,500,740,557
0681.png,109,155,Smoke,811,394,920,549
0681.png,111,221,Smoke,1020,322,1131,543
0681.png,32,158,Smoke,963,390,995,548
0681.png,29,218,Smoke,1163,358,1192,576
0681.png,124,174,Smoke,1251,378,1375,552
0681.png,174,109,Smoke,1746,449,1920,558
0681.png,65,250,Smoke,1620,397,1685,647
0681.png,99,59,Smoke,1692,576,1791,635
0681.png,50,128,Smoke,1434,423,1484,551
0681.png,76,118,Smoke,1773,304,1849,422
0681.png,55,80,Smoke,546,424,601,504
0681.png,23,113,Smoke,1213,465,1236,578
0681.png,57,57,Smoke,1773,313,1830,370
0681.png,55,80,Smoke,546,424,601,504
0681.png,23,113,Smoke,1213,466,1236,579
0682.png,80,48,Smoke,414,514,494,562
0682.png,149,57,Smoke,591,501,740,558
0682.png,109,155,Smoke,811,394,920,549
0682.png,111,221,Smoke,1020,322,1131,543
0682.png,32,158,Smoke,963,390,995,548
0682.png,29,218,Smoke,1163,358,1192,576
0682.png,124,174,Smoke,1251,378,1375,552
0682.png,174,109,Smoke,1746,449,1920,558
0682.png,65,250,Smoke,1620,396,1685,646
0682.png,99,59,Smoke,1691,576,1790,635
0682.png,50,128,Smoke,1434,423,1484,551
0682.png,76,118,Smoke,1773,304,1849,422
0682.png,57,57,Smoke,1773,313,1830,370
0682.png,55,80,Smoke,546,424,601,504
0682.png,23,113,Smoke,1213,466,1236,579
0683.png,80,48,Smoke,414,514,494,562
0683.png,149,57,Smoke,591,501,740,558
0683.png,109,155,Smoke,811,394,920,549
0683.png,111,221,Smoke,1020,322,1131,543
0683.png,32,158,Smoke,963,390,995,548
0683.png,29,218,Smoke,1163,358,1192,576
0683.png,124,174,Smoke,1251,378,1375,552
0683.png,174,109,Smoke,1746,449,1920,558
0683.png,65,250,Smoke,1620,397,1685,647
0683.png,99,59,Smoke,1691,576,1790,635
0683.png,50,128,Smoke,1434,423,1484,551
0683.png,76,118,Smoke,1773,304,1849,422
0683.png,57,57,Smoke,1773,313,1830,370
0684.png,80,48,Smoke,414,514,494,562
0684.png,149,57,Smoke,591,501,740,558
0684.png,109,155,Smoke,811,394,920,549
0684.png,111,221,Smoke,1020,322,1131,543
0684.png,32,158,Smoke,963,390,995,548
0684.png,29,218,Smoke,1163,358,1192,576
0684.png,124,174,Smoke,1251,378,1375,552
0684.png,174,109,Smoke,1746,449,1920,558
0684.png,65,250,Smoke,1619,397,1684,647
0684.png,99,59,Smoke,1691,576,1790,635
0684.png,50,128,Smoke,1434,423,1484,551
0684.png,76,118,Smoke,1773,304,1849,422
0684.png,55,80,Smoke,546,424,601,504
0684.png,23,113,Smoke,1213,467,1236,580
0684.png,57,57,Smoke,1773,313,1830,370
0685.png,80,48,Smoke,414,514,494,562
0685.png,149,57,Smoke,591,501,740,558
0685.png,109,155,Smoke,811,394,920,549
0685.png,111,221,Smoke,1020,322,1131,543
0685.png,32,158,Smoke,963,390,995,548
0685.png,29,218,Smoke,1163,358,1192,576
0685.png,124,174,Smoke,1251,378,1375,552
0685.png,174,109,Smoke,1746,450,1920,559
0685.png,65,250,Smoke,1619,396,1684,646
0685.png,99,59,Smoke,1691,576,1790,635
0685.png,50,128,Smoke,1433,423,1483,551
0685.png,76,118,Smoke,1773,304,1849,422
0685.png,55,80,Smoke,546,424,601,504
0685.png,23,113,Smoke,1213,466,1236,579
0685.png,57,57,Smoke,1773,313,1830,370
0686.png,80,48,Smoke,414,514,494,562
0686.png,149,57,Smoke,591,500,740,557
0686.png,109,155,Smoke,811,393,920,548
0686.png,111,221,Smoke,1020,323,1131,544
0686.png,32,158,Smoke,963,389,995,547
0686.png,29,218,Smoke,1163,358,1192,576
0686.png,124,174,Smoke,1251,378,1375,552
0686.png,174,109,Smoke,1746,449,1920,558
0686.png,65,250,Smoke,1619,396,1684,646
0686.png,99,59,Smoke,1692,576,1791,635
0686.png,50,128,Smoke,1433,423,1483,551
0686.png,76,118,Smoke,1773,304,1849,422
0686.png,55,80,Smoke,546,424,601,504
0686.png,23,113,Smoke,1213,466,1236,579
0686.png,57,57,Smoke,1773,313,1830,370
0687.png,80,48,Smoke,414,514,494,562
0687.png,149,57,Smoke,590,500,739,557
0687.png,109,155,Smoke,811,394,920,549
0687.png,111,221,Smoke,1020,322,1131,543
0687.png,32,158,Smoke,963,390,995,548
0687.png,29,218,Smoke,1163,358,1192,576
0687.png,124,174,Smoke,1251,378,1375,552
0687.png,174,109,Smoke,1746,449,1920,558
0687.png,65,250,Smoke,1620,397,1685,647
0687.png,99,59,Smoke,1692,576,1791,635
0687.png,50,128,Smoke,1433,423,1483,551
0687.png,76,118,Smoke,1773,304,1849,422
0687.png,55,80,Smoke,546,424,601,504
0687.png,23,113,Smoke,1213,466,1236,579
0687.png,57,57,Smoke,1773,313,1830,370
0688.png,80,48,Smoke,414,514,494,562
0688.png,149,57,Smoke,590,500,739,557
0688.png,109,155,Smoke,811,394,920,549
0688.png,111,221,Smoke,1020,323,1131,544
0688.png,32,158,Smoke,963,391,995,549
0688.png,29,218,Smoke,1163,358,1192,576
0688.png,124,174,Smoke,1251,378,1375,552
0688.png,174,109,Smoke,1746,450,1920,559
0688.png,65,250,Smoke,1620,397,1685,647
0688.png,99,59,Smoke,1692,576,1791,635
0688.png,50,128,Smoke,1434,423,1484,551
0688.png,76,118,Smoke,1773,304,1849,422
0688.png,55,80,Smoke,546,424,601,504
0688.png,23,113,Smoke,1213,466,1236,579
0688.png,57,57,Smoke,1773,313,1830,370
0689.png,80,48,Smoke,414,514,494,562
0689.png,149,57,Smoke,590,500,739,557
0689.png,109,155,Smoke,811,394,920,549
0689.png,111,221,Smoke,1020,322,1131,543
0689.png,32,158,Smoke,963,391,995,549
0689.png,29,218,Smoke,1163,357,1192,575
0689.png,124,174,Smoke,1251,378,1375,552
0689.png,174,109,Smoke,1746,450,1920,559
0689.png,65,250,Smoke,1620,397,1685,647
0689.png,99,59,Smoke,1692,576,1791,635
0689.png,50,128,Smoke,1433,423,1483,551
0689.png,76,118,Smoke,1773,304,1849,422
0689.png,55,80,Smoke,546,424,601,504
0689.png,23,113,Smoke,1213,466,1236,579
0689.png,57,57,Smoke,1773,313,1830,370
0690.png,80,48,Smoke,414,514,494,562
0690.png,149,57,Smoke,590,500,739,557
0690.png,109,155,Smoke,811,394,920,549
0690.png,111,221,Smoke,1020,323,1131,544
0690.png,32,158,Smoke,963,391,995,549
0690.png,29,218,Smoke,1163,357,1192,575
0690.png,124,174,Smoke,1251,378,1375,552
0690.png,174,109,Smoke,1746,450,1920,559
0690.png,65,250,Smoke,1620,397,1685,647
0690.png,99,59,Smoke,1692,576,1791,635
0690.png,50,128,Smoke,1433,423,1483,551
0690.png,76,118,Smoke,1773,304,1849,422
0690.png,55,80,Smoke,546,424,601,504
0690.png,23,113,Smoke,1213,467,1236,580
0690.png,57,57,Smoke,1773,313,1830,370
0691.png,80,48,Smoke,414,514,494,562
0691.png,149,57,Smoke,591,500,740,557
0691.png,109,155,Smoke,811,394,920,549
0691.png,111,221,Smoke,1020,322,1131,543
0691.png,32,158,Smoke,963,390,995,548
0691.png,29,218,Smoke,1163,357,1192,575
0691.png,124,174,Smoke,1251,378,1375,552
0691.png,174,109,Smoke,1746,449,1920,558
0691.png,65,250,Smoke,1620,397,1685,647
0691.png,99,59,Smoke,1692,576,1791,635
0691.png,50,128,Smoke,1433,423,1483,551
0691.png,76,118,Smoke,1773,304,1849,422
0691.png,55,80,Smoke,546,424,601,504
0691.png,23,113,Smoke,1213,467,1236,580
0691.png,57,57,Smoke,1773,313,1830,370
0691.png,55,80,Smoke,546,424,601,504
0691.png,23,113,Smoke,1213,467,1236,580
0692.png,80,48,Smoke,414,514,494,562
0692.png,149,57,Smoke,591,500,740,557
0692.png,109,155,Smoke,811,394,920,549
0692.png,111,221,Smoke,1020,323,1131,544
0692.png,32,158,Smoke,963,390,995,548
0692.png,29,218,Smoke,1163,357,1192,575
0692.png,124,174,Smoke,1251,378,1375,552
0692.png,174,109,Smoke,1746,449,1920,558
0692.png,65,250,Smoke,1620,397,1685,647
0692.png,99,59,Smoke,1692,576,1791,635
0692.png,50,128,Smoke,1433,423,1483,551
0692.png,76,118,Smoke,1773,304,1849,422
0692.png,57,57,Smoke,1773,313,1830,370
0692.png,55,80,Smoke,546,424,601,504
0692.png,23,113,Smoke,1213,467,1236,580
0693.png,80,48,Smoke,414,514,494,562
0693.png,149,57,Smoke,591,500,740,557
0693.png,109,155,Smoke,811,394,920,549
0693.png,111,221,Smoke,1021,321,1132,542
0693.png,32,158,Smoke,963,390,995,548
0693.png,29,218,Smoke,1163,357,1192,575
0693.png,124,174,Smoke,1251,378,1375,552
0693.png,174,109,Smoke,1746,449,1920,558
0693.png,65,250,Smoke,1621,397,1686,647
0693.png,99,59,Smoke,1692,576,1791,635
0693.png,50,128,Smoke,1433,422,1483,550
0693.png,76,118,Smoke,1773,304,1849,422
0693.png,57,57,Smoke,1773,313,1830,370
0694.png,80,48,Smoke,414,514,494,562
0694.png,149,57,Smoke,591,499,740,556
0694.png,109,155,Smoke,811,394,920,549
0694.png,111,221,Smoke,1020,323,1131,544
0694.png,32,158,Smoke,963,390,995,548
0694.png,29,218,Smoke,1163,357,1192,575
0694.png,124,174,Smoke,1251,378,1375,552
0694.png,174,109,Smoke,1746,449,1920,558
0694.png,65,250,Smoke,1620,397,1685,647
0694.png,99,59,Smoke,1692,576,1791,635
0694.png,50,128,Smoke,1433,422,1483,550
0694.png,76,118,Smoke,1773,304,1849,422
0694.png,55,80,Smoke,546,424,601,504
0694.png,23,113,Smoke,1213,467,1236,580
0694.png,57,57,Smoke,1773,313,1830,370
0695.png,80,48,Smoke,414,514,494,562
0695.png,149,57,Smoke,591,500,740,557
0695.png,109,155,Smoke,812,393,921,548
0695.png,111,221,Smoke,1020,322,1131,543
0695.png,32,158,Smoke,963,390,995,548
0695.png,29,218,Smoke,1163,359,1192,577
0695.png,124,174,Smoke,1251,378,1375,552
0695.png,174,109,Smoke,1746,449,1920,558
0695.png,65,250,Smoke,1620,397,1685,647
0695.png,99,59,Smoke,1692,576,1791,635
0695.png,50,128,Smoke,1433,422,1483,550
0695.png,76,118,Smoke,1773,304,1849,422
0695.png,55,80,Smoke,546,424,601,504
0695.png,23,113,Smoke,1213,467,1236,580
0695.png,57,57,Smoke,1773,313,1830,370
0696.png,80,48,Smoke,414,514,494,562
0696.png,149,57,Smoke,591,500,740,557
0696.png,109,155,Smoke,810,394,919,549
0696.png,111,221,Smoke,1021,321,1132,542
0696.png,32,158,Smoke,963,390,995,548
0696.png,29,218,Smoke,1163,357,1192,575
0696.png,124,174,Smoke,1251,378,1375,552
0696.png,174,109,Smoke,1746,449,1920,558
0696.png,65,250,Smoke,1620,397,1685,647
0696.png,99,59,Smoke,1692,576,1791,635
0696.png,50,128,Smoke,1433,422,1483,550
0696.png,76,118,Smoke,1773,304,1849,422
0696.png,55,80,Smoke,546,424,601,504
0696.png,23,113,Smoke,1213,467,1236,580
0696.png,57,57,Smoke,1773,313,1830,370
0697.png,80,48,Smoke,414,514,494,562
0697.png,149,57,Smoke,591,500,740,557
0697.png,109,155,Smoke,812,392,921,547
0697.png,111,221,Smoke,1020,322,1131,543
0697.png,32,158,Smoke,963,388,995,546
0697.png,29,218,Smoke,1163,357,1192,575
0697.png,124,174,Smoke,1251,379,1375,553
0697.png,174,109,Smoke,1746,449,1920,558
0697.png,65,250,Smoke,1621,397,1686,647
0697.png,99,59,Smoke,1692,576,1791,635
0697.png,50,128,Smoke,1433,422,1483,550
0697.png,76,118,Smoke,1773,304,1849,422
0697.png,55,80,Smoke,546,424,601,504
0697.png,23,113,Smoke,1213,467,1236,580
0697.png,57,57,Smoke,1773,313,1830,370
0698.png,80,48,Smoke,414,514,494,562
0698.png,149,57,Smoke,591,500,740,557
0698.png,109,155,Smoke,811,392,920,547
0698.png,111,221,Smoke,1020,323,1131,544
0698.png,32,158,Smoke,963,388,995,546
0698.png,29,218,Smoke,1163,357,1192,575
0698.png,124,174,Smoke,1251,378,1375,552
0698.png,174,109,Smoke,1746,449,1920,558
0698.png,65,250,Smoke,1620,397,1685,647
0698.png,99,59,Smoke,1692,576,1791,635
0698.png,50,128,Smoke,1433,423,1483,551
0698.png,76,118,Smoke,1773,304,1849,422
0698.png,55,80,Smoke,546,424,601,504
0698.png,23,113,Smoke,1213,467,1236,580
0698.png,57,57,Smoke,1773,313,1830,370
0699.png,80,48,Smoke,414,514,494,562
0699.png,149,57,Smoke,591,500,740,557
0699.png,109,155,Smoke,811,392,920,547
0699.png,111,221,Smoke,1020,322,1131,543
0699.png,32,158,Smoke,963,388,995,546
0699.png,29,218,Smoke,1163,357,1192,575
0699.png,124,174,Smoke,1251,378,1375,552
0699.png,174,109,Smoke,1746,449,1920,558
0699.png,65,250,Smoke,1619,397,1684,647
0699.png,99,59,Smoke,1692,576,1791,635
0699.png,50,128,Smoke,1433,423,1483,551
0699.png,76,118,Smoke,1773,304,1849,422
0699.png,55,80,Smoke,546,424,601,504
0699.png,23,113,Smoke,1213,467,1236,580
0699.png,57,57,Smoke,1773,313,1830,370
0700.png,80,48,Smoke,414,514,494,562
0700.png,160,57,Smoke,580,500,740,557
0700.png,109,179,Smoke,813,368,922,547
0700.png,111,221,Smoke,1020,323,1131,544
0700.png,32,158,Smoke,963,388,995,546
0700.png,29,218,Smoke,1163,357,1192,575
0700.png,124,174,Smoke,1251,378,1375,552
0700.png,174,109,Smoke,1746,449,1920,558
0700.png,65,250,Smoke,1620,397,1685,647
0700.png,99,59,Smoke,1692,576,1791,635
0700.png,50,128,Smoke,1433,422,1483,550
0700.png,76,118,Smoke,1773,304,1849,422
0700.png,55,80,Smoke,546,424,601,504
0700.png,23,113,Smoke,1213,467,1236,580
0700.png,57,57,Smoke,1773,313,1830,370
0701.png,80,48,Smoke,414,514,494,562
0701.png,160,57,Smoke,580,500,740,557
0701.png,109,179,Smoke,813,367,922,546
0701.png,111,221,Smoke,1020,322,1131,543
0701.png,32,158,Smoke,963,388,995,546
0701.png,29,218,Smoke,1163,357,1192,575
0701.png,124,174,Smoke,1251,378,1375,552
0701.png,174,109,Smoke,1746,449,1920,558
0701.png,65,250,Smoke,1622,395,1687,645
0701.png,99,59,Smoke,1692,576,1791,635
0701.png,50,128,Smoke,1433,424,1483,552
0701.png,76,118,Smoke,1772,304,1848,422
0701.png,55,80,Smoke,546,424,601,504
0701.png,23,113,Smoke,1213,467,1236,580
0701.png,57,57,Smoke,1773,313,1830,370
0701.png,55,80,Smoke,546,424,601,504
0701.png,23,113,Smoke,1213,467,1236,580
0702.png,80,48,Smoke,414,514,494,562
0702.png,160,57,Smoke,580,500,740,557
0702.png,109,179,Smoke,813,368,922,547
0702.png,111,221,Smoke,1020,323,1131,544
0702.png,32,158,Smoke,963,388,995,546
0702.png,29,218,Smoke,1163,359,1192,577
0702.png,124,174,Smoke,1251,378,1375,552
0702.png,174,109,Smoke,1746,449,1920,558
0702.png,65,250,Smoke,1622,395,1687,645
0702.png,99,59,Smoke,1692,576,1791,635
0702.png,50,128,Smoke,1433,424,1483,552
0702.png,76,118,Smoke,1772,304,1848,422
0702.png,57,57,Smoke,1773,313,1830,370
0702.png,55,80,Smoke,546,424,601,504
0702.png,23,113,Smoke,1213,467,1236,580
0703.png,80,48,Smoke,414,514,494,562
0703.png,160,57,Smoke,580,500,740,557
0703.png,109,179,Smoke,813,368,922,547
0703.png,111,221,Smoke,1019,323,1130,544
0703.png,32,158,Smoke,963,388,995,546
0703.png,29,218,Smoke,1163,357,1192,575
0703.png,124,174,Smoke,1251,378,1375,552
0703.png,174,109,Smoke,1746,449,1920,558
0703.png,65,250,Smoke,1622,394,1687,644
0703.png,99,59,Smoke,1692,576,1791,635
0703.png,50,128,Smoke,1433,424,1483,552
0703.png,76,118,Smoke,1772,304,1848,422
0703.png,57,57,Smoke,1773,313,1830,370
0704.png,80,48,Smoke,414,514,494,562
0704.png,160,57,Smoke,580,500,740,557
0704.png,109,179,Smoke,813,368,922,547
0704.png,111,221,Smoke,1020,323,1131,544
0704.png,32,158,Smoke,963,388,995,546
0704.png,29,218,Smoke,1163,355,1192,573
0704.png,124,174,Smoke,1251,378,1375,552
0704.png,174,109,Smoke,1746,449,1920,558
0704.png,65,250,Smoke,1622,394,1687,644
0704.png,99,59,Smoke,1692,576,1791,635
0704.png,50,128,Smoke,1433,424,1483,552
0704.png,76,118,Smoke,1772,304,1848,422
0704.png,55,80,Smoke,546,424,601,504
0704.png,23,113,Smoke,1213,467,1236,580
0704.png,57,57,Smoke,1773,313,1830,370
0705.png,80,48,Smoke,414,514,494,562
0705.png,160,57,Smoke,580,500,740,557
0705.png,109,179,Smoke,813,368,922,547
0705.png,111,221,Smoke,1020,322,1131,543
0705.png,32,158,Smoke,963,388,995,546
0705.png,29,218,Smoke,1163,355,1192,573
0705.png,124,174,Smoke,1251,378,1375,552
0705.png,174,109,Smoke,1746,449,1920,558
0705.png,65,250,Smoke,1622,395,1687,645
0705.png,99,59,Smoke,1691,576,1790,635
0705.png,50,128,Smoke,1433,424,1483,552
0705.png,76,118,Smoke,1772,304,1848,422
0705.png,55,80,Smoke,546,424,601,504
0705.png,23,113,Smoke,1213,464,1236,577
0705.png,57,57,Smoke,1773,313,1830,370
0706.png,80,48,Smoke,414,514,494,562
0706.png,160,57,Smoke,580,500,740,557
0706.png,109,179,Smoke,813,368,922,547
0706.png,111,221,Smoke,1020,323,1131,544
0706.png,32,158,Smoke,963,388,995,546
0706.png,29,218,Smoke,1163,355,1192,573
0706.png,124,174,Smoke,1251,378,1375,552
0706.png,176,109,Smoke,1744,449,1920,558
0706.png,65,250,Smoke,1622,394,1687,644
0706.png,99,59,Smoke,1691,576,1790,635
0706.png,50,128,Smoke,1433,423,1483,551
0706.png,76,118,Smoke,1772,303,1848,421
0706.png,55,80,Smoke,546,424,601,504
0706.png,23,113,Smoke,1213,466,1236,579
0706.png,57,57,Smoke,1773,313,1830,370
0707.png,80,48,Smoke,414,514,494,562
0707.png,160,57,Smoke,580,500,740,557
0707.png,109,179,Smoke,813,368,922,547
0707.png,111,221,Smoke,1020,322,1131,543
0707.png,32,158,Smoke,963,388,995,546
0707.png,29,218,Smoke,1163,357,1192,575
0707.png,124,174,Smoke,1251,378,1375,552
0707.png,174,109,Smoke,1746,449,1920,558
0707.png,65,250,Smoke,1622,395,1687,645
0707.png,99,59,Smoke,1691,576,1790,635
0707.png,50,128,Smoke,1433,423,1483,551
0707.png,76,118,Smoke,1772,304,1848,422
0707.png,55,80,Smoke,546,424,601,504
0707.png,23,113,Smoke,1213,467,1236,580
0707.png,57,57,Smoke,1773,313,1830,370
0708.png,80,48,Smoke,414,514,494,562
0708.png,160,57,Smoke,580,500,740,557
0708.png,109,179,Smoke,813,368,922,547
0708.png,111,221,Smoke,1020,323,1131,544
0708.png,32,158,Smoke,963,388,995,546
0708.png,29,218,Smoke,1163,357,1192,575
0708.png,124,174,Smoke,1251,378,1375,552
0708.png,174,109,Smoke,1746,449,1920,558
0708.png,65,250,Smoke,1622,395,1687,645
0708.png,99,59,Smoke,1691,576,1790,635
0708.png,50,128,Smoke,1433,423,1483,551
0708.png,76,118,Smoke,1771,304,1847,422
0708.png,55,80,Smoke,546,424,601,504
0708.png,23,113,Smoke,1213,466,1236,579
0708.png,57,57,Smoke,1773,313,1830,370
0709.png,80,48,Smoke,414,514,494,562
0709.png,160,57,Smoke,580,500,740,557
0709.png,109,179,Smoke,813,368,922,547
0709.png,111,221,Smoke,1020,322,1131,543
0709.png,32,158,Smoke,963,388,995,546
0709.png,29,218,Smoke,1163,357,1192,575
0709.png,124,174,Smoke,1251,378,1375,552
0709.png,174,109,Smoke,1746,449,1920,558
0709.png,65,250,Smoke,1622,394,1687,644
0709.png,99,59,Smoke,1692,577,1791,636
0709.png,50,128,Smoke,1433,424,1483,552
0709.png,76,118,Smoke,1771,304,1847,422
0709.png,55,80,Smoke,546,424,601,504
0709.png,23,113,Smoke,1213,466,1236,579
0709.png,57,57,Smoke,1773,313,1830,370
0710.png,80,48,Smoke,414,514,494,562
0710.png,160,57,Smoke,580,500,740,557
0710.png,109,179,Smoke,813,368,922,547
0710.png,111,221,Smoke,1020,323,1131,544
0710.png,32,158,Smoke,963,388,995,546
0710.png,29,218,Smoke,1163,357,1192,575
0710.png,124,174,Smoke,1251,378,1375,552
0710.png,174,109,Smoke,1746,449,1920,558
0710.png,65,250,Smoke,1623,394,1688,644
0710.png,99,59,Smoke,1693,576,1792,635
0710.png,50,128,Smoke,1433,424,1483,552
0710.png,76,118,Smoke,1771,304,1847,422
0710.png,55,80,Smoke,546,424,601,504
0710.png,23,113,Smoke,1213,466,1236,579
0710.png,57,57,Smoke,1773,313,1830,370
0711.png,80,48,Smoke,414,514,494,562
0711.png,160,57,Smoke,580,500,740,557
0711.png,109,179,Smoke,813,368,922,547
0711.png,111,221,Smoke,1020,322,1131,543
0711.png,32,158,Smoke,963,388,995,546
0711.png,29,218,Smoke,1163,357,1192,575
0711.png,124,174,Smoke,1251,378,1375,552
0711.png,174,109,Smoke,1746,449,1920,558
0711.png,65,250,Smoke,1622,395,1687,645
0711.png,99,59,Smoke,1691,576,1790,635
0711.png,50,128,Smoke,1433,424,1483,552
0711.png,76,118,Smoke,1772,304,1848,422
0711.png,55,80,Smoke,546,424,601,504
0711.png,23,113,Smoke,1213,466,1236,579
0711.png,57,57,Smoke,1773,313,1830,370
0711.png,55,80,Smoke,546,424,601,504
0711.png,23,113,Smoke,1213,466,1236,579
0712.png,80,48,Smoke,414,514,494,562
0712.png,160,57,Smoke,581,500,741,557
0712.png,109,179,Smoke,813,368,922,547
0712.png,111,221,Smoke,1020,323,1131,544
0712.png,32,158,Smoke,963,388,995,546
0712.png,29,218,Smoke,1163,357,1192,575
0712.png,124,174,Smoke,1251,378,1375,552
0712.png,174,109,Smoke,1746,449,1920,558
0712.png,65,250,Smoke,1622,395,1687,645
0712.png,99,59,Smoke,1691,577,1790,636
0712.png,50,128,Smoke,1433,424,1483,552
0712.png,76,118,Smoke,1772,304,1848,422
0712.png,57,57,Smoke,1773,313,1830,370
0712.png,55,80,Smoke,546,424,601,504
0712.png,23,113,Smoke,1213,467,1236,580
0713.png,80,48,Smoke,414,514,494,562
0713.png,160,57,Smoke,581,499,741,556
0713.png,109,179,Smoke,813,368,922,547
0713.png,111,221,Smoke,1019,322,1130,543
0713.png,32,158,Smoke,963,388,995,546
0713.png,29,218,Smoke,1163,357,1192,575
0713.png,124,174,Smoke,1251,378,1375,552
0713.png,174,109,Smoke,1746,449,1920,558
0713.png,76,250,Smoke,1611,395,1687,645
0713.png,99,59,Smoke,1691,577,1790,636
0713.png,50,128,Smoke,1433,425,1483,553
0713.png,76,118,Smoke,1772,304,1848,422
0713.png,57,57,Smoke,1773,313,1830,370
0714.png,80,48,Smoke,414,514,494,562
0714.png,160,57,Smoke,581,499,741,556
0714.png,109,179,Smoke,813,368,922,547
0714.png,111,221,Smoke,1020,323,1131,544
0714.png,32,158,Smoke,963,388,995,546
0714.png,29,218,Smoke,1163,355,1192,573
0714.png,124,174,Smoke,1251,378,1375,552
0714.png,174,109,Smoke,1746,449,1920,558
0714.png,76,250,Smoke,1611,396,1687,646
0714.png,99,59,Smoke,1691,577,1790,636
0714.png,50,128,Smoke,1433,425,1483,553
0714.png,76,118,Smoke,1772,304,1848,422
0714.png,55,80,Smoke,546,424,601,504
0714.png,23,113,Smoke,1213,466,1236,579
0714.png,57,57,Smoke,1773,313,1830,370
0715.png,80,48,Smoke,414,514,494,562
0715.png,160,57,Smoke,580,501,740,558
0715.png,109,179,Smoke,813,368,922,547
0715.png,111,221,Smoke,1019,322,1130,543
0715.png,32,158,Smoke,963,388,995,546
0715.png,29,218,Smoke,1163,355,1192,573
0715.png,124,174,Smoke,1251,378,1375,552
0715.png,174,109,Smoke,1746,449,1920,558
0715.png,76,250,Smoke,1611,396,1687,646
0715.png,99,59,Smoke,1691,577,1790,636
0715.png,50,128,Smoke,1433,424,1483,552
0715.png,76,118,Smoke,1772,304,1848,422
0715.png,55,80,Smoke,546,424,601,504
0715.png,23,113,Smoke,1213,466,1236,579
0715.png,57,57,Smoke,1773,313,1830,370
0716.png,80,48,Smoke,414,514,494,562
0716.png,160,57,Smoke,580,501,740,558
0716.png,109,179,Smoke,813,368,922,547
0716.png,111,221,Smoke,1020,323,1131,544
0716.png,32,158,Smoke,963,388,995,546
0716.png,29,218,Smoke,1163,355,1192,573
0716.png,124,174,Smoke,1251,378,1375,552
0716.png,174,109,Smoke,1746,449,1920,558
0716.png,76,250,Smoke,1611,397,1687,647
0716.png,99,59,Smoke,1691,577,1790,636
0716.png,50,128,Smoke,1433,424,1483,552
0716.png,76,118,Smoke,1772,304,1848,422
0716.png,55,80,Smoke,546,424,601,504
0716.png,23,113,Smoke,1213,467,1236,580
0716.png,57,57,Smoke,1773,313,1830,370
0717.png,80,48,Smoke,414,514,494,562
0717.png,160,57,Smoke,580,501,740,558
0717.png,109,179,Smoke,813,368,922,547
0717.png,111,221,Smoke,1019,322,1130,543
0717.png,32,158,Smoke,963,387,995,545
0717.png,29,218,Smoke,1163,355,1192,573
0717.png,124,174,Smoke,1251,378,1375,552
0717.png,174,109,Smoke,1746,449,1920,558
0717.png,76,250,Smoke,1612,395,1688,645
0717.png,99,59,Smoke,1690,576,1789,635
0717.png,50,128,Smoke,1433,424,1483,552
0717.png,76,118,Smoke,1772,304,1848,422
0717.png,55,80,Smoke,546,424,601,504
0717.png,23,113,Smoke,1213,467,1236,580
0717.png,57,57,Smoke,1773,313,1830,370
0718.png,80,48,Smoke,414,514,494,562
0718.png,160,57,Smoke,580,501,740,558
0718.png,109,179,Smoke,813,368,922,547
0718.png,111,221,Smoke,1020,323,1131,544
0718.png,32,158,Smoke,963,387,995,545
0718.png,29,218,Smoke,1163,355,1192,573
0718.png,124,174,Smoke,1251,378,1375,552
0718.png,174,109,Smoke,1746,449,1920,558
0718.png,76,250,Smoke,1611,396,1687,646
0718.png,99,59,Smoke,1691,576,1790,635
0718.png,50,128,Smoke,1433,424,1483,552
0718.png,76,118,Smoke,1772,304,1848,422
0718.png,55,80,Smoke,546,424,601,504
0718.png,23,113,Smoke,1213,467,1236,580
0718.png,57,57,Smoke,1773,313,1830,370
0719.png,80,48,Smoke,414,514,494,562
0719.png,160,57,Smoke,580,501,740,558
0719.png,109,179,Smoke,813,368,922,547
0719.png,111,221,Smoke,1019,321,1130,542
0719.png,32,158,Smoke,963,388,995,546
0719.png,29,218,Smoke,1163,355,1192,573
0719.png,124,174,Smoke,1251,378,1375,552
0719.png,174,109,Smoke,1746,449,1920,558
0719.png,76,250,Smoke,1611,396,1687,646
0719.png,99,59,Smoke,1693,577,1792,636
0719.png,50,128,Smoke,1433,424,1483,552
0719.png,76,118,Smoke,1772,304,1848,422
0719.png,55,80,Smoke,546,424,601,504
0719.png,23,113,Smoke,1213,467,1236,580
0719.png,57,57,Smoke,1773,313,1830,370
0720.png,80,48,Smoke,414,514,494,562
0720.png,160,57,Smoke,580,501,740,558
0720.png,109,179,Smoke,813,368,922,547
0720.png,111,221,Smoke,1020,323,1131,544
0720.png,32,158,Smoke,963,388,995,546
0720.png,29,218,Smoke,1163,355,1192,573
0720.png,124,174,Smoke,1251,378,1375,552
0720.png,174,109,Smoke,1746,449,1920,558
0720.png,76,250,Smoke,1611,396,1687,646
0720.png,99,59,Smoke,1693,577,1792,636
0720.png,50,128,Smoke,1433,424,1483,552
0720.png,76,118,Smoke,1772,304,1848,422
0720.png,55,80,Smoke,546,424,601,504
0720.png,23,113,Smoke,1213,467,1236,580
0720.png,57,57,Smoke,1773,313,1830,370
0721.png,80,48,Smoke,414,514,494,562
0721.png,160,57,Smoke,580,501,740,558
0721.png,109,179,Smoke,813,368,922,547
0721.png,111,221,Smoke,1019,321,1130,542
0721.png,32,158,Smoke,963,388,995,546
0721.png,29,218,Smoke,1163,357,1192,575
0721.png,124,174,Smoke,1251,378,1375,552
0721.png,174,109,Smoke,1746,449,1920,558
0721.png,76,250,Smoke,1611,395,1687,645
0721.png,99,59,Smoke,1692,576,1791,635
0721.png,50,128,Smoke,1432,424,1482,552
0721.png,76,118,Smoke,1772,304,1848,422
0721.png,55,80,Smoke,546,424,601,504
0721.png,23,113,Smoke,1213,468,1236,581
0721.png,57,57,Smoke,1773,313,1830,370
0721.png,55,80,Smoke,546,424,601,504
0721.png,23,113,Smoke,1213,468,1236,581
0722.png,80,48,Smoke,414,514,494,562
0722.png,160,57,Smoke,580,501,740,558
0722.png,109,179,Smoke,813,368,922,547
0722.png,111,221,Smoke,1020,321,1131,542
0722.png,32,158,Smoke,963,388,995,546
0722.png,29,218,Smoke,1163,355,1192,573
0722.png,124,174,Smoke,1251,378,1375,552
0722.png,174,109,Smoke,1746,449,1920,558
0722.png,76,250,Smoke,1611,395,1687,645
0722.png,99,59,Smoke,1692,576,1791,635
0722.png,50,128,Smoke,1432,423,1482,551
0722.png,76,118,Smoke,1772,304,1848,422
0722.png,57,57,Smoke,1773,313,1830,370
0722.png,55,80,Smoke,546,424,601,504
0722.png,23,113,Smoke,1213,467,1236,580
0723.png,80,48,Smoke,414,514,494,562
0723.png,160,57,Smoke,580,501,740,558
0723.png,109,179,Smoke,813,368,922,547
0723.png,111,221,Smoke,1020,321,1131,542
0723.png,32,158,Smoke,963,388,995,546
0723.png,29,218,Smoke,1163,357,1192,575
0723.png,124,174,Smoke,1251,378,1375,552
0723.png,174,109,Smoke,1746,449,1920,558
0723.png,76,250,Smoke,1611,394,1687,644
0723.png,99,59,Smoke,1692,576,1791,635
0723.png,50,128,Smoke,1432,424,1482,552
0723.png,76,118,Smoke,1772,304,1848,422
0723.png,57,57,Smoke,1773,313,1830,370
0724.png,80,48,Smoke,414,514,494,562
0724.png,160,57,Smoke,581,502,741,559
0724.png,109,179,Smoke,813,368,922,547
0724.png,111,221,Smoke,1020,321,1131,542
0724.png,32,158,Smoke,963,388,995,546
0724.png,29,218,Smoke,1163,357,1192,575
0724.png,124,174,Smoke,1251,378,1375,552
0724.png,174,109,Smoke,1746,449,1920,558
0724.png,76,250,Smoke,1611,395,1687,645
0724.png,99,59,Smoke,1692,576,1791,635
0724.png,50,128,Smoke,1432,424,1482,552
0724.png,76,118,Smoke,1772,304,1848,422
0724.png,55,80,Smoke,546,424,601,504
0724.png,23,113,Smoke,1213,467,1236,580
0724.png,57,57,Smoke,1773,313,1830,370
0725.png,80,48,Smoke,414,514,494,562
0725.png,160,57,Smoke,580,501,740,558
0725.png,109,179,Smoke,813,368,922,547
0725.png,111,221,Smoke,1020,321,1131,542
0725.png,32,158,Smoke,963,388,995,546
0725.png,29,218,Smoke,1163,357,1192,575
0725.png,124,174,Smoke,1251,378,1375,552
0725.png,174,109,Smoke,1746,449,1920,558
0725.png,76,250,Smoke,1611,394,1687,644
0725.png,99,59,Smoke,1692,576,1791,635
0725.png,50,128,Smoke,1432,424,1482,552
0725.png,76,118,Smoke,1772,304,1848,422
0725.png,55,80,Smoke,546,424,601,504
0725.png,23,113,Smoke,1213,467,1236,580
0725.png,57,57,Smoke,1773,313,1830,370
0726.png,80,48,Smoke,414,514,494,562
0726.png,160,57,Smoke,580,501,740,558
0726.png,109,179,Smoke,813,367,922,546
0726.png,111,221,Smoke,1019,321,1130,542
0726.png,32,158,Smoke,963,388,995,546
0726.png,29,218,Smoke,1163,357,1192,575
0726.png,124,174,Smoke,1251,378,1375,552
0726.png,174,109,Smoke,1746,449,1920,558
0726.png,76,250,Smoke,1612,394,1688,644
0726.png,99,59,Smoke,1692,576,1791,635
0726.png,50,128,Smoke,1432,424,1482,552
0726.png,76,118,Smoke,1771,304,1847,422
0726.png,55,80,Smoke,546,424,601,504
0726.png,23,113,Smoke,1213,467,1236,580
0726.png,57,57,Smoke,1773,313,1830,370
0727.png,80,48,Smoke,414,514,494,562
0727.png,160,57,Smoke,580,501,740,558
0727.png,109,179,Smoke,813,368,922,547
0727.png,111,221,Smoke,1019,321,1130,542
0727.png,32,158,Smoke,963,388,995,546
0727.png,29,218,Smoke,1163,357,1192,575
0727.png,124,174,Smoke,1251,378,1375,552
0727.png,174,109,Smoke,1746,449,1920,558
0727.png,76,250,Smoke,1611,394,1687,644
0727.png,99,59,Smoke,1692,576,1791,635
0727.png,50,128,Smoke,1432,424,1482,552
0727.png,76,118,Smoke,1771,303,1847,421
0727.png,55,80,Smoke,546,424,601,504
0727.png,23,113,Smoke,1213,467,1236,580
0727.png,57,57,Smoke,1773,313,1830,370
0728.png,80,48,Smoke,414,514,494,562
0728.png,160,57,Smoke,580,501,740,558
0728.png,109,179,Smoke,813,368,922,547
0728.png,111,221,Smoke,1019,320,1130,541
0728.png,32,158,Smoke,963,388,995,546
0728.png,29,218,Smoke,1163,357,1192,575
0728.png,124,174,Smoke,1251,378,1375,552
0728.png,174,109,Smoke,1746,449,1920,558
0728.png,76,250,Smoke,1611,394,1687,644
0728.png,99,59,Smoke,1692,576,1791,635
0728.png,50,128,Smoke,1432,424,1482,552
0728.png,76,118,Smoke,1771,304,1847,422
0728.png,55,80,Smoke,546,424,601,504
0728.png,23,113,Smoke,1213,467,1236,580
0728.png,57,57,Smoke,1773,313,1830,370
0729.png,80,48,Smoke,414,514,494,562
0729.png,160,57,Smoke,580,501,740,558
0729.png,109,179,Smoke,813,368,922,547
0729.png,111,221,Smoke,1019,321,1130,542
0729.png,32,158,Smoke,963,388,995,546
0729.png,29,218,Smoke,1163,357,1192,575
0729.png,124,174,Smoke,1251,378,1375,552
0729.png,174,109,Smoke,1746,449,1920,558
0729.png,76,250,Smoke,1611,394,1687,644
0729.png,99,59,Smoke,1692,576,1791,635
0729.png,50,128,Smoke,1432,424,1482,552
0729.png,76,118,Smoke,1771,304,1847,422
0729.png,55,80,Smoke,546,424,601,504
0729.png,23,113,Smoke,1213,467,1236,580
0729.png,57,57,Smoke,1773,313,1830,370
0730.png,80,48,Smoke,414,514,494,562
0730.png,160,57,Smoke,580,501,740,558
0730.png,109,179,Smoke,813,368,922,547
0730.png,111,221,Smoke,1019,321,1130,542
0730.png,32,158,Smoke,963,388,995,546
0730.png,29,218,Smoke,1162,371,1191,589
0730.png,124,174,Smoke,1251,378,1375,552
0730.png,174,109,Smoke,1746,449,1920,558
0730.png,76,250,Smoke,1611,394,1687,644
0730.png,99,59,Smoke,1692,576,1791,635
0730.png,50,128,Smoke,1432,424,1482,552
0730.png,76,118,Smoke,1771,304,1847,422
0730.png,55,80,Smoke,546,424,601,504
0730.png,23,113,Smoke,1213,467,1236,580
0730.png,57,57,Smoke,1773,313,1830,370
0731.png,80,48,Smoke,414,514,494,562
0731.png,160,57,Smoke,580,501,740,558
0731.png,109,179,Smoke,813,368,922,547
0731.png,111,221,Smoke,1019,321,1130,542
0731.png,32,158,Smoke,963,388,995,546
0731.png,29,218,Smoke,1163,355,1192,573
0731.png,124,174,Smoke,1251,378,1375,552
0731.png,174,109,Smoke,1746,449,1920,558
0731.png,76,250,Smoke,1611,395,1687,645
0731.png,99,59,Smoke,1692,576,1791,635
0731.png,50,128,Smoke,1432,424,1482,552
0731.png,76,118,Smoke,1771,303,1847,421
0731.png,55,80,Smoke,546,424,601,504
0731.png,23,113,Smoke,1213,467,1236,580
0731.png,57,57,Smoke,1773,313,1830,370
0731.png,55,80,Smoke,546,424,601,504
0731.png,23,113,Smoke,1213,467,1236,580
0732.png,80,48,Smoke,414,514,494,562
0732.png,160,57,Smoke,580,501,740,558
0732.png,109,179,Smoke,814,368,923,547
0732.png,111,221,Smoke,1019,321,1130,542
0732.png,32,158,Smoke,963,388,995,546
0732.png,29,218,Smoke,1163,355,1192,573
0732.png,124,174,Smoke,1251,378,1375,552
0732.png,174,109,Smoke,1746,449,1920,558
0732.png,76,250,Smoke,1611,395,1687,645
0732.png,99,59,Smoke,1692,575,1791,634
0732.png,50,128,Smoke,1432,424,1482,552
0732.png,76,118,Smoke,1771,304,1847,422
0732.png,57,57,Smoke,1773,313,1830,370
0732.png,55,80,Smoke,546,424,601,504
0732.png,23,113,Smoke,1213,467,1236,580
0733.png,80,48,Smoke,414,514,494,562
0733.png,160,57,Smoke,580,501,740,558
0733.png,109,179,Smoke,814,368,923,547
0733.png,111,221,Smoke,1019,321,1130,542
0733.png,32,158,Smoke,963,388,995,546
0733.png,29,218,Smoke,1163,355,1192,573
0733.png,124,174,Smoke,1251,378,1375,552
0733.png,174,109,Smoke,1746,449,1920,558
0733.png,76,250,Smoke,1611,395,1687,645
0733.png,99,59,Smoke,1692,575,1791,634
0733.png,50,128,Smoke,1432,424,1482,552
0733.png,76,118,Smoke,1771,303,1847,421
0733.png,57,57,Smoke,1773,313,1830,370
0734.png,80,48,Smoke,414,514,494,562
0734.png,160,57,Smoke,580,501,740,558
0734.png,109,179,Smoke,814,368,923,547
0734.png,111,221,Smoke,1019,321,1130,542
0734.png,32,158,Smoke,963,388,995,546
0734.png,29,218,Smoke,1163,355,1192,573
0734.png,124,174,Smoke,1251,378,1375,552
0734.png,174,109,Smoke,1746,449,1920,558
0734.png,76,250,Smoke,1611,395,1687,645
0734.png,99,59,Smoke,1692,576,1791,635
0734.png,50,128,Smoke,1432,424,1482,552
0734.png,76,118,Smoke,1771,303,1847,421
0734.png,55,80,Smoke,546,424,601,504
0734.png,23,113,Smoke,1213,467,1236,580
0734.png,57,57,Smoke,1773,313,1830,370
0735.png,80,48,Smoke,414,514,494,562
0735.png,160,57,Smoke,580,501,740,558
0735.png,109,179,Smoke,813,368,922,547
0735.png,111,221,Smoke,1019,321,1130,542
0735.png,32,158,Smoke,963,388,995,546
0735.png,29,218,Smoke,1163,355,1192,573
0735.png,124,174,Smoke,1251,379,1375,553
0735.png,174,109,Smoke,1746,449,1920,558
0735.png,76,250,Smoke,1611,395,1687,645
0735.png,99,59,Smoke,1692,575,1791,634
0735.png,50,128,Smoke,1432,424,1482,552
0735.png,76,118,Smoke,1771,303,1847,421
0735.png,55,80,Smoke,546,424,601,504
0735.png,23,113,Smoke,1213,467,1236,580
0735.png,57,57,Smoke,1773,313,1830,370
0736.png,80,48,Smoke,414,514,494,562
0736.png,160,57,Smoke,580,501,740,558
0736.png,109,179,Smoke,814,368,923,547
0736.png,111,221,Smoke,1019,321,1130,542
0736.png,32,158,Smoke,963,388,995,546
0736.png,29,218,Smoke,1163,355,1192,573
0736.png,124,174,Smoke,1251,379,1375,553
0736.png,174,109,Smoke,1746,449,1920,558
0736.png,76,250,Smoke,1610,394,1686,644
0736.png,99,59,Smoke,1692,575,1791,634
0736.png,50,128,Smoke,1432,424,1482,552
0736.png,76,118,Smoke,1771,303,1847,421
0736.png,55,80,Smoke,546,424,601,504
0736.png,23,113,Smoke,1213,467,1236,580
0736.png,57,57,Smoke,1773,313,1830,370
0737.png,80,48,Smoke,414,514,494,562
0737.png,160,57,Smoke,580,501,740,558
0737.png,109,179,Smoke,814,368,923,547
0737.png,111,221,Smoke,1019,321,1130,542
0737.png,32,158,Smoke,963,388,995,546
0737.png,29,218,Smoke,1163,355,1192,573
0737.png,124,174,Smoke,1251,378,1375,552
0737.png,174,109,Smoke,1746,448,1920,557
0737.png,76,250,Smoke,1610,394,1686,644
0737.png,99,59,Smoke,1692,575,1791,634
0737.png,50,128,Smoke,1432,424,1482,552
0737.png,76,118,Smoke,1771,303,1847,421
0737.png,55,80,Smoke,546,424,601,504
0737.png,23,113,Smoke,1213,467,1236,580
0737.png,57,57,Smoke,1773,313,1830,370
0738.png,80,48,Smoke,414,514,494,562
0738.png,160,57,Smoke,580,501,740,558
0738.png,109,179,Smoke,814,368,923,547
0738.png,111,221,Smoke,1019,321,1130,542
0738.png,32,158,Smoke,963,388,995,546
0738.png,29,218,Smoke,1163,355,1192,573
0738.png,124,174,Smoke,1250,379,1374,553
0738.png,174,109,Smoke,1746,448,1920,557
0738.png,76,250,Smoke,1610,394,1686,644
0738.png,99,59,Smoke,1692,575,1791,634
0738.png,50,128,Smoke,1432,424,1482,552
0738.png,76,118,Smoke,1771,302,1847,420
0738.png,55,80,Smoke,546,424,601,504
0738.png,23,113,Smoke,1213,467,1236,580
0738.png,57,57,Smoke,1773,313,1830,370
0739.png,80,48,Smoke,414,514,494,562
0739.png,160,57,Smoke,580,501,740,558
0739.png,109,179,Smoke,813,368,922,547
0739.png,111,221,Smoke,1019,321,1130,542
0739.png,32,158,Smoke,963,388,995,546
0739.png,29,218,Smoke,1163,355,1192,573
0739.png,124,174,Smoke,1251,379,1375,553
0739.png,174,109,Smoke,1746,449,1920,558
0739.png,76,250,Smoke,1610,394,1686,644
0739.png,99,59,Smoke,1692,575,1791,634
0739.png,50,128,Smoke,1432,425,1482,553
0739.png,76,118,Smoke,1771,303,1847,421
0739.png,55,80,Smoke,546,424,601,504
0739.png,23,113,Smoke,1213,467,1236,580
0739.png,57,57,Smoke,1773,313,1830,370
0740.png,80,48,Smoke,414,514,494,562
0740.png,160,57,Smoke,580,501,740,558
0740.png,109,179,Smoke,813,368,922,547
0740.png,111,221,Smoke,1019,321,1130,542
0740.png,32,158,Smoke,963,388,995,546
0740.png,29,218,Smoke,1163,355,1192,573
0740.png,124,174,Smoke,1251,379,1375,553
0740.png,174,109,Smoke,1746,449,1920,558
0740.png,76,250,Smoke,1611,395,1687,645
0740.png,99,59,Smoke,1692,575,1791,634
0740.png,50,128,Smoke,1432,424,1482,552
0740.png,76,118,Smoke,1771,303,1847,421
0740.png,55,80,Smoke,546,424,601,504
0740.png,23,113,Smoke,1213,467,1236,580
0740.png,57,57,Smoke,1773,313,1830,370
0741.png,80,48,Smoke,414,514,494,562
0741.png,160,57,Smoke,580,501,740,558
0741.png,109,179,Smoke,813,368,922,547
0741.png,111,221,Smoke,1019,321,1130,542
0741.png,32,158,Smoke,963,388,995,546
0741.png,29,218,Smoke,1163,355,1192,573
0741.png,124,174,Smoke,1251,379,1375,553
0741.png,174,109,Smoke,1746,449,1920,558
0741.png,76,250,Smoke,1610,394,1686,644
0741.png,99,59,Smoke,1692,575,1791,634
0741.png,50,128,Smoke,1432,424,1482,552
0741.png,76,118,Smoke,1771,303,1847,421
0741.png,55,80,Smoke,546,424,601,504
0741.png,23,113,Smoke,1213,467,1236,580
0741.png,57,57,Smoke,1773,313,1830,370
0741.png,55,80,Smoke,546,424,601,504
0741.png,23,113,Smoke,1213,467,1236,580
0742.png,80,48,Smoke,414,514,494,562
0742.png,160,57,Smoke,580,501,740,558
0742.png,109,179,Smoke,813,368,922,547
0742.png,111,221,Smoke,1019,321,1130,542
0742.png,32,158,Smoke,963,388,995,546
0742.png,29,218,Smoke,1163,355,1192,573
0742.png,124,174,Smoke,1251,379,1375,553
0742.png,174,109,Smoke,1746,449,1920,558
0742.png,76,250,Smoke,1610,394,1686,644
0742.png,99,59,Smoke,1692,574,1791,633
0742.png,50,128,Smoke,1432,424,1482,552
0742.png,76,118,Smoke,1771,303,1847,421
0742.png,57,57,Smoke,1773,313,1830,370
0742.png,55,80,Smoke,546,424,601,504
0742.png,23,113,Smoke,1213,467,1236,580
0743.png,80,48,Smoke,414,514,494,562
0743.png,160,57,Smoke,580,500,740,557
0743.png,109,179,Smoke,813,368,922,547
0743.png,111,221,Smoke,1019,321,1130,542
0743.png,32,158,Smoke,963,388,995,546
0743.png,29,218,Smoke,1163,355,1192,573
0743.png,124,174,Smoke,1251,379,1375,553
0743.png,174,109,Smoke,1746,450,1920,559
0743.png,76,250,Smoke,1610,394,1686,644
0743.png,99,59,Smoke,1692,574,1791,633
0743.png,50,128,Smoke,1432,424,1482,552
0743.png,76,118,Smoke,1771,303,1847,421
0743.png,57,57,Smoke,1773,313,1830,370
0744.png,80,48,Smoke,414,514,494,562
0744.png,160,57,Smoke,580,500,740,557
0744.png,109,179,Smoke,813,366,922,545
0744.png,111,221,Smoke,1019,321,1130,542
0744.png,32,158,Smoke,963,388,995,546
0744.png,29,218,Smoke,1163,355,1192,573
0744.png,124,174,Smoke,1251,379,1375,553
0744.png,174,109,Smoke,1746,449,1920,558
0744.png,76,250,Smoke,1610,394,1686,644
0744.png,99,59,Smoke,1692,575,1791,634
0744.png,50,128,Smoke,1432,424,1482,552
0744.png,76,118,Smoke,1771,303,1847,421
0744.png,55,80,Smoke,546,424,601,504
0744.png,23,113,Smoke,1213,468,1236,581
0744.png,57,57,Smoke,1773,313,1830,370
0745.png,80,48,Smoke,414,514,494,562
0745.png,160,57,Smoke,580,500,740,557
0745.png,109,179,Smoke,813,368,922,547
0745.png,111,221,Smoke,1019,321,1130,542
0745.png,32,158,Smoke,963,388,995,546
0745.png,29,218,Smoke,1163,355,1192,573
0745.png,124,174,Smoke,1251,379,1375,553
0745.png,174,109,Smoke,1746,449,1920,558
0745.png,76,250,Smoke,1610,394,1686,644
0745.png,99,59,Smoke,1692,575,1791,634
0745.png,50,128,Smoke,1432,424,1482,552
0745.png,76,118,Smoke,1771,303,1847,421
0745.png,55,80,Smoke,546,424,601,504
0745.png,23,113,Smoke,1213,467,1236,580
0745.png,57,57,Smoke,1773,313,1830,370
0746.png,80,48,Smoke,414,514,494,562
0746.png,160,57,Smoke,580,500,740,557
0746.png,109,179,Smoke,813,368,922,547
0746.png,111,221,Smoke,1019,320,1130,541
0746.png,32,158,Smoke,963,388,995,546
0746.png,29,218,Smoke,1163,355,1192,573
0746.png,124,174,Smoke,1251,379,1375,553
0746.png,174,109,Smoke,1746,449,1920,558
0746.png,76,250,Smoke,1609,393,1685,643
0746.png,99,59,Smoke,1692,575,1791,634
0746.png,50,128,Smoke,1432,424,1482,552
0746.png,76,118,Smoke,1771,303,1847,421
0746.png,55,80,Smoke,546,424,601,504
0746.png,23,113,Smoke,1214,467,1237,580
0746.png,57,57,Smoke,1773,313,1830,370
0747.png,80,48,Smoke,414,514,494,562
0747.png,160,57,Smoke,580,501,740,558
0747.png,109,179,Smoke,813,366,922,545
0747.png,111,221,Smoke,1019,321,1130,542
0747.png,32,158,Smoke,963,388,995,546
0747.png,29,218,Smoke,1163,355,1192,573
0747.png,124,174,Smoke,1251,379,1375,553
0747.png,174,109,Smoke,1746,449,1920,558
0747.png,76,250,Smoke,1610,394,1686,644
0747.png,99,59,Smoke,1692,575,1791,634
0747.png,50,128,Smoke,1432,424,1482,552
0747.png,76,118,Smoke,1771,303,1847,421
0747.png,55,80,Smoke,546,424,601,504
0747.png,23,113,Smoke,1214,467,1237,580
0747.png,57,57,Smoke,1773,313,1830,370
0748.png,80,48,Smoke,414,514,494,562
0748.png,160,57,Smoke,580,501,740,558
0748.png,109,179,Smoke,814,369,923,548
0748.png,111,221,Smoke,1019,321,1130,542
0748.png,32,158,Smoke,963,388,995,546
0748.png,29,218,Smoke,1163,355,1192,573
0748.png,124,174,Smoke,1251,379,1375,553
0748.png,174,109,Smoke,1746,449,1920,558
0748.png,76,250,Smoke,1610,394,1686,644
0748.png,99,59,Smoke,1691,575,1790,634
0748.png,50,128,Smoke,1432,424,1482,552
0748.png,76,118,Smoke,1771,303,1847,421
0748.png,55,80,Smoke,546,424,601,504
0748.png,23,113,Smoke,1214,467,1237,580
0748.png,57,57,Smoke,1773,313,1830,370
0749.png,80,48,Smoke,414,514,494,562
0749.png,160,57,Smoke,580,501,740,558
0749.png,109,179,Smoke,813,366,922,545
0749.png,111,221,Smoke,1019,320,1130,541
0749.png,32,158,Smoke,963,388,995,546
0749.png,29,218,Smoke,1163,355,1192,573
0749.png,124,174,Smoke,1251,379,1375,553
0749.png,174,109,Smoke,1746,449,1920,558
0749.png,76,250,Smoke,1610,394,1686,644
0749.png,99,59,Smoke,1692,575,1791,634
0749.png,50,128,Smoke,1432,424,1482,552
0749.png,76,118,Smoke,1771,303,1847,421
0749.png,55,80,Smoke,546,424,601,504
0749.png,23,113,Smoke,1214,467,1237,580
0749.png,57,57,Smoke,1773,313,1830,370
0750.png,80,48,Smoke,414,514,494,562
0750.png,160,57,Smoke,580,501,740,558
0750.png,109,179,Smoke,813,366,922,545
0750.png,111,221,Smoke,1019,320,1130,541
0750.png,32,158,Smoke,963,388,995,546
0750.png,29,218,Smoke,1163,355,1192,573
0750.png,124,174,Smoke,1251,379,1375,553
0750.png,174,109,Smoke,1746,449,1920,558
0750.png,76,250,Smoke,1610,394,1686,644
0750.png,99,59,Smoke,1692,575,1791,634
0750.png,50,128,Smoke,1432,424,1482,552
0750.png,76,118,Smoke,1771,303,1847,421
0750.png,55,80,Smoke,546,424,601,504
0750.png,23,113,Smoke,1213,468,1236,581
0750.png,57,57,Smoke,1773,313,1830,370
0751.png,80,48,Smoke,414,514,494,562
0751.png,160,57,Smoke,580,501,740,558
0751.png,109,179,Smoke,813,368,922,547
0751.png,111,221,Smoke,1019,321,1130,542
0751.png,32,158,Smoke,963,388,995,546
0751.png,29,218,Smoke,1163,355,1192,573
0751.png,124,174,Smoke,1251,379,1375,553
0751.png,174,109,Smoke,1746,448,1920,557
0751.png,76,250,Smoke,1610,394,1686,644
0751.png,99,59,Smoke,1692,575,1791,634
0751.png,50,128,Smoke,1432,424,1482,552
0751.png,76,118,Smoke,1771,303,1847,421
0751.png,55,80,Smoke,546,424,601,504
0751.png,23,113,Smoke,1214,467,1237,580
0751.png,57,57,Smoke,1773,313,1830,370
0751.png,55,80,Smoke,546,424,601,504
0751.png,23,113,Smoke,1214,467,1237,580
0752.png,80,48,Smoke,414,514,494,562
0752.png,160,57,Smoke,580,500,740,557
0752.png,109,179,Smoke,813,368,922,547
0752.png,111,221,Smoke,1019,321,1130,542
0752.png,32,158,Smoke,963,388,995,546
0752.png,29,218,Smoke,1163,354,1192,572
0752.png,124,174,Smoke,1251,379,1375,553
0752.png,174,109,Smoke,1746,448,1920,557
0752.png,76,250,Smoke,1610,394,1686,644
0752.png,99,59,Smoke,1692,575,1791,634
0752.png,50,128,Smoke,1431,424,1481,552
0752.png,76,118,Smoke,1771,303,1847,421
0752.png,57,57,Smoke,1773,313,1830,370
0752.png,55,80,Smoke,546,424,601,504
0752.png,23,113,Smoke,1214,467,1237,580
0753.png,80,48,Smoke,414,514,494,562
0753.png,160,57,Smoke,580,501,740,558
0753.png,109,179,Smoke,813,368,922,547
0753.png,111,221,Smoke,1019,321,1130,542
0753.png,32,158,Smoke,963,388,995,546
0753.png,29,218,Smoke,1163,355,1192,573
0753.png,124,174,Smoke,1251,379,1375,553
0753.png,174,109,Smoke,1746,448,1920,557
0753.png,76,250,Smoke,1610,393,1686,643
0753.png,99,59,Smoke,1693,575,1792,634
0753.png,50,128,Smoke,1432,424,1482,552
0753.png,76,118,Smoke,1771,303,1847,421
0753.png,57,57,Smoke,1773,313,1830,370
0754.png,80,48,Smoke,414,514,494,562
0754.png,160,57,Smoke,580,501,740,558
0754.png,109,179,Smoke,813,368,922,547
0754.png,111,221,Smoke,1019,321,1130,542
0754.png,32,158,Smoke,963,388,995,546
0754.png,29,218,Smoke,1163,355,1192,573
0754.png,124,174,Smoke,1251,379,1375,553
0754.png,174,109,Smoke,1746,448,1920,557
0754.png,76,250,Smoke,1610,393,1686,643
0754.png,99,59,Smoke,1693,575,1792,634
0754.png,50,128,Smoke,1432,424,1482,552
0754.png,76,118,Smoke,1771,303,1847,421
0754.png,55,80,Smoke,546,424,601,504
0754.png,23,113,Smoke,1214,467,1237,580
0754.png,57,57,Smoke,1773,313,1830,370
0755.png,80,48,Smoke,414,514,494,562
0755.png,160,57,Smoke,580,501,740,558
0755.png,109,179,Smoke,813,368,922,547
0755.png,111,221,Smoke,1019,321,1130,542
0755.png,32,158,Smoke,963,388,995,546
0755.png,29,218,Smoke,1163,355,1192,573
0755.png,124,174,Smoke,1251,379,1375,553
0755.png,174,109,Smoke,1746,448,1920,557
0755.png,76,250,Smoke,1611,394,1687,644
0755.png,99,59,Smoke,1692,575,1791,634
0755.png,50,128,Smoke,1432,424,1482,552
0755.png,76,118,Smoke,1771,303,1847,421
0755.png,55,80,Smoke,546,424,601,504
0755.png,23,113,Smoke,1214,467,1237,580
0755.png,57,57,Smoke,1773,313,1830,370
0756.png,80,48,Smoke,414,514,494,562
0756.png,160,57,Smoke,580,501,740,558
0756.png,109,179,Smoke,813,368,922,547
0756.png,111,221,Smoke,1019,320,1130,541
0756.png,32,158,Smoke,963,388,995,546
0756.png,29,218,Smoke,1163,355,1192,573
0756.png,124,174,Smoke,1251,379,1375,553
0756.png,174,109,Smoke,1746,449,1920,558
0756.png,76,250,Smoke,1610,392,1686,642
0756.png,99,59,Smoke,1692,576,1791,635
0756.png,50,128,Smoke,1432,424,1482,552
0756.png,76,118,Smoke,1772,303,1848,421
0756.png,55,80,Smoke,546,424,601,504
0756.png,23,113,Smoke,1214,467,1237,580
0756.png,57,57,Smoke,1773,313,1830,370
0757.png,80,48,Smoke,414,514,494,562
0757.png,160,57,Smoke,580,501,740,558
0757.png,109,179,Smoke,813,368,922,547
0757.png,111,221,Smoke,1019,322,1130,543
0757.png,32,158,Smoke,963,388,995,546
0757.png,29,218,Smoke,1163,355,1192,573
0757.png,124,174,Smoke,1251,379,1375,553
0757.png,174,109,Smoke,1746,449,1920,558
0757.png,76,250,Smoke,1610,392,1686,642
0757.png,99,59,Smoke,1692,576,1791,635
0757.png,50,128,Smoke,1432,424,1482,552
0757.png,76,118,Smoke,1772,303,1848,421
0757.png,55,80,Smoke,546,424,601,504
0757.png,23,113,Smoke,1215,467,1238,580
0757.png,57,57,Smoke,1773,313,1830,370
0758.png,80,48,Smoke,414,514,494,562
0758.png,160,57,Smoke,580,501,740,558
0758.png,109,179,Smoke,813,368,922,547
0758.png,111,221,Smoke,1019,320,1130,541
0758.png,32,158,Smoke,963,388,995,546
0758.png,29,218,Smoke,1163,355,1192,573
0758.png,124,174,Smoke,1251,379,1375,553
0758.png,174,109,Smoke,1746,449,1920,558
0758.png,76,250,Smoke,1610,392,1686,642
0758.png,99,59,Smoke,1691,575,1790,634
0758.png,50,128,Smoke,1432,425,1482,553
0758.png,76,118,Smoke,1772,303,1848,421
0758.png,55,80,Smoke,546,424,601,504
0758.png,23,113,Smoke,1213,467,1236,580
0758.png,57,57,Smoke,1773,313,1830,370
0759.png,80,48,Smoke,414,514,494,562
0759.png,160,57,Smoke,580,501,740,558
0759.png,109,179,Smoke,813,368,922,547
0759.png,111,221,Smoke,1020,321,1131,542
0759.png,32,158,Smoke,963,388,995,546
0759.png,29,218,Smoke,1163,355,1192,573
0759.png,124,174,Smoke,1251,379,1375,553
0759.png,174,109,Smoke,1746,449,1920,558
0759.png,76,250,Smoke,1612,394,1688,644
0759.png,99,59,Smoke,1691,575,1790,634
0759.png,50,128,Smoke,1431,424,1481,552
0759.png,76,118,Smoke,1772,304,1848,422
0759.png,55,80,Smoke,546,424,601,504
0759.png,23,113,Smoke,1214,467,1237,580
0759.png,57,57,Smoke,1773,313,1830,370
0760.png,80,48,Smoke,414,514,494,562
0760.png,160,57,Smoke,580,501,740,558
0760.png,109,179,Smoke,813,368,922,547
0760.png,111,221,Smoke,1019,321,1130,542
0760.png,32,158,Smoke,963,388,995,546
0760.png,29,218,Smoke,1163,355,1192,573
0760.png,124,174,Smoke,1251,379,1375,553
0760.png,174,109,Smoke,1746,449,1920,558
0760.png,76,250,Smoke,1612,394,1688,644
0760.png,99,59,Smoke,1692,576,1791,635
0760.png,50,128,Smoke,1431,424,1481,552
0760.png,76,118,Smoke,1772,304,1848,422
0760.png,55,80,Smoke,546,424,601,504
0760.png,23,113,Smoke,1214,467,1237,580
0760.png,57,57,Smoke,1773,313,1830,370
0761.png,80,48,Smoke,414,514,494,562
0761.png,160,57,Smoke,580,501,740,558
0761.png,109,179,Smoke,813,368,922,547
0761.png,111,221,Smoke,1019,321,1130,542
0761.png,32,158,Smoke,963,388,995,546
0761.png,29,218,Smoke,1163,355,1192,573
0761.png,124,174,Smoke,1251,379,1375,553
0761.png,174,109,Smoke,1746,449,1920,558
0761.png,76,250,Smoke,1612,394,1688,644
0761.png,99,59,Smoke,1692,576,1791,635
0761.png,50,128,Smoke,1431,424,1481,552
0761.png,76,118,Smoke,1771,303,1847,421
0761.png,55,80,Smoke,546,424,601,504
0761.png,23,113,Smoke,1214,467,1237,580
0761.png,57,57,Smoke,1773,313,1830,370
0761.png,55,80,Smoke,546,424,601,504
0761.png,23,113,Smoke,1214,467,1237,580
0762.png,80,48,Smoke,414,514,494,562
0762.png,160,57,Smoke,580,501,740,558
0762.png,109,179,Smoke,813,369,922,548
0762.png,111,221,Smoke,1019,321,1130,542
0762.png,32,158,Smoke,963,388,995,546
0762.png,29,218,Smoke,1163,355,1192,573
0762.png,124,174,Smoke,1251,379,1375,553
0762.png,174,109,Smoke,1746,449,1920,558
0762.png,76,250,Smoke,1612,394,1688,644
0762.png,99,59,Smoke,1692,576,1791,635
0762.png,50,128,Smoke,1431,424,1481,552
0762.png,76,118,Smoke,1772,302,1848,420
0762.png,57,57,Smoke,1773,313,1830,370
0762.png,55,80,Smoke,546,424,601,504
0762.png,23,113,Smoke,1214,468,1237,581
0763.png,80,48,Smoke,414,514,494,562
0763.png,160,57,Smoke,580,501,740,558
0763.png,109,179,Smoke,813,368,922,547
0763.png,111,221,Smoke,1019,321,1130,542
0763.png,32,158,Smoke,963,388,995,546
0763.png,29,218,Smoke,1163,355,1192,573
0763.png,124,174,Smoke,1251,379,1375,553
0763.png,174,109,Smoke,1746,449,1920,558
0763.png,76,250,Smoke,1612,394,1688,644
0763.png,99,59,Smoke,1692,576,1791,635
0763.png,50,128,Smoke,1431,424,1481,552
0763.png,76,118,Smoke,1771,303,1847,421
0763.png,57,57,Smoke,1773,313,1830,370
0764.png,80,48,Smoke,414,514,494,562
0764.png,160,57,Smoke,580,501,740,558
0764.png,109,179,Smoke,813,368,922,547
0764.png,111,221,Smoke,1019,320,1130,541
0764.png,32,158,Smoke,963,388,995,546
0764.png,29,218,Smoke,1163,355,1192,573
0764.png,124,174,Smoke,1251,379,1375,553
0764.png,174,109,Smoke,1746,449,1920,558
0764.png,76,250,Smoke,1613,394,1689,644
0764.png,99,59,Smoke,1692,576,1791,635
0764.png,50,128,Smoke,1431,424,1481,552
0764.png,76,118,Smoke,1771,303,1847,421
0764.png,55,80,Smoke,546,424,601,504
0764.png,23,113,Smoke,1214,468,1237,581
0764.png,57,57,Smoke,1773,313,1830,370
0765.png,80,48,Smoke,414,514,494,562
0765.png,160,57,Smoke,580,500,740,557
0765.png,109,179,Smoke,813,368,922,547
0765.png,111,221,Smoke,1019,320,1130,541
0765.png,32,158,Smoke,963,388,995,546
0765.png,29,218,Smoke,1163,353,1192,571
0765.png,124,174,Smoke,1251,379,1375,553
0765.png,174,109,Smoke,1746,449,1920,558
0765.png,76,250,Smoke,1613,394,1689,644
0765.png,99,59,Smoke,1692,576,1791,635
0765.png,50,128,Smoke,1431,424,1481,552
0765.png,76,118,Smoke,1771,303,1847,421
0765.png,55,80,Smoke,546,424,601,504
0765.png,23,113,Smoke,1214,468,1237,581
0765.png,57,57,Smoke,1773,313,1830,370
0766.png,80,48,Smoke,414,514,494,562
0766.png,160,57,Smoke,580,501,740,558
0766.png,109,179,Smoke,813,368,922,547
0766.png,111,221,Smoke,1019,320,1130,541
0766.png,32,158,Smoke,963,388,995,546
0766.png,29,218,Smoke,1163,355,1192,573
0766.png,124,174,Smoke,1251,379,1375,553
0766.png,177,109,Smoke,1743,449,1920,558
0766.png,76,250,Smoke,1613,394,1689,644
0766.png,99,59,Smoke,1692,575,1791,634
0766.png,50,128,Smoke,1431,424,1481,552
0766.png,76,118,Smoke,1771,302,1847,420
0766.png,55,80,Smoke,546,424,601,504
0766.png,23,113,Smoke,1214,468,1237,581
0766.png,57,57,Smoke,1773,313,1830,370
0767.png,80,48,Smoke,414,514,494,562
0767.png,160,57,Smoke,580,501,740,558
0767.png,109,179,Smoke,813,368,922,547
0767.png,111,221,Smoke,1019,320,1130,541
0767.png,32,158,Smoke,963,388,995,546
0767.png,29,218,Smoke,1163,353,1192,571
0767.png,124,174,Smoke,1251,379,1375,553
0767.png,174,109,Smoke,1746,449,1920,558
0767.png,76,250,Smoke,1612,394,1688,644
0767.png,99,59,Smoke,1692,575,1791,634
0767.png,50,128,Smoke,1431,424,1481,552
0767.png,76,118,Smoke,1771,302,1847,420
0767.png,55,80,Smoke,546,424,601,504
0767.png,23,113,Smoke,1214,468,1237,581
0767.png,57,57,Smoke,1773,313,1830,370
0768.png,80,48,Smoke,414,514,494,562
0768.png,160,57,Smoke,580,501,740,558
0768.png,109,179,Smoke,813,368,922,547
0768.png,111,221,Smoke,1020,320,1131,541
0768.png,32,158,Smoke,963,388,995,546
0768.png,29,218,Smoke,1163,355,1192,573
0768.png,124,174,Smoke,1251,379,1375,553
0768.png,174,109,Smoke,1746,448,1920,557
0768.png,76,250,Smoke,1612,394,1688,644
0768.png,99,59,Smoke,1692,575,1791,634
0768.png,50,128,Smoke,1431,424,1481,552
0768.png,76,118,Smoke,1771,303,1847,421
0768.png,55,80,Smoke,546,424,601,504
0768.png,23,113,Smoke,1214,468,1237,581
0768.png,57,57,Smoke,1773,313,1830,370
0769.png,80,48,Smoke,414,514,494,562
0769.png,160,57,Smoke,580,501,740,558
0769.png,109,179,Smoke,813,368,922,547
0769.png,111,221,Smoke,1019,320,1130,541
0769.png,32,158,Smoke,963,388,995,546
0769.png,29,218,Smoke,1163,355,1192,573
0769.png,124,174,Smoke,1251,379,1375,553
0769.png,174,109,Smoke,1746,449,1920,558
0769.png,76,250,Smoke,1612,394,1688,644
0769.png,99,59,Smoke,1691,575,1790,634
0769.png,50,128,Smoke,1431,424,1481,552
0769.png,76,118,Smoke,1771,302,1847,420
0769.png,55,80,Smoke,546,424,601,504
0769.png,23,113,Smoke,1214,468,1237,581
0769.png,57,57,Smoke,1773,313,1830,370
0770.png,80,48,Smoke,414,514,494,562
0770.png,160,57,Smoke,580,501,740,558
0770.png,109,179,Smoke,813,367,922,546
0770.png,111,221,Smoke,1019,320,1130,541
0770.png,32,158,Smoke,963,388,995,546
0770.png,29,218,Smoke,1163,355,1192,573
0770.png,124,174,Smoke,1251,379,1375,553
0770.png,174,109,Smoke,1746,449,1920,558
0770.png,76,250,Smoke,1612,394,1688,644
0770.png,99,59,Smoke,1692,575,1791,634
0770.png,50,128,Smoke,1431,424,1481,552
0770.png,76,118,Smoke,1771,302,1847,420
0770.png,55,80,Smoke,546,424,601,504
0770.png,23,113,Smoke,1214,467,1237,580
0770.png,57,57,Smoke,1773,313,1830,370
0771.png,80,48,Smoke,414,514,494,562
0771.png,160,57,Smoke,580,501,740,558
0771.png,109,179,Smoke,813,367,922,546
0771.png,111,233,Smoke,1019,321,1130,554
0771.png,32,158,Smoke,963,388,995,546
0771.png,29,218,Smoke,1163,355,1192,573
0771.png,124,174,Smoke,1251,379,1375,553
0771.png,174,109,Smoke,1746,449,1920,558
0771.png,76,250,Smoke,1613,394,1689,644
0771.png,99,59,Smoke,1692,575,1791,634
0771.png,50,128,Smoke,1431,424,1481,552
0771.png,76,118,Smoke,1771,302,1847,420
0771.png,55,80,Smoke,546,424,601,504
0771.png,23,113,Smoke,1214,469,1237,582
0771.png,57,57,Smoke,1773,313,1830,370
0771.png,55,80,Smoke,546,424,601,504
0771.png,23,113,Smoke,1214,467,1237,580
0772.png,80,48,Smoke,414,514,494,562
0772.png,160,57,Smoke,582,501,742,558
0772.png,109,179,Smoke,813,366,922,545
0772.png,111,233,Smoke,1019,321,1130,554
0772.png,32,158,Smoke,963,388,995,546
0772.png,29,218,Smoke,1163,355,1192,573
0772.png,124,174,Smoke,1251,379,1375,553
0772.png,174,109,Smoke,1746,448,1920,557
0772.png,76,250,Smoke,1613,394,1689,644
0772.png,99,59,Smoke,1692,575,1791,634
0772.png,50,128,Smoke,1431,424,1481,552
0772.png,76,118,Smoke,1771,301,1847,419
0772.png,57,57,Smoke,1773,313,1830,370
0772.png,55,80,Smoke,546,424,601,504
0772.png,23,113,Smoke,1214,467,1237,580
0773.png,80,48,Smoke,414,514,494,562
0773.png,160,57,Smoke,579,501,739,558
0773.png,109,179,Smoke,813,367,922,546
0773.png,111,233,Smoke,1019,321,1130,554
0773.png,32,158,Smoke,963,388,995,546
0773.png,29,218,Smoke,1163,355,1192,573
0773.png,124,174,Smoke,1251,379,1375,553
0773.png,174,109,Smoke,1746,449,1920,558
0773.png,76,250,Smoke,1612,394,1688,644
0773.png,99,59,Smoke,1692,575,1791,634
0773.png,50,128,Smoke,1431,424,1481,552
0773.png,76,118,Smoke,1771,303,1847,421
0773.png,57,57,Smoke,1773,313,1830,370
0774.png,80,48,Smoke,414,514,494,562
0774.png,160,57,Smoke,580,501,740,558
0774.png,109,179,Smoke,813,367,922,546
0774.png,111,233,Smoke,1019,321,1130,554
0774.png,32,158,Smoke,963,388,995,546
0774.png,29,218,Smoke,1163,355,1192,573
0774.png,124,174,Smoke,1251,379,1375,553
0774.png,174,109,Smoke,1746,449,1920,558
0774.png,76,250,Smoke,1614,394,1690,644
0774.png,99,59,Smoke,1692,575,1791,634
0774.png,50,128,Smoke,1431,424,1481,552
0774.png,76,118,Smoke,1771,303,1847,421
0774.png,55,80,Smoke,546,424,601,504
0774.png,23,113,Smoke,1214,467,1237,580
0774.png,57,57,Smoke,1773,313,1830,370
0775.png,80,48,Smoke,414,514,494,562
0775.png,160,57,Smoke,580,501,740,558
0775.png,109,179,Smoke,813,367,922,546
0775.png,111,233,Smoke,1019,321,1130,554
0775.png,32,158,Smoke,963,388,995,546
0775.png,29,218,Smoke,1163,355,1192,573
0775.png,124,174,Smoke,1251,379,1375,553
0775.png,174,109,Smoke,1746,449,1920,558
0775.png,76,250,Smoke,1613,394,1689,644
0775.png,99,59,Smoke,1692,576,1791,635
0775.png,50,128,Smoke,1431,424,1481,552
0775.png,76,118,Smoke,1771,303,1847,421
0775.png,55,80,Smoke,546,424,601,504
0775.png,23,113,Smoke,1214,467,1237,580
0775.png,57,57,Smoke,1773,313,1830,370
0776.png,80,48,Smoke,414,514,494,562
0776.png,160,57,Smoke,580,501,740,558
0776.png,109,179,Smoke,813,366,922,545
0776.png,111,233,Smoke,1019,321,1130,554
0776.png,32,158,Smoke,963,388,995,546
0776.png,29,218,Smoke,1163,355,1192,573
0776.png,124,174,Smoke,1251,379,1375,553
0776.png,174,109,Smoke,1746,449,1920,558
0776.png,76,250,Smoke,1614,394,1690,644
0776.png,99,59,Smoke,1692,576,1791,635
0776.png,50,128,Smoke,1431,424,1481,552
0776.png,76,118,Smoke,1771,303,1847,421
0776.png,55,80,Smoke,546,424,601,504
0776.png,23,113,Smoke,1214,467,1237,580
0776.png,57,57,Smoke,1773,313,1830,370
0777.png,80,48,Smoke,414,514,494,562
0777.png,160,57,Smoke,580,501,740,558
0777.png,109,179,Smoke,813,367,922,546
0777.png,111,233,Smoke,1019,321,1130,554
0777.png,32,158,Smoke,963,388,995,546
0777.png,29,218,Smoke,1163,355,1192,573
0777.png,124,174,Smoke,1251,379,1375,553
0777.png,174,109,Smoke,1746,449,1920,558
0777.png,76,250,Smoke,1614,394,1690,644
0777.png,99,59,Smoke,1692,576,1791,635
0777.png,50,128,Smoke,1431,424,1481,552
0777.png,76,118,Smoke,1772,302,1848,420
0777.png,55,80,Smoke,546,424,601,504
0777.png,23,113,Smoke,1214,467,1237,580
0777.png,57,57,Smoke,1773,313,1830,370
0778.png,80,48,Smoke,414,514,494,562
0778.png,170,67,Smoke,569,489,739,556
0778.png,109,179,Smoke,813,367,922,546
0778.png,111,233,Smoke,1019,321,1130,554
0778.png,32,158,Smoke,963,388,995,546
0778.png,29,218,Smoke,1163,355,1192,573
0778.png,124,174,Smoke,1251,379,1375,553
0778.png,174,109,Smoke,1746,449,1920,558
0778.png,76,250,Smoke,1614,394,1690,644
0778.png,99,59,Smoke,1692,576,1791,635
0778.png,50,128,Smoke,1431,424,1481,552
0778.png,76,118,Smoke,1771,301,1847,419
0778.png,55,80,Smoke,546,424,601,504
0778.png,23,113,Smoke,1214,467,1237,580
0778.png,57,57,Smoke,1773,313,1830,370
0779.png,80,48,Smoke,414,514,494,562
0779.png,170,67,Smoke,569,489,739,556
0779.png,109,179,Smoke,814,367,923,546
0779.png,111,233,Smoke,1019,321,1130,554
0779.png,32,158,Smoke,963,388,995,546
0779.png,29,218,Smoke,1163,355,1192,573
0779.png,124,174,Smoke,1251,379,1375,553
0779.png,174,109,Smoke,1746,449,1920,558
0779.png,76,250,Smoke,1613,393,1689,643
0779.png,99,59,Smoke,1692,576,1791,635
0779.png,50,128,Smoke,1431,424,1481,552
0779.png,76,118,Smoke,1771,301,1847,419
0779.png,55,80,Smoke,546,424,601,504
0779.png,23,113,Smoke,1214,467,1237,580
0779.png,57,57,Smoke,1773,313,1830,370
0780.png,80,48,Smoke,414,514,494,562
0780.png,170,67,Smoke,569,489,739,556
0780.png,109,179,Smoke,814,367,923,546
0780.png,111,233,Smoke,1019,321,1130,554
0780.png,32,158,Smoke,963,388,995,546
0780.png,29,218,Smoke,1163,355,1192,573
0780.png,124,174,Smoke,1251,379,1375,553
0780.png,174,109,Smoke,1746,448,1920,557
0780.png,76,250,Smoke,1615,394,1691,644
0780.png,99,59,Smoke,1692,576,1791,635
0780.png,50,128,Smoke,1431,424,1481,552
0780.png,76,118,Smoke,1771,303,1847,421
0780.png,55,80,Smoke,546,424,601,504
0780.png,23,113,Smoke,1214,467,1237,580
0780.png,57,57,Smoke,1773,313,1830,370
0781.png,80,48,Smoke,414,514,494,562
0781.png,170,67,Smoke,569,489,739,556
0781.png,109,179,Smoke,813,367,922,546
0781.png,111,233,Smoke,1019,321,1130,554
0781.png,32,158,Smoke,963,388,995,546
0781.png,29,218,Smoke,1163,355,1192,573
0781.png,124,174,Smoke,1251,379,1375,553
0781.png,174,109,Smoke,1746,449,1920,558
0781.png,76,250,Smoke,1615,394,1691,644
0781.png,99,59,Smoke,1692,576,1791,635
0781.png,50,128,Smoke,1431,424,1481,552
0781.png,76,118,Smoke,1772,302,1848,420
0781.png,55,80,Smoke,546,424,601,504
0781.png,23,113,Smoke,1214,467,1237,580
0781.png,57,57,Smoke,1773,313,1830,370
0781.png,55,80,Smoke,546,424,601,504
0781.png,23,113,Smoke,1214,467,1237,580
0782.png,80,48,Smoke,414,514,494,562
0782.png,170,67,Smoke,569,489,739,556
0782.png,109,179,Smoke,813,367,922,546
0782.png,111,233,Smoke,1019,321,1130,554
0782.png,32,158,Smoke,963,388,995,546
0782.png,29,218,Smoke,1163,355,1192,573
0782.png,124,174,Smoke,1251,379,1375,553
0782.png,174,109,Smoke,1746,449,1920,558
0782.png,76,250,Smoke,1615,394,1691,644
0782.png,99,59,Smoke,1692,576,1791,635
0782.png,50,128,Smoke,1431,424,1481,552
0782.png,76,118,Smoke,1772,302,1848,420
0782.png,57,57,Smoke,1773,313,1830,370
0782.png,55,80,Smoke,546,424,601,504
0782.png,23,113,Smoke,1214,467,1237,580
0783.png,80,48,Smoke,414,514,494,562
0783.png,170,67,Smoke,569,489,739,556
0783.png,109,179,Smoke,813,367,922,546
0783.png,111,233,Smoke,1019,321,1130,554
0783.png,32,158,Smoke,963,388,995,546
0783.png,29,218,Smoke,1163,355,1192,573
0783.png,124,174,Smoke,1251,379,1375,553
0783.png,174,109,Smoke,1746,449,1920,558
0783.png,76,250,Smoke,1615,394,1691,644
0783.png,99,59,Smoke,1692,576,1791,635
0783.png,50,128,Smoke,1431,424,1481,552
0783.png,76,118,Smoke,1772,302,1848,420
0783.png,57,57,Smoke,1773,313,1830,370
0784.png,80,48,Smoke,414,514,494,562
0784.png,170,67,Smoke,569,490,739,557
0784.png,109,179,Smoke,814,367,923,546
0784.png,111,233,Smoke,1019,321,1130,554
0784.png,32,158,Smoke,963,388,995,546
0784.png,29,218,Smoke,1163,355,1192,573
0784.png,124,174,Smoke,1251,379,1375,553
0784.png,174,109,Smoke,1746,449,1920,558
0784.png,76,250,Smoke,1615,394,1691,644
0784.png,99,59,Smoke,1692,576,1791,635
0784.png,50,128,Smoke,1431,424,1481,552
0784.png,76,118,Smoke,1772,302,1848,420
0784.png,55,80,Smoke,546,424,601,504
0784.png,23,113,Smoke,1214,467,1237,580
0784.png,57,57,Smoke,1773,313,1830,370
0785.png,80,48,Smoke,414,514,494,562
0785.png,170,67,Smoke,569,490,739,557
0785.png,109,179,Smoke,813,367,922,546
0785.png,111,233,Smoke,1019,321,1130,554
0785.png,32,158,Smoke,963,388,995,546
0785.png,29,218,Smoke,1163,355,1192,573
0785.png,124,174,Smoke,1251,379,1375,553
0785.png,174,109,Smoke,1746,449,1920,558
0785.png,76,250,Smoke,1615,394,1691,644
0785.png,99,59,Smoke,1692,576,1791,635
0785.png,50,128,Smoke,1431,424,1481,552
0785.png,76,118,Smoke,1772,302,1848,420
0785.png,55,80,Smoke,546,424,601,504
0785.png,23,113,Smoke,1214,467,1237,580
0785.png,57,57,Smoke,1773,313,1830,370
0786.png,80,48,Smoke,414,514,494,562
0786.png,170,67,Smoke,569,490,739,557
0786.png,109,179,Smoke,813,367,922,546
0786.png,111,233,Smoke,1019,321,1130,554
0786.png,32,158,Smoke,963,388,995,546
0786.png,29,218,Smoke,1163,355,1192,573
0786.png,124,174,Smoke,1251,379,1375,553
0786.png,174,109,Smoke,1746,449,1920,558
0786.png,76,250,Smoke,1615,394,1691,644
0786.png,99,59,Smoke,1692,576,1791,635
0786.png,50,128,Smoke,1431,424,1481,552
0786.png,76,118,Smoke,1772,301,1848,419
0786.png,55,80,Smoke,546,424,601,504
0786.png,23,113,Smoke,1214,467,1237,580
0786.png,57,57,Smoke,1773,313,1830,370
0787.png,80,48,Smoke,414,514,494,562
0787.png,170,67,Smoke,569,490,739,557
0787.png,109,179,Smoke,813,367,922,546
0787.png,111,233,Smoke,1019,321,1130,554
0787.png,32,158,Smoke,963,388,995,546
0787.png,29,218,Smoke,1163,355,1192,573
0787.png,124,174,Smoke,1251,379,1375,553
0787.png,174,109,Smoke,1746,449,1920,558
0787.png,76,250,Smoke,1615,394,1691,644
0787.png,99,59,Smoke,1692,576,1791,635
0787.png,50,128,Smoke,1431,425,1481,553
0787.png,76,118,Smoke,1772,302,1848,420
0787.png,55,80,Smoke,546,424,601,504
0787.png,23,113,Smoke,1214,467,1237,580
0787.png,57,57,Smoke,1773,313,1830,370
0788.png,80,48,Smoke,414,514,494,562
0788.png,170,67,Smoke,569,490,739,557
0788.png,109,179,Smoke,813,367,922,546
0788.png,111,233,Smoke,1019,321,1130,554
0788.png,32,158,Smoke,963,388,995,546
0788.png,29,218,Smoke,1163,355,1192,573
0788.png,124,174,Smoke,1251,379,1375,553
0788.png,174,109,Smoke,1746,449,1920,558
0788.png,76,250,Smoke,1615,394,1691,644
0788.png,99,59,Smoke,1692,576,1791,635
0788.png,50,128,Smoke,1432,425,1482,553
0788.png,76,118,Smoke,1772,302,1848,420
0788.png,55,80,Smoke,546,424,601,504
0788.png,23,113,Smoke,1214,468,1237,581
0788.png,57,57,Smoke,1773,313,1830,370
0789.png,80,48,Smoke,414,514,494,562
0789.png,170,67,Smoke,569,490,739,557
0789.png,109,179,Smoke,813,367,922,546
0789.png,111,233,Smoke,1019,321,1130,554
0789.png,32,158,Smoke,963,388,995,546
0789.png,29,218,Smoke,1163,355,1192,573
0789.png,124,174,Smoke,1251,379,1375,553
0789.png,174,109,Smoke,1746,449,1920,558
0789.png,76,250,Smoke,1616,393,1692,643
0789.png,99,59,Smoke,1692,576,1791,635
0789.png,50,128,Smoke,1431,425,1481,553
0789.png,76,118,Smoke,1772,302,1848,420
0789.png,55,80,Smoke,546,424,601,504
0789.png,23,113,Smoke,1214,468,1237,581
0789.png,57,57,Smoke,1773,313,1830,370
0790.png,80,48,Smoke,414,514,494,562
0790.png,170,67,Smoke,569,490,739,557
0790.png,109,179,Smoke,813,367,922,546
0790.png,111,233,Smoke,1019,321,1130,554
0790.png,32,158,Smoke,963,388,995,546
0790.png,29,218,Smoke,1163,355,1192,573
0790.png,124,174,Smoke,1251,379,1375,553
0790.png,174,109,Smoke,1746,449,1920,558
0790.png,76,250,Smoke,1615,394,1691,644
0790.png,99,59,Smoke,1691,576,1790,635
0790.png,50,128,Smoke,1431,425,1481,553
0790.png,76,118,Smoke,1772,301,1848,419
0790.png,55,80,Smoke,546,424,601,504
0790.png,23,113,Smoke,1214,468,1237,581
0790.png,57,57,Smoke,1773,313,1830,370
0791.png,80,48,Smoke,414,514,494,562
0791.png,170,67,Smoke,568,489,738,556
0791.png,109,179,Smoke,813,367,922,546
0791.png,111,233,Smoke,1019,321,1130,554
0791.png,32,158,Smoke,963,388,995,546
0791.png,29,218,Smoke,1163,355,1192,573
0791.png,124,174,Smoke,1251,379,1375,553
0791.png,174,109,Smoke,1746,449,1920,558
0791.png,76,250,Smoke,1615,394,1691,644
0791.png,99,59,Smoke,1691,576,1790,635
0791.png,50,128,Smoke,1431,424,1481,552
0791.png,76,118,Smoke,1772,302,1848,420
0791.png,55,80,Smoke,546,424,601,504
0791.png,23,113,Smoke,1214,467,1237,580
0791.png,57,57,Smoke,1773,313,1830,370
0791.png,55,80,Smoke,546,424,601,504
0791.png,23,113,Smoke,1214,469,1237,582
0792.png,80,48,Smoke,414,514,494,562
0792.png,170,67,Smoke,570,489,740,556
0792.png,109,179,Smoke,814,368,923,547
0792.png,111,233,Smoke,1020,321,1131,554
0792.png,32,158,Smoke,963,388,995,546
0792.png,29,218,Smoke,1163,355,1192,573
0792.png,124,174,Smoke,1251,379,1375,553
0792.png,174,109,Smoke,1746,449,1920,558
0792.png,76,250,Smoke,1615,394,1691,644
0792.png,99,59,Smoke,1691,576,1790,635
0792.png,50,128,Smoke,1431,424,1481,552
0792.png,76,118,Smoke,1773,302,1849,420
0792.png,57,57,Smoke,1773,313,1830,370
0792.png,55,80,Smoke,546,424,601,504
0792.png,23,113,Smoke,1214,468,1237,581
0793.png,80,48,Smoke,414,514,494,562
0793.png,170,67,Smoke,568,489,738,556
0793.png,109,179,Smoke,813,367,922,546
0793.png,111,233,Smoke,1019,322,1130,555
0793.png,32,158,Smoke,963,388,995,546
0793.png,29,218,Smoke,1163,355,1192,573
0793.png,124,174,Smoke,1251,379,1375,553
0793.png,174,109,Smoke,1746,450,1920,559
0793.png,76,250,Smoke,1615,394,1691,644
0793.png,99,59,Smoke,1691,576,1790,635
0793.png,50,128,Smoke,1431,424,1481,552
0793.png,76,118,Smoke,1772,302,1848,420
0793.png,57,57,Smoke,1773,313,1830,370
0794.png,80,48,Smoke,414,514,494,562
0794.png,170,67,Smoke,568,489,738,556
0794.png,109,179,Smoke,814,367,923,546
0794.png,111,233,Smoke,1019,322,1130,555
0794.png,32,158,Smoke,963,388,995,546
0794.png,29,218,Smoke,1163,355,1192,573
0794.png,124,174,Smoke,1251,379,1375,553
0794.png,174,109,Smoke,1746,449,1920,558
0794.png,76,250,Smoke,1615,394,1691,644
0794.png,99,59,Smoke,1691,576,1790,635
0794.png,50,128,Smoke,1431,424,1481,552
0794.png,76,118,Smoke,1772,301,1848,419
0794.png,55,80,Smoke,546,424,601,504
0794.png,23,113,Smoke,1214,467,1237,580
0794.png,57,57,Smoke,1773,313,1830,370
0795.png,80,48,Smoke,414,514,494,562
0795.png,170,67,Smoke,568,489,738,556
0795.png,109,179,Smoke,813,367,922,546
0795.png,111,233,Smoke,1019,321,1130,554
0795.png,32,158,Smoke,963,388,995,546
0795.png,29,218,Smoke,1163,355,1192,573
0795.png,124,174,Smoke,1251,379,1375,553
0795.png,174,109,Smoke,1746,449,1920,558
0795.png,76,250,Smoke,1615,394,1691,644
0795.png,99,59,Smoke,1690,576,1789,635
0795.png,50,128,Smoke,1431,425,1481,553
0795.png,76,118,Smoke,1772,302,1848,420
0795.png,55,80,Smoke,546,424,601,504
0795.png,23,113,Smoke,1214,467,1237,580
0795.png,57,57,Smoke,1773,313,1830,370
0796.png,80,48,Smoke,414,514,494,562
0796.png,170,67,Smoke,568,489,738,556
0796.png,109,179,Smoke,814,367,923,546
0796.png,111,233,Smoke,1020,321,1131,554
0796.png,32,158,Smoke,963,388,995,546
0796.png,29,218,Smoke,1163,355,1192,573
0796.png,124,174,Smoke,1251,379,1375,553
0796.png,174,109,Smoke,1746,449,1920,558
0796.png,76,250,Smoke,1615,394,1691,644
0796.png,99,59,Smoke,1690,576,1789,635
0796.png,50,128,Smoke,1431,423,1481,551
0796.png,76,118,Smoke,1772,301,1848,419
0796.png,55,80,Smoke,546,424,601,504
0796.png,23,113,Smoke,1214,468,1237,581
0796.png,57,57,Smoke,1773,313,1830,370
0797.png,80,48,Smoke,414,514,494,562
0797.png,170,67,Smoke,568,489,738,556
0797.png,109,179,Smoke,814,367,923,546
0797.png,111,233,Smoke,1019,321,1130,554
0797.png,32,158,Smoke,963,388,995,546
0797.png,29,218,Smoke,1163,355,1192,573
0797.png,124,174,Smoke,1251,379,1375,553
0797.png,174,109,Smoke,1746,449,1920,558
0797.png,76,250,Smoke,1615,394,1691,644
0797.png,99,59,Smoke,1690,576,1789,635
0797.png,50,128,Smoke,1431,424,1481,552
0797.png,76,118,Smoke,1772,301,1848,419
0797.png,55,80,Smoke,546,424,601,504
0797.png,23,113,Smoke,1214,467,1237,580
0797.png,57,57,Smoke,1773,313,1830,370
0798.png,80,48,Smoke,414,514,494,562
0798.png,170,67,Smoke,568,489,738,556
0798.png,109,179,Smoke,814,367,923,546
0798.png,111,233,Smoke,1019,321,1130,554
0798.png,32,158,Smoke,963,389,995,547
0798.png,29,218,Smoke,1163,355,1192,573
0798.png,124,174,Smoke,1251,379,1375,553
0798.png,174,109,Smoke,1746,449,1920,558
0798.png,76,250,Smoke,1615,394,1691,644
0798.png,99,59,Smoke,1692,575,1791,634
0798.png,50,128,Smoke,1431,424,1481,552
0798.png,76,118,Smoke,1772,302,1848,420
0798.png,55,80,Smoke,546,424,601,504
0798.png,23,113,Smoke,1214,468,1237,581
0798.png,57,57,Smoke,1773,313,1830,370
0799.png,80,48,Smoke,414,514,494,562
0799.png,170,67,Smoke,567,489,737,556
0799.png,109,179,Smoke,814,367,923,546
0799.png,111,233,Smoke,1019,319,1130,552
0799.png,32,158,Smoke,963,389,995,547
0799.png,29,218,Smoke,1163,355,1192,573
0799.png,124,174,Smoke,1251,379,1375,553
0799.png,174,109,Smoke,1746,450,1920,559
0799.png,76,250,Smoke,1615,394,1691,644
0799.png,99,59,Smoke,1692,575,1791,634
0799.png,50,128,Smoke,1431,424,1481,552
0799.png,76,118,Smoke,1773,302,1849,420
0799.png,55,80,Smoke,546,424,601,504
0799.png,23,113,Smoke,1214,467,1237,580
0799.png,57,57,Smoke,1773,313,1830,370
0800.png,80,48,Smoke,414,514,494,562
0800.png,170,67,Smoke,567,490,737,557
0800.png,109,179,Smoke,814,367,923,546
0800.png,111,233,Smoke,1019,319,1130,552
0800.png,32,158,Smoke,963,389,995,547
0800.png,29,218,Smoke,1163,355,1192,573
0800.png,124,174,Smoke,1252,379,1376,553
0800.png,174,109,Smoke,1746,450,1920,559
0800.png,76,250,Smoke,1615,394,1691,644
0800.png,99,59,Smoke,1692,575,1791,634
0800.png,50,128,Smoke,1431,424,1481,552
0800.png,76,118,Smoke,1773,302,1849,420
0800.png,55,80,Smoke,546,424,601,504
0800.png,23,113,Smoke,1214,467,1237,580
0800.png,57,57,Smoke,1773,313,1830,370
0801.png,80,48,Smoke,414,514,494,562
0801.png,170,67,Smoke,567,490,737,557
0801.png,109,179,Smoke,815,367,924,546
0801.png,111,233,Smoke,1019,321,1130,554
0801.png,32,158,Smoke,963,386,995,544
0801.png,29,218,Smoke,1163,355,1192,573
0801.png,124,174,Smoke,1251,379,1375,553
0801.png,174,109,Smoke,1746,450,1920,559
0801.png,76,250,Smoke,1615,394,1691,644
0801.png,99,59,Smoke,1690,576,1789,635
0801.png,50,128,Smoke,1431,425,1481,553
0801.png,76,118,Smoke,1773,302,1849,420
0801.png,55,80,Smoke,546,424,601,504
0801.png,23,113,Smoke,1214,468,1237,581
0801.png,57,57,Smoke,1773,313,1830,370
0801.png,55,80,Smoke,546,424,601,504
0801.png,23,113,Smoke,1214,468,1237,581
0802.png,80,48,Smoke,414,514,494,562
0802.png,170,67,Smoke,567,490,737,557
0802.png,109,179,Smoke,815,367,924,546
0802.png,111,233,Smoke,1019,321,1130,554
0802.png,32,158,Smoke,963,386,995,544
0802.png,29,218,Smoke,1163,355,1192,573
0802.png,124,174,Smoke,1251,379,1375,553
0802.png,174,109,Smoke,1746,450,1920,559
0802.png,76,250,Smoke,1615,394,1691,644
0802.png,99,59,Smoke,1690,576,1789,635
0802.png,50,128,Smoke,1431,425,1481,553
0802.png,76,118,Smoke,1773,302,1849,420
0802.png,57,57,Smoke,1773,313,1830,370
0802.png,55,80,Smoke,546,424,601,504
0802.png,23,113,Smoke,1214,468,1237,581
0803.png,80,48,Smoke,414,514,494,562
0803.png,170,67,Smoke,567,490,737,557
0803.png,109,179,Smoke,815,367,924,546
0803.png,111,233,Smoke,1019,322,1130,555
0803.png,32,158,Smoke,963,386,995,544
0803.png,29,218,Smoke,1163,355,1192,573
0803.png,124,174,Smoke,1251,379,1375,553
0803.png,174,109,Smoke,1746,450,1920,559
0803.png,76,250,Smoke,1615,394,1691,644
0803.png,99,59,Smoke,1690,575,1789,634
0803.png,50,128,Smoke,1431,425,1481,553
0803.png,76,118,Smoke,1773,302,1849,420
0803.png,57,57,Smoke,1773,313,1830,370
0804.png,80,48,Smoke,414,514,494,562
0804.png,170,67,Smoke,567,490,737,557
0804.png,107,179,Smoke,815,368,922,547
0804.png,111,233,Smoke,1019,322,1130,555
0804.png,32,158,Smoke,963,386,995,544
0804.png,29,218,Smoke,1163,355,1192,573
0804.png,124,174,Smoke,1251,379,1375,553
0804.png,174,109,Smoke,1746,450,1920,559
0804.png,76,250,Smoke,1615,394,1691,644
0804.png,99,59,Smoke,1690,575,1789,634
0804.png,50,128,Smoke,1431,425,1481,553
0804.png,76,118,Smoke,1773,302,1849,420
0804.png,55,80,Smoke,546,424,601,504
0804.png,23,113,Smoke,1214,467,1237,580
0804.png,57,57,Smoke,1773,313,1830,370
0805.png,80,48,Smoke,414,514,494,562
0805.png,170,67,Smoke,567,490,737,557
0805.png,107,179,Smoke,815,367,922,546
0805.png,111,233,Smoke,1019,321,1130,554
0805.png,32,158,Smoke,963,386,995,544
0805.png,29,218,Smoke,1163,355,1192,573
0805.png,124,174,Smoke,1251,379,1375,553
0805.png,174,109,Smoke,1746,450,1920,559
0805.png,76,250,Smoke,1615,394,1691,644
0805.png,99,59,Smoke,1691,578,1790,637
0805.png,50,128,Smoke,1431,425,1481,553
0805.png,76,118,Smoke,1773,302,1849,420
0805.png,55,80,Smoke,546,424,601,504
0805.png,23,113,Smoke,1214,468,1237,581
0805.png,57,57,Smoke,1773,313,1830,370
0806.png,80,48,Smoke,414,514,494,562
0806.png,170,67,Smoke,567,490,737,557
0806.png,107,179,Smoke,815,367,922,546
0806.png,111,233,Smoke,1019,319,1130,552
0806.png,32,158,Smoke,963,386,995,544
0806.png,29,218,Smoke,1163,355,1192,573
0806.png,124,174,Smoke,1251,379,1375,553
0806.png,174,109,Smoke,1746,450,1920,559
0806.png,76,250,Smoke,1615,394,1691,644
0806.png,99,59,Smoke,1690,576,1789,635
0806.png,50,128,Smoke,1431,425,1481,553
0806.png,76,118,Smoke,1773,301,1849,419
0806.png,55,80,Smoke,546,424,601,504
0806.png,23,113,Smoke,1214,468,1237,581
0806.png,57,57,Smoke,1773,313,1830,370
0807.png,80,48,Smoke,414,514,494,562
0807.png,170,67,Smoke,567,490,737,557
0807.png,107,179,Smoke,815,368,922,547
0807.png,111,233,Smoke,1019,321,1130,554
0807.png,32,158,Smoke,963,388,995,546
0807.png,29,218,Smoke,1163,355,1192,573
0807.png,124,174,Smoke,1251,379,1375,553
0807.png,174,109,Smoke,1746,451,1920,560
0807.png,76,250,Smoke,1614,394,1690,644
0807.png,99,59,Smoke,1690,576,1789,635
0807.png,50,128,Smoke,1431,426,1481,554
0807.png,76,118,Smoke,1772,302,1848,420
0807.png,55,80,Smoke,546,424,601,504
0807.png,23,113,Smoke,1214,468,1237,581
0807.png,57,57,Smoke,1773,313,1830,370
0808.png,80,48,Smoke,414,514,494,562
0808.png,170,67,Smoke,567,490,737,557
0808.png,107,179,Smoke,815,367,922,546
0808.png,111,233,Smoke,1019,320,1130,553
0808.png,32,158,Smoke,963,386,995,544
0808.png,29,218,Smoke,1163,355,1192,573
0808.png,124,174,Smoke,1251,379,1375,553
0808.png,174,109,Smoke,1746,450,1920,559
0808.png,76,250,Smoke,1614,393,1690,643
0808.png,99,59,Smoke,1690,576,1789,635
0808.png,50,128,Smoke,1431,425,1481,553
0808.png,76,118,Smoke,1772,302,1848,420
0808.png,55,80,Smoke,546,424,601,504
0808.png,23,113,Smoke,1214,469,1237,582
0808.png,57,57,Smoke,1773,313,1830,370
0809.png,80,48,Smoke,414,514,494,562
0809.png,170,67,Smoke,567,490,737,557
0809.png,107,179,Smoke,815,367,922,546
0809.png,111,233,Smoke,1019,320,1130,553
0809.png,32,158,Smoke,963,386,995,544
0809.png,29,218,Smoke,1163,355,1192,573
0809.png,124,174,Smoke,1251,379,1375,553
0809.png,174,109,Smoke,1746,450,1920,559
0809.png,76,250,Smoke,1615,394,1691,644
0809.png,99,59,Smoke,1690,575,1789,634
0809.png,50,128,Smoke,1431,425,1481,553
0809.png,76,118,Smoke,1772,302,1848,420
0809.png,55,80,Smoke,546,424,601,504
0809.png,23,113,Smoke,1214,468,1237,581
0809.png,57,57,Smoke,1773,313,1830,370
0810.png,80,48,Smoke,414,514,494,562
0810.png,170,67,Smoke,567,490,737,557
0810.png,107,179,Smoke,815,367,922,546
0810.png,111,233,Smoke,1020,321,1131,554
0810.png,32,158,Smoke,963,386,995,544
0810.png,29,218,Smoke,1163,355,1192,573
0810.png,124,174,Smoke,1251,379,1375,553
0810.png,174,109,Smoke,1746,450,1920,559
0810.png,76,250,Smoke,1615,394,1691,644
0810.png,99,59,Smoke,1690,575,1789,634
0810.png,50,128,Smoke,1432,425,1482,553
0810.png,76,118,Smoke,1772,302,1848,420
0810.png,55,80,Smoke,546,424,601,504
0810.png,23,113,Smoke,1214,468,1237,581
0810.png,57,57,Smoke,1773,313,1830,370
0811.png,80,48,Smoke,414,514,494,562
0811.png,170,67,Smoke,567,490,737,557
0811.png,107,179,Smoke,815,368,922,547
0811.png,111,233,Smoke,1020,321,1131,554
0811.png,32,158,Smoke,963,386,995,544
0811.png,29,218,Smoke,1163,355,1192,573
0811.png,124,174,Smoke,1251,379,1375,553
0811.png,174,109,Smoke,1746,450,1920,559
0811.png,76,250,Smoke,1615,394,1691,644
0811.png,99,59,Smoke,1689,577,1788,636
0811.png,50,128,Smoke,1431,426,1481,554
0811.png,76,118,Smoke,1772,302,1848,420
0811.png,55,80,Smoke,546,424,601,504
0811.png,23,113,Smoke,1214,468,1237,581
0811.png,57,57,Smoke,1773,313,1830,370
0811.png,55,80,Smoke,546,424,601,504
0811.png,23,113,Smoke,1214,468,1237,581
0812.png,80,48,Smoke,414,514,494,562
0812.png,170,67,Smoke,567,490,737,557
0812.png,107,179,Smoke,815,369,922,548
0812.png,111,233,Smoke,1019,321,1130,554
0812.png,32,158,Smoke,963,386,995,544
0812.png,29,218,Smoke,1163,355,1192,573
0812.png,124,174,Smoke,1251,379,1375,553
0812.png,174,109,Smoke,1746,450,1920,559
0812.png,76,250,Smoke,1615,394,1691,644
0812.png,99,59,Smoke,1689,577,1788,636
0812.png,50,128,Smoke,1431,426,1481,554
0812.png,76,118,Smoke,1772,302,1848,420
0812.png,57,57,Smoke,1773,313,1830,370
0812.png,55,80,Smoke,546,424,601,504
0812.png,23,113,Smoke,1214,469,1237,582
0813.png,80,48,Smoke,414,514,494,562
0813.png,170,67,Smoke,567,490,737,557
0813.png,107,179,Smoke,815,368,922,547
0813.png,111,233,Smoke,1020,321,1131,554
0813.png,32,158,Smoke,963,386,995,544
0813.png,29,218,Smoke,1163,355,1192,573
0813.png,124,174,Smoke,1251,379,1375,553
0813.png,174,109,Smoke,1746,450,1920,559
0813.png,76,250,Smoke,1615,394,1691,644
0813.png,99,59,Smoke,1689,577,1788,636
0813.png,50,128,Smoke,1431,426,1481,554
0813.png,76,118,Smoke,1772,302,1848,420
0813.png,57,57,Smoke,1773,313,1830,370
0814.png,80,48,Smoke,414,514,494,562
0814.png,170,67,Smoke,567,490,737,557
0814.png,107,179,Smoke,816,369,923,548
0814.png,111,233,Smoke,1020,321,1131,554
0814.png,32,158,Smoke,963,386,995,544
0814.png,29,218,Smoke,1163,355,1192,573
0814.png,124,174,Smoke,1251,379,1375,553
0814.png,174,109,Smoke,1746,450,1920,559
0814.png,76,250,Smoke,1615,394,1691,644
0814.png,99,59,Smoke,1689,577,1788,636
0814.png,50,128,Smoke,1431,426,1481,554
0814.png,76,118,Smoke,1772,302,1848,420
0814.png,55,80,Smoke,546,424,601,504
0814.png,23,113,Smoke,1214,468,1237,581
0814.png,57,57,Smoke,1773,313,1830,370
0815.png,80,48,Smoke,414,514,494,562
0815.png,170,67,Smoke,567,490,737,557
0815.png,107,179,Smoke,816,369,923,548
0815.png,111,233,Smoke,1020,321,1131,554
0815.png,32,158,Smoke,963,386,995,544
0815.png,29,218,Smoke,1163,355,1192,573
0815.png,124,174,Smoke,1251,379,1375,553
0815.png,174,109,Smoke,1746,450,1920,559
0815.png,76,250,Smoke,1615,394,1691,644
0815.png,99,59,Smoke,1689,577,1788,636
0815.png,50,128,Smoke,1431,426,1481,554
0815.png,76,118,Smoke,1772,302,1848,420
0815.png,55,80,Smoke,546,424,601,504
0815.png,23,113,Smoke,1214,469,1237,582
0815.png,57,57,Smoke,1773,313,1830,370
0816.png,80,48,Smoke,414,514,494,562
0816.png,170,67,Smoke,567,490,737,557
0816.png,107,179,Smoke,816,369,923,548
0816.png,111,233,Smoke,1020,321,1131,554
0816.png,32,158,Smoke,963,386,995,544
0816.png,29,218,Smoke,1163,355,1192,573
0816.png,124,174,Smoke,1251,379,1375,553
0816.png,174,109,Smoke,1746,450,1920,559
0816.png,76,250,Smoke,1615,394,1691,644
0816.png,99,59,Smoke,1689,577,1788,636
0816.png,50,128,Smoke,1431,426,1481,554
0816.png,76,118,Smoke,1772,302,1848,420
0816.png,55,80,Smoke,546,424,601,504
0816.png,23,113,Smoke,1214,469,1237,582
0816.png,57,57,Smoke,1773,313,1830,370
0817.png,80,48,Smoke,414,514,494,562
0817.png,170,67,Smoke,567,490,737,557
0817.png,107,179,Smoke,816,369,923,548
0817.png,111,233,Smoke,1019,321,1130,554
0817.png,32,158,Smoke,963,386,995,544
0817.png,29,218,Smoke,1163,355,1192,573
0817.png,124,174,Smoke,1251,379,1375,553
0817.png,174,109,Smoke,1746,450,1920,559
0817.png,76,250,Smoke,1615,394,1691,644
0817.png,99,59,Smoke,1689,577,1788,636
0817.png,50,128,Smoke,1431,426,1481,554
0817.png,76,118,Smoke,1772,302,1848,420
0817.png,55,80,Smoke,546,424,601,504
0817.png,23,113,Smoke,1214,469,1237,582
0817.png,57,57,Smoke,1773,313,1830,370
0818.png,80,48,Smoke,414,514,494,562
0818.png,170,67,Smoke,567,490,737,557
0818.png,107,179,Smoke,816,369,923,548
0818.png,111,233,Smoke,1019,321,1130,554
0818.png,32,158,Smoke,963,386,995,544
0818.png,29,218,Smoke,1163,355,1192,573
0818.png,124,174,Smoke,1251,379,1375,553
0818.png,174,109,Smoke,1746,450,1920,559
0818.png,76,250,Smoke,1615,394,1691,644
0818.png,99,59,Smoke,1689,577,1788,636
0818.png,50,128,Smoke,1431,425,1481,553
0818.png,76,118,Smoke,1772,302,1848,420
0818.png,55,80,Smoke,546,424,601,504
0818.png,23,113,Smoke,1214,468,1237,581
0818.png,57,57,Smoke,1773,313,1830,370
0819.png,80,48,Smoke,414,514,494,562
0819.png,170,67,Smoke,567,491,737,558
0819.png,107,179,Smoke,816,369,923,548
0819.png,111,233,Smoke,1019,321,1130,554
0819.png,32,158,Smoke,963,386,995,544
0819.png,29,218,Smoke,1163,355,1192,573
0819.png,124,174,Smoke,1251,379,1375,553
0819.png,174,109,Smoke,1746,450,1920,559
0819.png,76,250,Smoke,1615,394,1691,644
0819.png,99,59,Smoke,1689,577,1788,636
0819.png,50,128,Smoke,1431,426,1481,554
0819.png,76,118,Smoke,1772,302,1848,420
0819.png,55,80,Smoke,546,424,601,504
0819.png,23,113,Smoke,1214,468,1237,581
0819.png,57,57,Smoke,1773,313,1830,370
0820.png,80,48,Smoke,414,514,494,562
0820.png,170,67,Smoke,567,490,737,557
0820.png,107,179,Smoke,816,369,923,548
0820.png,111,233,Smoke,1019,321,1130,554
0820.png,32,158,Smoke,963,386,995,544
0820.png,29,218,Smoke,1163,355,1192,573
0820.png,124,174,Smoke,1251,379,1375,553
0820.png,174,109,Smoke,1746,450,1920,559
0820.png,76,250,Smoke,1615,394,1691,644
0820.png,99,59,Smoke,1689,577,1788,636
0820.png,50,128,Smoke,1431,426,1481,554
0820.png,76,118,Smoke,1772,302,1848,420
0820.png,55,80,Smoke,546,424,601,504
0820.png,23,113,Smoke,1214,468,1237,581
0820.png,57,57,Smoke,1773,313,1830,370
0821.png,80,48,Smoke,414,514,494,562
0821.png,170,67,Smoke,567,490,737,557
0821.png,107,179,Smoke,816,369,923,548
0821.png,111,233,Smoke,1019,321,1130,554
0821.png,32,158,Smoke,963,386,995,544
0821.png,29,218,Smoke,1163,355,1192,573
0821.png,124,174,Smoke,1251,379,1375,553
0821.png,174,109,Smoke,1746,450,1920,559
0821.png,76,250,Smoke,1615,394,1691,644
0821.png,99,59,Smoke,1689,577,1788,636
0821.png,50,128,Smoke,1431,426,1481,554
0821.png,76,118,Smoke,1772,302,1848,420
0821.png,55,80,Smoke,546,424,601,504
0821.png,23,113,Smoke,1214,468,1237,581
0821.png,57,57,Smoke,1773,313,1830,370
0821.png,55,80,Smoke,546,424,601,504
0821.png,23,113,Smoke,1214,468,1237,581
0822.png,80,48,Smoke,414,514,494,562
0822.png,170,67,Smoke,567,490,737,557
0822.png,107,179,Smoke,815,369,922,548
0822.png,111,233,Smoke,1019,321,1130,554
0822.png,32,158,Smoke,963,386,995,544
0822.png,29,218,Smoke,1163,355,1192,573
0822.png,124,174,Smoke,1251,379,1375,553
0822.png,174,109,Smoke,1746,450,1920,559
0822.png,76,250,Smoke,1615,394,1691,644
0822.png,99,59,Smoke,1689,577,1788,636
0822.png,50,128,Smoke,1431,426,1481,554
0822.png,76,118,Smoke,1772,302,1848,420
0822.png,57,57,Smoke,1773,313,1830,370
0822.png,55,80,Smoke,546,424,601,504
0822.png,23,113,Smoke,1214,469,1237,582
0823.png,80,48,Smoke,414,514,494,562
0823.png,170,67,Smoke,567,490,737,557
0823.png,107,179,Smoke,817,369,924,548
0823.png,111,233,Smoke,1019,321,1130,554
0823.png,32,158,Smoke,963,386,995,544
0823.png,29,218,Smoke,1163,355,1192,573
0823.png,124,174,Smoke,1251,379,1375,553
0823.png,174,109,Smoke,1746,450,1920,559
0823.png,76,250,Smoke,1615,394,1691,644
0823.png,99,59,Smoke,1689,577,1788,636
0823.png,50,128,Smoke,1431,426,1481,554
0823.png,76,118,Smoke,1772,302,1848,420
0823.png,57,57,Smoke,1773,313,1830,370
0824.png,80,48,Smoke,414,514,494,562
0824.png,170,67,Smoke,567,491,737,558
0824.png,107,179,Smoke,817,369,924,548
0824.png,111,233,Smoke,1019,321,1130,554
0824.png,32,158,Smoke,963,386,995,544
0824.png,29,218,Smoke,1163,355,1192,573
0824.png,124,174,Smoke,1251,379,1375,553
0824.png,174,109,Smoke,1746,450,1920,559
0824.png,76,250,Smoke,1615,394,1691,644
0824.png,99,59,Smoke,1689,577,1788,636
0824.png,50,128,Smoke,1431,426,1481,554
0824.png,76,118,Smoke,1771,302,1847,420
0824.png,55,80,Smoke,546,424,601,504
0824.png,23,113,Smoke,1214,470,1237,583
0824.png,57,57,Smoke,1773,313,1830,370
0825.png,80,48,Smoke,414,514,494,562
0825.png,170,67,Smoke,567,490,737,557
0825.png,107,179,Smoke,817,369,924,548
0825.png,111,233,Smoke,1019,321,1130,554
0825.png,32,158,Smoke,963,386,995,544
0825.png,29,218,Smoke,1163,355,1192,573
0825.png,124,174,Smoke,1251,379,1375,553
0825.png,174,109,Smoke,1746,450,1920,559
0825.png,76,250,Smoke,1615,394,1691,644
0825.png,99,59,Smoke,1689,577,1788,636
0825.png,50,128,Smoke,1431,426,1481,554
0825.png,76,118,Smoke,1771,302,1847,420
0825.png,55,80,Smoke,546,424,601,504
0825.png,23,113,Smoke,1214,469,1237,582
0825.png,57,57,Smoke,1773,313,1830,370
0826.png,80,48,Smoke,414,514,494,562
0826.png,170,67,Smoke,567,490,737,557
0826.png,107,179,Smoke,815,369,922,548
0826.png,111,233,Smoke,1019,321,1130,554
0826.png,32,158,Smoke,963,386,995,544
0826.png,29,218,Smoke,1163,355,1192,573
0826.png,124,174,Smoke,1251,379,1375,553
0826.png,174,109,Smoke,1746,450,1920,559
0826.png,76,250,Smoke,1615,394,1691,644
0826.png,99,59,Smoke,1690,577,1789,636
0826.png,50,128,Smoke,1431,426,1481,554
0826.png,76,118,Smoke,1771,302,1847,420
0826.png,55,80,Smoke,546,424,601,504
0826.png,23,113,Smoke,1214,469,1237,582
0826.png,57,57,Smoke,1773,313,1830,370
0827.png,80,48,Smoke,414,514,494,562
0827.png,170,67,Smoke,567,490,737,557
0827.png,107,179,Smoke,815,369,922,548
0827.png,111,233,Smoke,1019,321,1130,554
0827.png,32,158,Smoke,963,386,995,544
0827.png,29,218,Smoke,1163,355,1192,573
0827.png,124,174,Smoke,1251,379,1375,553
0827.png,174,109,Smoke,1746,450,1920,559
0827.png,76,250,Smoke,1615,394,1691,644
0827.png,99,59,Smoke,1690,577,1789,636
0827.png,50,128,Smoke,1431,425,1481,553
0827.png,76,118,Smoke,1771,302,1847,420
0827.png,55,80,Smoke,546,424,601,504
0827.png,23,113,Smoke,1214,469,1237,582
0827.png,57,57,Smoke,1773,313,1830,370
0828.png,80,48,Smoke,414,514,494,562
0828.png,170,67,Smoke,567,490,737,557
0828.png,107,179,Smoke,815,369,922,548
0828.png,111,233,Smoke,1019,321,1130,554
0828.png,32,158,Smoke,963,386,995,544
0828.png,29,218,Smoke,1163,355,1192,573
0828.png,124,174,Smoke,1251,379,1375,553
0828.png,174,109,Smoke,1746,450,1920,559
0828.png,76,250,Smoke,1615,394,1691,644
0828.png,99,59,Smoke,1689,577,1788,636
0828.png,50,128,Smoke,1431,426,1481,554
0828.png,76,118,Smoke,1772,301,1848,419
0828.png,55,80,Smoke,546,424,601,504
0828.png,23,113,Smoke,1214,469,1237,582
0828.png,57,57,Smoke,1773,313,1830,370
0829.png,80,48,Smoke,414,514,494,562
0829.png,170,67,Smoke,566,491,736,558
0829.png,107,179,Smoke,815,369,922,548
0829.png,111,233,Smoke,1019,321,1130,554
0829.png,32,158,Smoke,963,386,995,544
0829.png,29,218,Smoke,1163,355,1192,573
0829.png,124,174,Smoke,1251,379,1375,553
0829.png,174,109,Smoke,1746,450,1920,559
0829.png,76,250,Smoke,1614,394,1690,644
0829.png,99,59,Smoke,1689,577,1788,636
0829.png,50,128,Smoke,1431,426,1481,554
0829.png,76,118,Smoke,1772,301,1848,419
0829.png,55,80,Smoke,546,424,601,504
0829.png,23,113,Smoke,1214,469,1237,582
0829.png,57,57,Smoke,1773,313,1830,370
0830.png,80,48,Smoke,414,514,494,562
0830.png,170,67,Smoke,567,490,737,557
0830.png,107,179,Smoke,815,369,922,548
0830.png,111,233,Smoke,1019,321,1130,554
0830.png,32,158,Smoke,963,386,995,544
0830.png,29,218,Smoke,1163,355,1192,573
0830.png,124,174,Smoke,1251,379,1375,553
0830.png,174,109,Smoke,1746,450,1920,559
0830.png,76,250,Smoke,1615,393,1691,643
0830.png,99,59,Smoke,1689,577,1788,636
0830.png,50,128,Smoke,1431,426,1481,554
0830.png,76,118,Smoke,1772,301,1848,419
0830.png,55,80,Smoke,546,424,601,504
0830.png,23,113,Smoke,1214,469,1237,582
0830.png,57,57,Smoke,1773,313,1830,370
0831.png,80,48,Smoke,414,514,494,562
0831.png,170,67,Smoke,567,490,737,557
0831.png,107,179,Smoke,815,369,922,548
0831.png,111,233,Smoke,1019,321,1130,554
0831.png,32,158,Smoke,963,386,995,544
0831.png,29,218,Smoke,1163,355,1192,573
0831.png,124,174,Smoke,1251,379,1375,553
0831.png,174,109,Smoke,1746,450,1920,559
0831.png,76,250,Smoke,1616,394,1692,644
0831.png,99,59,Smoke,1690,577,1789,636
0831.png,50,128,Smoke,1431,426,1481,554
0831.png,76,118,Smoke,1771,302,1847,420
0831.png,55,80,Smoke,546,424,601,504
0831.png,23,113,Smoke,1214,470,1237,583
0831.png,57,57,Smoke,1773,313,1830,370
0831.png,55,80,Smoke,546,424,601,504
0831.png,23,113,Smoke,1214,469,1237,582
0832.png,80,48,Smoke,414,514,494,562
0832.png,170,67,Smoke,567,490,737,557
0832.png,107,179,Smoke,815,369,922,548
0832.png,111,233,Smoke,1019,321,1130,554
0832.png,32,158,Smoke,963,386,995,544
0832.png,29,218,Smoke,1163,355,1192,573
0832.png,124,174,Smoke,1251,379,1375,553
0832.png,174,109,Smoke,1746,449,1920,558
0832.png,76,250,Smoke,1616,394,1692,644
0832.png,99,59,Smoke,1690,577,1789,636
0832.png,50,128,Smoke,1431,426,1481,554
0832.png,76,118,Smoke,1771,302,1847,420
0832.png,57,57,Smoke,1773,313,1830,370
0832.png,55,80,Smoke,546,424,601,504
0832.png,23,113,Smoke,1214,469,1237,582
0833.png,80,48,Smoke,414,514,494,562
0833.png,170,67,Smoke,567,490,737,557
0833.png,107,179,Smoke,815,369,922,548
0833.png,111,233,Smoke,1019,321,1130,554
0833.png,32,158,Smoke,963,386,995,544
0833.png,29,218,Smoke,1163,355,1192,573
0833.png,124,174,Smoke,1251,379,1375,553
0833.png,174,109,Smoke,1746,450,1920,559
0833.png,76,250,Smoke,1616,394,1692,644
0833.png,99,59,Smoke,1690,576,1789,635
0833.png,50,128,Smoke,1431,426,1481,554
0833.png,76,118,Smoke,1771,302,1847,420
0833.png,57,57,Smoke,1773,313,1830,370
0834.png,80,48,Smoke,414,514,494,562
0834.png,170,67,Smoke,567,490,737,557
0834.png,107,179,Smoke,815,369,922,548
0834.png,111,233,Smoke,1019,321,1130,554
0834.png,32,158,Smoke,963,386,995,544
0834.png,29,218,Smoke,1163,355,1192,573
0834.png,124,174,Smoke,1251,379,1375,553
0834.png,174,109,Smoke,1746,450,1920,559
0834.png,76,250,Smoke,1616,394,1692,644
0834.png,99,59,Smoke,1690,576,1789,635
0834.png,50,128,Smoke,1431,426,1481,554
0834.png,76,118,Smoke,1771,302,1847,420
0834.png,55,80,Smoke,546,424,601,504
0834.png,23,113,Smoke,1214,468,1237,581
0834.png,57,57,Smoke,1773,313,1830,370
0835.png,80,48,Smoke,414,514,494,562
0835.png,170,67,Smoke,567,490,737,557
0835.png,107,179,Smoke,815,368,922,547
0835.png,111,233,Smoke,1019,321,1130,554
0835.png,32,158,Smoke,963,386,995,544
0835.png,29,218,Smoke,1163,355,1192,573
0835.png,124,174,Smoke,1251,379,1375,553
0835.png,174,109,Smoke,1746,450,1920,559
0835.png,76,250,Smoke,1616,394,1692,644
0835.png,99,59,Smoke,1690,578,1789,637
0835.png,50,128,Smoke,1431,426,1481,554
0835.png,76,118,Smoke,1771,302,1847,420
0835.png,55,80,Smoke,546,424,601,504
0835.png,23,113,Smoke,1214,469,1237,582
0835.png,57,57,Smoke,1773,313,1830,370
0836.png,80,48,Smoke,414,514,494,562
0836.png,170,67,Smoke,567,490,737,557
0836.png,107,179,Smoke,815,369,922,548
0836.png,111,233,Smoke,1019,321,1130,554
0836.png,32,158,Smoke,963,386,995,544
0836.png,29,218,Smoke,1163,355,1192,573
0836.png,124,174,Smoke,1251,379,1375,553
0836.png,174,109,Smoke,1746,450,1920,559
0836.png,76,250,Smoke,1614,392,1690,642
0836.png,99,59,Smoke,1690,577,1789,636
0836.png,50,128,Smoke,1431,426,1481,554
0836.png,76,118,Smoke,1771,302,1847,420
0836.png,55,80,Smoke,546,424,601,504
0836.png,23,113,Smoke,1214,468,1237,581
0836.png,57,57,Smoke,1773,313,1830,370
0837.png,80,48,Smoke,414,514,494,562
0837.png,170,67,Smoke,567,490,737,557
0837.png,107,179,Smoke,815,369,922,548
0837.png,111,233,Smoke,1019,321,1130,554
0837.png,32,158,Smoke,963,386,995,544
0837.png,29,218,Smoke,1163,355,1192,573
0837.png,124,174,Smoke,1251,379,1375,553
0837.png,174,109,Smoke,1746,450,1920,559
0837.png,76,250,Smoke,1614,393,1690,643
0837.png,99,59,Smoke,1689,577,1788,636
0837.png,50,128,Smoke,1431,426,1481,554
0837.png,76,118,Smoke,1771,302,1847,420
0837.png,55,80,Smoke,546,424,601,504
0837.png,23,113,Smoke,1214,468,1237,581
0837.png,57,57,Smoke,1773,313,1830,370
0838.png,80,48,Smoke,414,514,494,562
0838.png,170,67,Smoke,567,490,737,557
0838.png,107,179,Smoke,815,369,922,548
0838.png,111,233,Smoke,1019,321,1130,554
0838.png,32,158,Smoke,963,386,995,544
0838.png,29,218,Smoke,1163,355,1192,573
0838.png,124,174,Smoke,1251,379,1375,553
0838.png,174,109,Smoke,1746,450,1920,559
0838.png,76,250,Smoke,1615,392,1691,642
0838.png,99,59,Smoke,1690,577,1789,636
0838.png,50,128,Smoke,1431,426,1481,554
0838.png,76,118,Smoke,1771,317,1847,435
0838.png,55,80,Smoke,546,424,601,504
0838.png,23,113,Smoke,1214,469,1237,582
0838.png,57,57,Smoke,1773,313,1830,370
0839.png,80,48,Smoke,414,514,494,562
0839.png,170,67,Smoke,567,490,737,557
0839.png,107,179,Smoke,815,368,922,547
0839.png,111,233,Smoke,1019,321,1130,554
0839.png,32,158,Smoke,963,386,995,544
0839.png,29,218,Smoke,1163,355,1192,573
0839.png,124,174,Smoke,1251,379,1375,553
0839.png,174,109,Smoke,1746,450,1920,559
0839.png,76,250,Smoke,1615,392,1691,642
0839.png,99,59,Smoke,1690,577,1789,636
0839.png,50,128,Smoke,1431,427,1481,555
0839.png,76,118,Smoke,1771,317,1847,435
0839.png,55,80,Smoke,546,424,601,504
0839.png,23,113,Smoke,1214,469,1237,582
0839.png,57,57,Smoke,1773,313,1830,370
0840.png,80,48,Smoke,414,514,494,562
0840.png,170,67,Smoke,567,490,737,557
0840.png,107,179,Smoke,815,369,922,548
0840.png,111,233,Smoke,1019,321,1130,554
0840.png,32,158,Smoke,963,386,995,544
0840.png,29,218,Smoke,1163,355,1192,573
0840.png,124,174,Smoke,1251,379,1375,553
0840.png,174,109,Smoke,1746,450,1920,559
0840.png,76,250,Smoke,1614,391,1690,641
0840.png,99,59,Smoke,1690,577,1789,636
0840.png,50,128,Smoke,1431,426,1481,554
0840.png,76,118,Smoke,1771,316,1847,434
0840.png,55,80,Smoke,546,424,601,504
0840.png,23,113,Smoke,1214,470,1237,583
0840.png,57,57,Smoke,1773,313,1830,370
0841.png,80,48,Smoke,414,514,494,562
0841.png,170,67,Smoke,567,490,737,557
0841.png,107,179,Smoke,815,369,922,548
0841.png,111,233,Smoke,1019,320,1130,553
0841.png,32,158,Smoke,963,386,995,544
0841.png,29,218,Smoke,1163,355,1192,573
0841.png,124,174,Smoke,1251,379,1375,553
0841.png,174,109,Smoke,1746,450,1920,559
0841.png,76,250,Smoke,1615,392,1691,642
0841.png,99,59,Smoke,1690,577,1789,636
0841.png,50,128,Smoke,1431,427,1481,555
0841.png,76,118,Smoke,1771,317,1847,435
0841.png,55,80,Smoke,546,424,601,504
0841.png,23,113,Smoke,1214,470,1237,583
0841.png,57,57,Smoke,1773,313,1830,370
0841.png,55,80,Smoke,546,424,601,504
0841.png,23,113,Smoke,1214,471,1237,584
0842.png,80,48,Smoke,414,514,494,562
0842.png,170,67,Smoke,567,490,737,557
0842.png,107,179,Smoke,815,369,922,548
0842.png,111,233,Smoke,1019,320,1130,553
0842.png,32,158,Smoke,963,386,995,544
0842.png,29,218,Smoke,1163,355,1192,573
0842.png,124,174,Smoke,1251,379,1375,553
0842.png,174,109,Smoke,1746,450,1920,559
0842.png,76,250,Smoke,1615,392,1691,642
0842.png,99,59,Smoke,1690,577,1789,636
0842.png,50,128,Smoke,1431,427,1481,555
0842.png,76,118,Smoke,1771,317,1847,435
0842.png,57,57,Smoke,1773,313,1830,370
0842.png,55,80,Smoke,546,424,601,504
0842.png,23,113,Smoke,1214,469,1237,582
0843.png,80,48,Smoke,414,514,494,562
0843.png,170,67,Smoke,567,490,737,557
0843.png,107,179,Smoke,815,369,922,548
0843.png,111,233,Smoke,1019,320,1130,553
0843.png,32,158,Smoke,963,386,995,544
0843.png,29,218,Smoke,1163,355,1192,573
0843.png,124,174,Smoke,1251,379,1375,553
0843.png,174,109,Smoke,1746,450,1920,559
0843.png,76,250,Smoke,1615,392,1691,642
0843.png,99,59,Smoke,1690,577,1789,636
0843.png,50,128,Smoke,1431,427,1481,555
0843.png,76,118,Smoke,1771,317,1847,435
0843.png,57,57,Smoke,1773,313,1830,370
0844.png,80,48,Smoke,414,514,494,562
0844.png,170,67,Smoke,567,490,737,557
0844.png,107,179,Smoke,815,369,922,548
0844.png,111,233,Smoke,1019,320,1130,553
0844.png,32,158,Smoke,963,386,995,544
0844.png,29,218,Smoke,1163,355,1192,573
0844.png,124,174,Smoke,1251,379,1375,553
0844.png,174,109,Smoke,1746,451,1920,560
0844.png,76,250,Smoke,1615,392,1691,642
0844.png,99,59,Smoke,1690,577,1789,636
0844.png,50,128,Smoke,1431,427,1481,555
0844.png,76,118,Smoke,1771,317,1847,435
0844.png,55,80,Smoke,546,424,601,504
0844.png,23,113,Smoke,1214,468,1237,581
0844.png,57,57,Smoke,1773,313,1830,370
0845.png,80,48,Smoke,414,514,494,562
0845.png,170,67,Smoke,567,490,737,557
0845.png,107,179,Smoke,815,369,922,548
0845.png,111,233,Smoke,1019,320,1130,553
0845.png,32,158,Smoke,963,386,995,544
0845.png,29,218,Smoke,1163,355,1192,573
0845.png,124,174,Smoke,1251,379,1375,553
0845.png,174,109,Smoke,1746,451,1920,560
0845.png,76,250,Smoke,1615,392,1691,642
0845.png,99,59,Smoke,1690,577,1789,636
0845.png,50,128,Smoke,1431,427,1481,555
0845.png,76,118,Smoke,1771,317,1847,435
0845.png,55,80,Smoke,546,424,601,504
0845.png,23,113,Smoke,1214,469,1237,582
0845.png,57,57,Smoke,1773,313,1830,370
0846.png,80,48,Smoke,414,514,494,562
0846.png,170,67,Smoke,567,490,737,557
0846.png,107,179,Smoke,815,369,922,548
0846.png,111,233,Smoke,1019,320,1130,553
0846.png,32,158,Smoke,963,386,995,544
0846.png,29,218,Smoke,1163,355,1192,573
0846.png,124,174,Smoke,1251,379,1375,553
0846.png,174,109,Smoke,1746,451,1920,560
0846.png,76,250,Smoke,1615,392,1691,642
0846.png,99,59,Smoke,1690,577,1789,636
0846.png,50,128,Smoke,1431,427,1481,555
0846.png,76,118,Smoke,1771,317,1847,435
0846.png,55,80,Smoke,546,424,601,504
0846.png,23,113,Smoke,1214,469,1237,582
0846.png,57,57,Smoke,1773,313,1830,370
0847.png,80,48,Smoke,414,514,494,562
0847.png,170,67,Smoke,567,490,737,557
0847.png,107,179,Smoke,815,369,922,548
0847.png,111,233,Smoke,1019,320,1130,553
0847.png,32,158,Smoke,963,386,995,544
0847.png,29,218,Smoke,1163,355,1192,573
0847.png,124,174,Smoke,1251,379,1375,553
0847.png,174,109,Smoke,1746,451,1920,560
0847.png,76,250,Smoke,1613,391,1689,641
0847.png,99,59,Smoke,1689,577,1788,636
0847.png,50,128,Smoke,1431,427,1481,555
0847.png,76,118,Smoke,1771,317,1847,435
0847.png,55,80,Smoke,546,424,601,504
0847.png,23,113,Smoke,1214,469,1237,582
0847.png,57,57,Smoke,1773,313,1830,370
0848.png,80,48,Smoke,414,514,494,562
0848.png,170,90,Smoke,567,466,737,556
0848.png,107,179,Smoke,815,369,922,548
0848.png,111,233,Smoke,1019,319,1130,552
0848.png,32,158,Smoke,963,386,995,544
0848.png,29,218,Smoke,1163,355,1192,573
0848.png,124,174,Smoke,1251,379,1375,553
0848.png,174,109,Smoke,1746,450,1920,559
0848.png,76,250,Smoke,1615,392,1691,642
0848.png,99,59,Smoke,1689,577,1788,636
0848.png,50,128,Smoke,1431,427,1481,555
0848.png,76,118,Smoke,1771,317,1847,435
0848.png,55,80,Smoke,546,424,601,504
0848.png,23,113,Smoke,1214,469,1237,582
0848.png,57,57,Smoke,1773,313,1830,370
0849.png,80,48,Smoke,414,514,494,562
0849.png,170,90,Smoke,567,466,737,556
0849.png,107,179,Smoke,815,369,922,548
0849.png,111,233,Smoke,1020,320,1131,553
0849.png,32,158,Smoke,963,386,995,544
0849.png,29,218,Smoke,1163,355,1192,573
0849.png,124,174,Smoke,1251,379,1375,553
0849.png,174,109,Smoke,1746,450,1920,559
0849.png,76,250,Smoke,1615,392,1691,642
0849.png,99,59,Smoke,1689,577,1788,636
0849.png,50,128,Smoke,1431,426,1481,554
0849.png,76,118,Smoke,1771,317,1847,435
0849.png,55,80,Smoke,546,424,601,504
0849.png,23,113,Smoke,1214,469,1237,582
0849.png,57,57,Smoke,1773,313,1830,370
0850.png,80,48,Smoke,414,514,494,562
0850.png,170,90,Smoke,567,466,737,556
0850.png,107,179,Smoke,815,369,922,548
0850.png,111,233,Smoke,1020,317,1131,550
0850.png,32,158,Smoke,963,386,995,544
0850.png,29,218,Smoke,1163,355,1192,573
0850.png,124,174,Smoke,1251,379,1375,553
0850.png,174,109,Smoke,1746,451,1920,560
0850.png,76,250,Smoke,1615,392,1691,642
0850.png,99,59,Smoke,1689,577,1788,636
0850.png,50,128,Smoke,1431,426,1481,554
0850.png,76,118,Smoke,1771,317,1847,435
0850.png,55,80,Smoke,546,424,601,504
0850.png,23,113,Smoke,1214,469,1237,582
0850.png,57,57,Smoke,1773,313,1830,370
0851.png,80,48,Smoke,414,514,494,562
0851.png,170,90,Smoke,567,466,737,556
0851.png,107,179,Smoke,815,369,922,548
0851.png,111,233,Smoke,1020,318,1131,551
0851.png,32,158,Smoke,963,386,995,544
0851.png,29,218,Smoke,1163,355,1192,573
0851.png,124,174,Smoke,1251,379,1375,553
0851.png,174,109,Smoke,1746,451,1920,560
0851.png,76,250,Smoke,1615,392,1691,642
0851.png,99,59,Smoke,1689,577,1788,636
0851.png,50,128,Smoke,1431,426,1481,554
0851.png,76,118,Smoke,1771,317,1847,435
0851.png,55,80,Smoke,546,424,601,504
0851.png,23,113,Smoke,1214,470,1237,583
0851.png,57,57,Smoke,1773,313,1830,370
0851.png,55,80,Smoke,546,424,601,504
0851.png,23,113,Smoke,1214,470,1237,583
0852.png,80,48,Smoke,414,514,494,562
0852.png,170,90,Smoke,567,466,737,556
0852.png,107,179,Smoke,815,369,922,548
0852.png,111,233,Smoke,1020,318,1131,551
0852.png,32,158,Smoke,963,386,995,544
0852.png,29,218,Smoke,1163,355,1192,573
0852.png,124,174,Smoke,1251,379,1375,553
0852.png,174,109,Smoke,1746,451,1920,560
0852.png,76,250,Smoke,1615,392,1691,642
0852.png,99,59,Smoke,1689,577,1788,636
0852.png,50,128,Smoke,1431,426,1481,554
0852.png,76,118,Smoke,1771,317,1847,435
0852.png,57,57,Smoke,1773,313,1830,370
0852.png,55,80,Smoke,546,424,601,504
0852.png,23,113,Smoke,1214,470,1237,583
0853.png,80,48,Smoke,414,514,494,562
0853.png,170,90,Smoke,567,466,737,556
0853.png,107,179,Smoke,815,369,922,548
0853.png,111,233,Smoke,1020,318,1131,551
0853.png,32,158,Smoke,963,387,995,545
0853.png,29,218,Smoke,1163,355,1192,573
0853.png,124,174,Smoke,1251,379,1375,553
0853.png,174,109,Smoke,1746,451,1920,560
0853.png,76,250,Smoke,1615,392,1691,642
0853.png,99,59,Smoke,1689,577,1788,636
0853.png,50,128,Smoke,1431,426,1481,554
0853.png,76,118,Smoke,1771,317,1847,435
0853.png,57,57,Smoke,1773,313,1830,370
0854.png,80,48,Smoke,414,514,494,562
0854.png,170,90,Smoke,567,466,737,556
0854.png,107,179,Smoke,814,369,921,548
0854.png,111,233,Smoke,1020,318,1131,551
0854.png,32,158,Smoke,963,386,995,544
0854.png,29,218,Smoke,1163,355,1192,573
0854.png,124,174,Smoke,1251,379,1375,553
0854.png,174,109,Smoke,1746,452,1920,561
0854.png,76,250,Smoke,1615,392,1691,642
0854.png,99,59,Smoke,1689,577,1788,636
0854.png,50,128,Smoke,1431,426,1481,554
0854.png,76,118,Smoke,1771,317,1847,435
0854.png,55,80,Smoke,546,424,601,504
0854.png,23,113,Smoke,1214,470,1237,583
0854.png,57,57,Smoke,1773,313,1830,370
0855.png,80,48,Smoke,414,514,494,562
0855.png,170,90,Smoke,567,466,737,556
0855.png,107,179,Smoke,815,369,922,548
0855.png,111,233,Smoke,1020,318,1131,551
0855.png,32,158,Smoke,963,386,995,544
0855.png,29,218,Smoke,1163,355,1192,573
0855.png,124,174,Smoke,1251,379,1375,553
0855.png,174,109,Smoke,1746,452,1920,561
0855.png,76,250,Smoke,1615,392,1691,642
0855.png,99,59,Smoke,1689,577,1788,636
0855.png,50,128,Smoke,1431,426,1481,554
0855.png,76,118,Smoke,1771,317,1847,435
0855.png,55,80,Smoke,546,424,601,504
0855.png,23,113,Smoke,1214,470,1237,583
0855.png,57,57,Smoke,1773,313,1830,370
0856.png,80,48,Smoke,414,514,494,562
0856.png,170,90,Smoke,567,466,737,556
0856.png,107,179,Smoke,815,369,922,548
0856.png,111,233,Smoke,1021,318,1132,551
0856.png,32,158,Smoke,963,386,995,544
0856.png,29,218,Smoke,1163,355,1192,573
0856.png,124,174,Smoke,1251,379,1375,553
0856.png,174,109,Smoke,1746,452,1920,561
0856.png,76,250,Smoke,1615,392,1691,642
0856.png,99,59,Smoke,1689,577,1788,636
0856.png,50,128,Smoke,1431,426,1481,554
0856.png,76,118,Smoke,1771,317,1847,435
0856.png,55,80,Smoke,546,424,601,504
0856.png,23,113,Smoke,1214,469,1237,582
0856.png,57,57,Smoke,1773,313,1830,370
0857.png,80,48,Smoke,414,514,494,562
0857.png,170,90,Smoke,567,466,737,556
0857.png,107,179,Smoke,815,369,922,548
0857.png,111,233,Smoke,1021,318,1132,551
0857.png,32,158,Smoke,963,386,995,544
0857.png,29,218,Smoke,1163,355,1192,573
0857.png,124,174,Smoke,1251,379,1375,553
0857.png,174,109,Smoke,1746,452,1920,561
0857.png,76,250,Smoke,1615,392,1691,642
0857.png,99,59,Smoke,1689,577,1788,636
0857.png,50,128,Smoke,1431,426,1481,554
0857.png,76,118,Smoke,1771,317,1847,435
0857.png,55,80,Smoke,546,424,601,504
0857.png,23,113,Smoke,1214,469,1237,582
0857.png,57,57,Smoke,1773,313,1830,370
0858.png,80,48,Smoke,414,514,494,562
0858.png,170,90,Smoke,567,466,737,556
0858.png,107,179,Smoke,815,369,922,548
0858.png,111,233,Smoke,1021,318,1132,551
0858.png,32,158,Smoke,963,386,995,544
0858.png,29,218,Smoke,1163,355,1192,573
0858.png,124,174,Smoke,1251,379,1375,553
0858.png,174,109,Smoke,1746,451,1920,560
0858.png,76,250,Smoke,1615,392,1691,642
0858.png,99,59,Smoke,1689,577,1788,636
0858.png,50,128,Smoke,1431,424,1481,552
0858.png,76,118,Smoke,1771,317,1847,435
0858.png,55,80,Smoke,546,424,601,504
0858.png,23,113,Smoke,1214,469,1237,582
0858.png,57,57,Smoke,1773,313,1830,370
0859.png,80,48,Smoke,414,514,494,562
0859.png,170,90,Smoke,567,466,737,556
0859.png,107,179,Smoke,814,369,921,548
0859.png,111,233,Smoke,1021,318,1132,551
0859.png,32,158,Smoke,963,386,995,544
0859.png,29,218,Smoke,1163,355,1192,573
0859.png,124,174,Smoke,1251,379,1375,553
0859.png,174,109,Smoke,1746,452,1920,561
0859.png,76,250,Smoke,1615,392,1691,642
0859.png,99,59,Smoke,1689,577,1788,636
0859.png,50,128,Smoke,1431,425,1481,553
0859.png,76,118,Smoke,1770,317,1846,435
0859.png,55,80,Smoke,546,424,601,504
0859.png,23,113,Smoke,1214,468,1237,581
0859.png,57,57,Smoke,1773,313,1830,370
0860.png,80,48,Smoke,414,514,494,562
0860.png,170,90,Smoke,567,465,737,555
0860.png,107,179,Smoke,814,369,921,548
0860.png,111,233,Smoke,1021,318,1132,551
0860.png,32,158,Smoke,963,386,995,544
0860.png,29,218,Smoke,1163,355,1192,573
0860.png,124,174,Smoke,1251,379,1375,553
0860.png,174,109,Smoke,1746,452,1920,561
0860.png,76,250,Smoke,1615,392,1691,642
0860.png,99,59,Smoke,1689,577,1788,636
0860.png,50,128,Smoke,1431,425,1481,553
0860.png,76,118,Smoke,1771,317,1847,435
0860.png,55,80,Smoke,546,424,601,504
0860.png,23,113,Smoke,1214,470,1237,583
0860.png,57,57,Smoke,1773,313,1830,370
0861.png,80,48,Smoke,414,514,494,562
0861.png,170,90,Smoke,567,466,737,556
0861.png,107,179,Smoke,814,369,921,548
0861.png,111,233,Smoke,1021,318,1132,551
0861.png,32,158,Smoke,963,386,995,544
0861.png,29,218,Smoke,1163,355,1192,573
0861.png,124,174,Smoke,1251,379,1375,553
0861.png,174,109,Smoke,1746,452,1920,561
0861.png,76,250,Smoke,1615,392,1691,642
0861.png,99,59,Smoke,1689,577,1788,636
0861.png,50,128,Smoke,1431,425,1481,553
0861.png,76,118,Smoke,1770,317,1846,435
0861.png,55,80,Smoke,546,424,601,504
0861.png,23,113,Smoke,1214,469,1237,582
0861.png,57,57,Smoke,1773,313,1830,370
0861.png,55,80,Smoke,546,424,601,504
0861.png,23,113,Smoke,1214,470,1237,583
0862.png,80,48,Smoke,414,514,494,562
0862.png,170,90,Smoke,567,465,737,555
0862.png,107,179,Smoke,814,369,921,548
0862.png,111,233,Smoke,1020,318,1131,551
0862.png,32,158,Smoke,963,386,995,544
0862.png,29,218,Smoke,1163,355,1192,573
0862.png,124,174,Smoke,1251,379,1375,553
0862.png,174,109,Smoke,1746,451,1920,560
0862.png,76,250,Smoke,1615,392,1691,642
0862.png,99,59,Smoke,1689,577,1788,636
0862.png,50,128,Smoke,1431,425,1481,553
0862.png,76,118,Smoke,1770,317,1846,435
0862.png,57,57,Smoke,1773,313,1830,370
0862.png,55,80,Smoke,546,424,601,504
0862.png,23,113,Smoke,1214,470,1237,583
0863.png,80,48,Smoke,414,514,494,562
0863.png,170,90,Smoke,567,465,737,555
0863.png,107,179,Smoke,814,370,921,549
0863.png,111,233,Smoke,1021,318,1132,551
0863.png,32,158,Smoke,963,386,995,544
0863.png,29,218,Smoke,1163,355,1192,573
0863.png,124,174,Smoke,1251,379,1375,553
0863.png,174,109,Smoke,1746,451,1920,560
0863.png,76,250,Smoke,1615,392,1691,642
0863.png,99,59,Smoke,1689,577,1788,636
0863.png,50,128,Smoke,1431,425,1481,553
0863.png,76,118,Smoke,1770,317,1846,435
0863.png,57,57,Smoke,1773,313,1830,370
0864.png,80,48,Smoke,414,514,494,562
0864.png,170,90,Smoke,567,465,737,555
0864.png,107,179,Smoke,814,369,921,548
0864.png,111,233,Smoke,1021,318,1132,551
0864.png,32,158,Smoke,963,386,995,544
0864.png,29,218,Smoke,1163,355,1192,573
0864.png,124,174,Smoke,1251,379,1375,553
0864.png,174,109,Smoke,1746,451,1920,560
0864.png,76,250,Smoke,1615,392,1691,642
0864.png,99,59,Smoke,1689,577,1788,636
0864.png,50,128,Smoke,1431,425,1481,553
0864.png,76,118,Smoke,1770,317,1846,435
0864.png,55,80,Smoke,546,424,601,504
0864.png,23,113,Smoke,1214,470,1237,583
0864.png,57,57,Smoke,1773,313,1830,370
0865.png,80,48,Smoke,414,514,494,562
0865.png,170,90,Smoke,567,465,737,555
0865.png,107,179,Smoke,815,370,922,549
0865.png,111,233,Smoke,1022,318,1133,551
0865.png,32,158,Smoke,963,386,995,544
0865.png,29,218,Smoke,1163,355,1192,573
0865.png,124,174,Smoke,1251,379,1375,553
0865.png,174,109,Smoke,1746,451,1920,560
0865.png,76,250,Smoke,1615,392,1691,642
0865.png,99,59,Smoke,1689,577,1788,636
0865.png,50,128,Smoke,1431,424,1481,552
0865.png,76,118,Smoke,1770,317,1846,435
0865.png,55,80,Smoke,546,424,601,504
0865.png,23,113,Smoke,1214,470,1237,583
0865.png,57,57,Smoke,1773,313,1830,370
0866.png,80,48,Smoke,414,514,494,562
0866.png,170,90,Smoke,567,465,737,555
0866.png,107,179,Smoke,814,369,921,548
0866.png,111,233,Smoke,1022,318,1133,551
0866.png,32,158,Smoke,963,386,995,544
0866.png,29,218,Smoke,1163,355,1192,573
0866.png,124,174,Smoke,1251,379,1375,553
0866.png,174,109,Smoke,1746,452,1920,561
0866.png,76,250,Smoke,1615,392,1691,642
0866.png,99,59,Smoke,1689,577,1788,636
0866.png,50,128,Smoke,1431,424,1481,552
0866.png,76,118,Smoke,1770,317,1846,435
0866.png,55,80,Smoke,546,424,601,504
0866.png,23,113,Smoke,1214,470,1237,583
0866.png,57,57,Smoke,1773,313,1830,370
0867.png,80,48,Smoke,414,514,494,562
0867.png,170,90,Smoke,567,465,737,555
0867.png,107,179,Smoke,814,369,921,548
0867.png,111,233,Smoke,1022,318,1133,551
0867.png,32,158,Smoke,963,386,995,544
0867.png,29,218,Smoke,1163,355,1192,573
0867.png,124,174,Smoke,1251,379,1375,553
0867.png,174,109,Smoke,1746,452,1920,561
0867.png,76,250,Smoke,1615,392,1691,642
0867.png,99,59,Smoke,1689,577,1788,636
0867.png,50,128,Smoke,1431,425,1481,553
0867.png,76,118,Smoke,1770,317,1846,435
0867.png,55,80,Smoke,546,424,601,504
0867.png,23,113,Smoke,1214,470,1237,583
0867.png,57,57,Smoke,1773,313,1830,370
0868.png,80,48,Smoke,414,514,494,562
0868.png,170,90,Smoke,567,465,737,555
0868.png,107,179,Smoke,814,369,921,548
0868.png,111,233,Smoke,1019,318,1130,551
0868.png,32,158,Smoke,963,386,995,544
0868.png,29,218,Smoke,1163,355,1192,573
0868.png,124,174,Smoke,1251,379,1375,553
0868.png,174,109,Smoke,1746,452,1920,561
0868.png,76,250,Smoke,1615,392,1691,642
0868.png,99,59,Smoke,1689,577,1788,636
0868.png,50,128,Smoke,1431,425,1481,553
0868.png,76,118,Smoke,1770,317,1846,435
0868.png,55,80,Smoke,546,424,601,504
0868.png,23,113,Smoke,1214,470,1237,583
0868.png,57,57,Smoke,1773,313,1830,370
0869.png,80,48,Smoke,414,514,494,562
0869.png,170,90,Smoke,567,465,737,555
0869.png,107,179,Smoke,814,369,921,548
0869.png,111,233,Smoke,1020,318,1131,551
0869.png,32,158,Smoke,963,386,995,544
0869.png,29,218,Smoke,1163,355,1192,573
0869.png,124,174,Smoke,1250,379,1374,553
0869.png,174,109,Smoke,1746,452,1920,561
0869.png,76,250,Smoke,1614,392,1690,642
0869.png,99,59,Smoke,1689,577,1788,636
0869.png,50,128,Smoke,1431,425,1481,553
0869.png,76,118,Smoke,1770,317,1846,435
0869.png,55,80,Smoke,546,424,601,504
0869.png,23,113,Smoke,1214,470,1237,583
0869.png,57,57,Smoke,1773,313,1830,370
0870.png,80,48,Smoke,414,514,494,562
0870.png,170,90,Smoke,567,464,737,554
0870.png,107,179,Smoke,814,369,921,548
0870.png,111,233,Smoke,1020,318,1131,551
0870.png,32,158,Smoke,963,386,995,544
0870.png,29,218,Smoke,1163,355,1192,573
0870.png,124,174,Smoke,1252,379,1376,553
0870.png,174,109,Smoke,1746,452,1920,561
0870.png,76,250,Smoke,1615,392,1691,642
0870.png,99,59,Smoke,1688,577,1787,636
0870.png,50,128,Smoke,1431,425,1481,553
0870.png,76,118,Smoke,1770,317,1846,435
0870.png,55,80,Smoke,546,424,601,504
0870.png,23,113,Smoke,1214,470,1237,583
0870.png,57,57,Smoke,1773,313,1830,370
0871.png,80,48,Smoke,414,514,494,562
0871.png,170,90,Smoke,567,464,737,554
0871.png,107,179,Smoke,814,369,921,548
0871.png,111,233,Smoke,1020,318,1131,551
0871.png,32,158,Smoke,963,386,995,544
0871.png,29,218,Smoke,1163,355,1192,573
0871.png,124,174,Smoke,1252,379,1376,553
0871.png,174,109,Smoke,1746,451,1920,560
0871.png,76,250,Smoke,1615,392,1691,642
0871.png,99,59,Smoke,1688,578,1787,637
0871.png,50,128,Smoke,1431,425,1481,553
0871.png,76,118,Smoke,1770,317,1846,435
0871.png,55,80,Smoke,546,424,601,504
0871.png,23,113,Smoke,1214,470,1237,583
0871.png,57,57,Smoke,1773,313,1830,370
0871.png,55,80,Smoke,546,424,601,504
0871.png,23,113,Smoke,1214,470,1237,583
0872.png,80,48,Smoke,414,514,494,562
0872.png,170,90,Smoke,567,464,737,554
0872.png,107,179,Smoke,814,371,921,550
0872.png,111,233,Smoke,1020,318,1131,551
0872.png,32,158,Smoke,963,386,995,544
0872.png,29,218,Smoke,1163,355,1192,573
0872.png,124,174,Smoke,1252,379,1376,553
0872.png,176,109,Smoke,1744,452,1920,561
0872.png,76,250,Smoke,1615,392,1691,642
0872.png,99,59,Smoke,1688,577,1787,636
0872.png,50,128,Smoke,1431,425,1481,553
0872.png,76,118,Smoke,1770,317,1846,435
0872.png,57,57,Smoke,1773,313,1830,370
0872.png,55,80,Smoke,546,424,601,504
0872.png,23,113,Smoke,1214,469,1237,582
0873.png,80,48,Smoke,414,514,494,562
0873.png,143,71,Smoke,594,483,737,554
0873.png,107,179,Smoke,814,371,921,550
0873.png,111,233,Smoke,1020,318,1131,551
0873.png,32,158,Smoke,963,386,995,544
0873.png,29,218,Smoke,1163,355,1192,573
0873.png,124,174,Smoke,1252,379,1376,553
0873.png,174,109,Smoke,1746,452,1920,561
0873.png,76,250,Smoke,1614,392,1690,642
0873.png,99,59,Smoke,1688,577,1787,636
0873.png,50,128,Smoke,1431,425,1481,553
0873.png,76,118,Smoke,1770,317,1846,435
0873.png,57,57,Smoke,1773,313,1830,370
0874.png,80,48,Smoke,414,514,494,562
0874.png,143,71,Smoke,594,483,737,554
0874.png,107,179,Smoke,814,371,921,550
0874.png,111,233,Smoke,1020,318,1131,551
0874.png,32,158,Smoke,963,386,995,544
0874.png,29,218,Smoke,1163,355,1192,573
0874.png,124,174,Smoke,1252,379,1376,553
0874.png,174,109,Smoke,1746,451,1920,560
0874.png,76,250,Smoke,1614,392,1690,642
0874.png,99,59,Smoke,1687,578,1786,637
0874.png,50,128,Smoke,1431,425,1481,553
0874.png,76,118,Smoke,1770,317,1846,435
0874.png,55,80,Smoke,546,424,601,504
0874.png,23,113,Smoke,1214,469,1237,582
0874.png,57,57,Smoke,1773,313,1830,370
0875.png,80,48,Smoke,414,514,494,562
0875.png,143,71,Smoke,594,483,737,554
0875.png,107,179,Smoke,814,371,921,550
0875.png,111,233,Smoke,1020,318,1131,551
0875.png,32,158,Smoke,963,386,995,544
0875.png,29,218,Smoke,1163,355,1192,573
0875.png,124,174,Smoke,1252,379,1376,553
0875.png,174,109,Smoke,1746,451,1920,560
0875.png,76,250,Smoke,1614,392,1690,642
0875.png,99,59,Smoke,1687,578,1786,637
0875.png,50,128,Smoke,1431,426,1481,554
0875.png,76,118,Smoke,1770,317,1846,435
0875.png,55,80,Smoke,546,424,601,504
0875.png,23,113,Smoke,1214,469,1237,582
0875.png,57,57,Smoke,1773,313,1830,370
0876.png,80,48,Smoke,414,514,494,562
0876.png,143,71,Smoke,594,483,737,554
0876.png,107,179,Smoke,814,369,921,548
0876.png,111,233,Smoke,1020,318,1131,551
0876.png,32,158,Smoke,963,385,995,543
0876.png,29,218,Smoke,1163,355,1192,573
0876.png,124,174,Smoke,1252,379,1376,553
0876.png,174,109,Smoke,1746,451,1920,560
0876.png,76,250,Smoke,1613,392,1689,642
0876.png,99,59,Smoke,1687,578,1786,637
0876.png,50,128,Smoke,1431,424,1481,552
0876.png,76,118,Smoke,1770,317,1846,435
0876.png,55,80,Smoke,546,424,601,504
0876.png,23,113,Smoke,1214,469,1237,582
0876.png,57,57,Smoke,1773,313,1830,370
0877.png,80,48,Smoke,414,514,494,562
0877.png,143,71,Smoke,594,484,737,555
0877.png,107,179,Smoke,814,369,921,548
0877.png,111,233,Smoke,1021,316,1132,549
0877.png,32,158,Smoke,963,386,995,544
0877.png,29,218,Smoke,1163,355,1192,573
0877.png,124,174,Smoke,1252,379,1376,553
0877.png,174,109,Smoke,1746,451,1920,560
0877.png,76,250,Smoke,1615,391,1691,641
0877.png,99,59,Smoke,1687,578,1786,637
0877.png,50,128,Smoke,1431,424,1481,552
0877.png,76,118,Smoke,1770,317,1846,435
0877.png,55,80,Smoke,546,424,601,504
0877.png,23,113,Smoke,1214,469,1237,582
0877.png,57,57,Smoke,1773,313,1830,370
0878.png,80,48,Smoke,414,514,494,562
0878.png,143,71,Smoke,595,483,738,554
0878.png,107,179,Smoke,814,371,921,550
0878.png,111,233,Smoke,1022,318,1133,551
0878.png,32,158,Smoke,963,386,995,544
0878.png,29,218,Smoke,1163,355,1192,573
0878.png,124,174,Smoke,1252,379,1376,553
0878.png,174,109,Smoke,1746,451,1920,560
0878.png,76,250,Smoke,1615,391,1691,641
0878.png,99,59,Smoke,1688,578,1787,637
0878.png,50,128,Smoke,1431,425,1481,553
0878.png,76,118,Smoke,1770,317,1846,435
0878.png,55,80,Smoke,546,424,601,504
0878.png,23,113,Smoke,1214,469,1237,582
0878.png,57,57,Smoke,1773,313,1830,370
0879.png,80,48,Smoke,414,514,494,562
0879.png,143,71,Smoke,595,483,738,554
0879.png,107,179,Smoke,814,371,921,550
0879.png,111,233,Smoke,1022,318,1133,551
0879.png,32,158,Smoke,963,386,995,544
0879.png,29,218,Smoke,1163,355,1192,573
0879.png,124,174,Smoke,1252,379,1376,553
0879.png,174,109,Smoke,1746,451,1920,560
0879.png,76,250,Smoke,1615,391,1691,641
0879.png,99,59,Smoke,1687,578,1786,637
0879.png,50,128,Smoke,1431,425,1481,553
0879.png,76,118,Smoke,1770,317,1846,435
0879.png,55,80,Smoke,546,424,601,504
0879.png,23,113,Smoke,1214,469,1237,582
0879.png,57,57,Smoke,1773,313,1830,370
0880.png,80,48,Smoke,414,514,494,562
0880.png,143,71,Smoke,594,483,737,554
0880.png,107,179,Smoke,814,371,921,550
0880.png,111,233,Smoke,1021,318,1132,551
0880.png,32,158,Smoke,963,386,995,544
0880.png,29,218,Smoke,1163,355,1192,573
0880.png,124,174,Smoke,1252,379,1376,553
0880.png,174,109,Smoke,1746,451,1920,560
0880.png,76,250,Smoke,1615,391,1691,641
0880.png,99,59,Smoke,1688,578,1787,637
0880.png,50,128,Smoke,1431,425,1481,553
0880.png,76,118,Smoke,1770,317,1846,435
0880.png,55,80,Smoke,546,424,601,504
0880.png,23,113,Smoke,1214,469,1237,582
0880.png,57,57,Smoke,1773,313,1830,370
0881.png,80,48,Smoke,414,514,494,562
0881.png,143,71,Smoke,595,483,738,554
0881.png,107,179,Smoke,814,369,921,548
0881.png,111,233,Smoke,1022,318,1133,551
0881.png,32,158,Smoke,963,386,995,544
0881.png,29,218,Smoke,1163,355,1192,573
0881.png,124,174,Smoke,1252,379,1376,553
0881.png,174,109,Smoke,1746,451,1920,560
0881.png,76,250,Smoke,1613,392,1689,642
0881.png,99,59,Smoke,1688,578,1787,637
0881.png,50,128,Smoke,1431,425,1481,553
0881.png,76,118,Smoke,1770,318,1846,436
0881.png,55,80,Smoke,546,424,601,504
0881.png,23,113,Smoke,1214,468,1237,581
0881.png,57,57,Smoke,1773,313,1830,370
0881.png,55,80,Smoke,546,424,601,504
0881.png,23,113,Smoke,1214,468,1237,581
0882.png,80,48,Smoke,414,514,494,562
0882.png,143,71,Smoke,595,483,738,554
0882.png,107,179,Smoke,814,369,921,548
0882.png,111,233,Smoke,1023,318,1134,551
0882.png,32,158,Smoke,964,386,996,544
0882.png,29,218,Smoke,1163,355,1192,573
0882.png,124,174,Smoke,1252,379,1376,553
0882.png,174,109,Smoke,1746,451,1920,560
0882.png,76,250,Smoke,1613,392,1689,642
0882.png,99,59,Smoke,1688,577,1787,636
0882.png,50,128,Smoke,1431,425,1481,553
0882.png,76,118,Smoke,1770,318,1846,436
0882.png,57,57,Smoke,1773,313,1830,370
0882.png,55,80,Smoke,546,424,601,504
0882.png,23,113,Smoke,1214,468,1237,581
0883.png,80,48,Smoke,414,514,494,562
0883.png,143,71,Smoke,595,483,738,554
0883.png,107,179,Smoke,814,369,921,548
0883.png,111,233,Smoke,1023,320,1134,553
0883.png,32,158,Smoke,964,386,996,544
0883.png,29,218,Smoke,1163,355,1192,573
0883.png,124,174,Smoke,1252,379,1376,553
0883.png,174,109,Smoke,1746,451,1920,560
0883.png,76,250,Smoke,1613,392,1689,642
0883.png,99,59,Smoke,1687,577,1786,636
0883.png,50,128,Smoke,1431,424,1481,552
0883.png,76,118,Smoke,1770,317,1846,435
0883.png,57,57,Smoke,1773,313,1830,370
0884.png,80,48,Smoke,414,514,494,562
0884.png,143,71,Smoke,595,484,738,555
0884.png,107,179,Smoke,814,369,921,548
0884.png,111,233,Smoke,1023,318,1134,551
0884.png,32,158,Smoke,964,386,996,544
0884.png,29,218,Smoke,1163,355,1192,573
0884.png,124,174,Smoke,1252,379,1376,553
0884.png,174,109,Smoke,1746,452,1920,561
0884.png,76,250,Smoke,1613,392,1689,642
0884.png,99,59,Smoke,1687,577,1786,636
0884.png,50,128,Smoke,1431,425,1481,553
0884.png,76,118,Smoke,1769,318,1845,436
0884.png,55,80,Smoke,546,424,601,504
0884.png,23,113,Smoke,1214,468,1237,581
0884.png,57,57,Smoke,1773,313,1830,370
0885.png,80,48,Smoke,414,514,494,562
0885.png,143,71,Smoke,595,484,738,555
0885.png,107,179,Smoke,814,369,921,548
0885.png,111,233,Smoke,1023,318,1134,551
0885.png,32,158,Smoke,964,386,996,544
0885.png,29,218,Smoke,1163,355,1192,573
0885.png,124,174,Smoke,1252,379,1376,553
0885.png,174,109,Smoke,1746,452,1920,561
0885.png,76,250,Smoke,1613,392,1689,642
0885.png,99,59,Smoke,1688,577,1787,636
0885.png,50,128,Smoke,1431,424,1481,552
0885.png,76,118,Smoke,1770,317,1846,435
0885.png,55,80,Smoke,546,424,601,504
0885.png,23,113,Smoke,1214,468,1237,581
0885.png,57,57,Smoke,1773,313,1830,370
0886.png,80,48,Smoke,414,514,494,562
0886.png,143,71,Smoke,595,484,738,555
0886.png,107,179,Smoke,814,369,921,548
0886.png,111,233,Smoke,1023,318,1134,551
0886.png,32,158,Smoke,964,386,996,544
0886.png,29,218,Smoke,1163,355,1192,573
0886.png,124,174,Smoke,1252,379,1376,553
0886.png,174,109,Smoke,1746,452,1920,561
0886.png,76,250,Smoke,1613,392,1689,642
0886.png,99,59,Smoke,1688,577,1787,636
0886.png,50,128,Smoke,1431,424,1481,552
0886.png,76,118,Smoke,1770,317,1846,435
0886.png,55,80,Smoke,546,424,601,504
0886.png,23,113,Smoke,1214,468,1237,581
0886.png,57,57,Smoke,1773,313,1830,370
0887.png,80,48,Smoke,414,514,494,562
0887.png,143,71,Smoke,596,483,739,554
0887.png,107,179,Smoke,814,369,921,548
0887.png,111,233,Smoke,1022,318,1133,551
0887.png,32,158,Smoke,963,384,995,542
0887.png,29,218,Smoke,1163,355,1192,573
0887.png,124,174,Smoke,1252,379,1376,553
0887.png,174,109,Smoke,1746,452,1920,561
0887.png,76,250,Smoke,1613,392,1689,642
0887.png,99,59,Smoke,1688,577,1787,636
0887.png,50,128,Smoke,1431,424,1481,552
0887.png,76,118,Smoke,1770,317,1846,435
0887.png,55,80,Smoke,546,424,601,504
0887.png,23,113,Smoke,1214,468,1237,581
0887.png,57,57,Smoke,1773,313,1830,370
0888.png,80,48,Smoke,414,514,494,562
0888.png,143,71,Smoke,595,485,738,556
0888.png,107,179,Smoke,814,369,921,548
0888.png,111,233,Smoke,1022,316,1133,549
0888.png,32,158,Smoke,964,384,996,542
0888.png,29,218,Smoke,1163,353,1192,571
0888.png,124,174,Smoke,1252,379,1376,553
0888.png,174,109,Smoke,1746,452,1920,561
0888.png,76,250,Smoke,1613,392,1689,642
0888.png,99,59,Smoke,1688,577,1787,636
0888.png,50,128,Smoke,1431,425,1481,553
0888.png,76,118,Smoke,1770,318,1846,436
0888.png,55,80,Smoke,546,424,601,504
0888.png,23,113,Smoke,1214,468,1237,581
0888.png,57,57,Smoke,1773,313,1830,370
0889.png,80,48,Smoke,414,514,494,562
0889.png,143,71,Smoke,595,485,738,556
0889.png,107,179,Smoke,814,369,921,548
0889.png,111,233,Smoke,1022,316,1133,549
0889.png,32,158,Smoke,964,384,996,542
0889.png,29,218,Smoke,1163,355,1192,573
0889.png,124,174,Smoke,1252,379,1376,553
0889.png,174,109,Smoke,1746,452,1920,561
0889.png,76,250,Smoke,1613,391,1689,641
0889.png,99,59,Smoke,1688,577,1787,636
0889.png,50,128,Smoke,1431,425,1481,553
0889.png,76,118,Smoke,1770,318,1846,436
0889.png,55,80,Smoke,546,424,601,504
0889.png,23,113,Smoke,1214,467,1237,580
0889.png,57,57,Smoke,1773,313,1830,370
0890.png,80,48,Smoke,414,514,494,562
0890.png,143,71,Smoke,596,483,739,554
0890.png,107,179,Smoke,814,369,921,548
0890.png,111,233,Smoke,1023,319,1134,552
0890.png,32,158,Smoke,964,384,996,542
0890.png,29,218,Smoke,1163,354,1192,572
0890.png,124,174,Smoke,1252,379,1376,553
0890.png,174,109,Smoke,1746,451,1920,560
0890.png,76,250,Smoke,1613,391,1689,641
0890.png,99,59,Smoke,1688,577,1787,636
0890.png,50,128,Smoke,1431,425,1481,553
0890.png,76,118,Smoke,1770,318,1846,436
0890.png,55,80,Smoke,546,424,601,504
0890.png,23,113,Smoke,1214,467,1237,580
0890.png,57,57,Smoke,1773,313,1830,370
0891.png,80,48,Smoke,414,514,494,562
0891.png,143,71,Smoke,596,483,739,554
0891.png,107,179,Smoke,814,369,921,548
0891.png,111,233,Smoke,1023,319,1134,552
0891.png,32,158,Smoke,963,383,995,541
0891.png,29,218,Smoke,1163,353,1192,571
0891.png,124,174,Smoke,1252,379,1376,553
0891.png,174,109,Smoke,1746,452,1920,561
0891.png,76,250,Smoke,1613,391,1689,641
0891.png,99,59,Smoke,1688,577,1787,636
0891.png,50,128,Smoke,1431,424,1481,552
0891.png,76,118,Smoke,1770,317,1846,435
0891.png,55,80,Smoke,546,424,601,504
0891.png,23,113,Smoke,1214,467,1237,580
0891.png,57,57,Smoke,1773,313,1830,370
0891.png,55,80,Smoke,546,424,601,504
0891.png,23,113,Smoke,1214,467,1237,580
0892.png,80,48,Smoke,414,514,494,562
0892.png,143,71,Smoke,596,483,739,554
0892.png,107,179,Smoke,813,369,920,548
0892.png,111,233,Smoke,1022,319,1133,552
0892.png,32,158,Smoke,963,383,995,541
0892.png,29,218,Smoke,1163,353,1192,571
0892.png,124,174,Smoke,1252,379,1376,553
0892.png,174,109,Smoke,1746,452,1920,561
0892.png,76,250,Smoke,1613,391,1689,641
0892.png,99,59,Smoke,1687,577,1786,636
0892.png,50,128,Smoke,1431,424,1481,552
0892.png,76,118,Smoke,1770,317,1846,435
0892.png,57,57,Smoke,1773,313,1830,370
0892.png,55,80,Smoke,546,424,601,504
0892.png,23,113,Smoke,1214,467,1237,580
0893.png,80,48,Smoke,414,514,494,562
0893.png,143,71,Smoke,596,482,739,553
0893.png,107,179,Smoke,814,369,921,548
0893.png,111,233,Smoke,1023,317,1134,550
0893.png,32,158,Smoke,963,383,995,541
0893.png,29,218,Smoke,1163,353,1192,571
0893.png,124,174,Smoke,1252,379,1376,553
0893.png,174,109,Smoke,1746,452,1920,561
0893.png,76,250,Smoke,1613,391,1689,641
0893.png,99,59,Smoke,1688,577,1787,636
0893.png,50,128,Smoke,1431,424,1481,552
0893.png,76,118,Smoke,1770,317,1846,435
0893.png,57,57,Smoke,1773,313,1830,370
0894.png,80,48,Smoke,414,514,494,562
0894.png,143,71,Smoke,596,483,739,554
0894.png,107,179,Smoke,814,369,921,548
0894.png,111,233,Smoke,1023,317,1134,550
0894.png,32,158,Smoke,963,381,995,539
0894.png,29,218,Smoke,1163,353,1192,571
0894.png,124,174,Smoke,1252,379,1376,553
0894.png,174,109,Smoke,1746,452,1920,561
0894.png,76,250,Smoke,1613,391,1689,641
0894.png,99,59,Smoke,1688,577,1787,636
0894.png,50,128,Smoke,1431,424,1481,552
0894.png,76,118,Smoke,1770,317,1846,435
0894.png,55,80,Smoke,546,424,601,504
0894.png,23,113,Smoke,1214,467,1237,580
0894.png,57,57,Smoke,1773,313,1830,370
0895.png,80,48,Smoke,414,514,494,562
0895.png,143,71,Smoke,596,483,739,554
0895.png,107,179,Smoke,814,369,921,548
0895.png,111,233,Smoke,1023,317,1134,550
0895.png,32,158,Smoke,963,381,995,539
0895.png,29,218,Smoke,1163,353,1192,571
0895.png,124,174,Smoke,1252,379,1376,553
0895.png,174,109,Smoke,1746,452,1920,561
0895.png,76,250,Smoke,1613,391,1689,641
0895.png,99,59,Smoke,1688,577,1787,636
0895.png,50,128,Smoke,1431,424,1481,552
0895.png,76,118,Smoke,1770,317,1846,435
0895.png,55,80,Smoke,546,424,601,504
0895.png,23,113,Smoke,1214,467,1237,580
0895.png,57,57,Smoke,1773,313,1830,370
0896.png,80,48,Smoke,414,514,494,562
0896.png,143,71,Smoke,596,483,739,554
0896.png,107,179,Smoke,814,369,921,548
0896.png,111,233,Smoke,1023,317,1134,550
0896.png,32,158,Smoke,963,382,995,540
0896.png,29,218,Smoke,1163,353,1192,571
0896.png,124,174,Smoke,1252,379,1376,553
0896.png,174,109,Smoke,1746,452,1920,561
0896.png,76,250,Smoke,1613,391,1689,641
0896.png,99,59,Smoke,1688,577,1787,636
0896.png,50,128,Smoke,1431,424,1481,552
0896.png,76,118,Smoke,1770,317,1846,435
0896.png,55,80,Smoke,546,424,601,504
0896.png,23,113,Smoke,1214,467,1237,580
0896.png,57,57,Smoke,1773,313,1830,370
0897.png,80,48,Smoke,414,514,494,562
0897.png,143,71,Smoke,596,483,739,554
0897.png,107,179,Smoke,814,369,921,548
0897.png,111,233,Smoke,1023,317,1134,550
0897.png,32,158,Smoke,963,381,995,539
0897.png,29,218,Smoke,1163,353,1192,571
0897.png,124,174,Smoke,1252,379,1376,553
0897.png,174,109,Smoke,1746,452,1920,561
0897.png,76,250,Smoke,1613,391,1689,641
0897.png,99,59,Smoke,1688,577,1787,636
0897.png,50,128,Smoke,1431,424,1481,552
0897.png,76,118,Smoke,1770,317,1846,435
0897.png,55,80,Smoke,546,424,601,504
0897.png,23,113,Smoke,1214,467,1237,580
0897.png,57,57,Smoke,1773,313,1830,370
0898.png,80,48,Smoke,414,514,494,562
0898.png,143,71,Smoke,596,483,739,554
0898.png,107,179,Smoke,814,369,921,548
0898.png,111,233,Smoke,1024,317,1135,550
0898.png,32,158,Smoke,963,379,995,537
0898.png,29,218,Smoke,1163,353,1192,571
0898.png,124,174,Smoke,1252,379,1376,553
0898.png,174,109,Smoke,1746,452,1920,561
0898.png,76,250,Smoke,1613,391,1689,641
0898.png,99,59,Smoke,1688,577,1787,636
0898.png,50,128,Smoke,1431,424,1481,552
0898.png,76,118,Smoke,1770,317,1846,435
0898.png,55,80,Smoke,546,424,601,504
0898.png,23,113,Smoke,1214,467,1237,580
0898.png,57,57,Smoke,1773,313,1830,370
0899.png,80,48,Smoke,414,514,494,562
0899.png,143,71,Smoke,596,483,739,554
0899.png,107,179,Smoke,814,369,921,548
0899.png,111,233,Smoke,1024,318,1135,551
0899.png,32,158,Smoke,963,380,995,538
0899.png,29,218,Smoke,1163,353,1192,571
0899.png,124,174,Smoke,1252,379,1376,553
0899.png,174,109,Smoke,1746,452,1920,561
0899.png,76,250,Smoke,1613,389,1689,639
0899.png,99,59,Smoke,1688,577,1787,636
0899.png,50,128,Smoke,1431,424,1481,552
0899.png,76,118,Smoke,1770,317,1846,435
0899.png,55,80,Smoke,546,424,601,504
0899.png,23,113,Smoke,1214,467,1237,580
0899.png,57,57,Smoke,1773,313,1830,370
0900.png,80,48,Smoke,414,514,494,562
0900.png,143,71,Smoke,596,483,739,554
0900.png,107,179,Smoke,814,369,921,548
0900.png,111,233,Smoke,1024,317,1135,550
0900.png,32,158,Smoke,963,380,995,538
0900.png,29,218,Smoke,1163,353,1192,571
0900.png,124,174,Smoke,1252,379,1376,553
0900.png,174,109,Smoke,1746,452,1920,561
0900.png,76,250,Smoke,1613,389,1689,639
0900.png,99,59,Smoke,1688,577,1787,636
0900.png,50,128,Smoke,1431,424,1481,552
0900.png,76,118,Smoke,1769,318,1845,436
0900.png,55,80,Smoke,546,424,601,504
0900.png,23,113,Smoke,1214,467,1237,580
0900.png,57,57,Smoke,1773,313,1830,370
0901.png,80,48,Smoke,414,514,494,562
0901.png,143,71,Smoke,596,483,739,554
0901.png,107,179,Smoke,814,369,921,548
0901.png,111,233,Smoke,1024,318,1135,551
0901.png,32,158,Smoke,963,380,995,538
0901.png,29,218,Smoke,1163,353,1192,571
0901.png,124,174,Smoke,1252,379,1376,553
0901.png,174,109,Smoke,1746,451,1920,560
0901.png,76,250,Smoke,1613,391,1689,641
0901.png,99,59,Smoke,1688,577,1787,636
0901.png,50,128,Smoke,1431,424,1481,552
0901.png,76,118,Smoke,1770,317,1846,435
0901.png,55,80,Smoke,546,424,601,504
0901.png,23,113,Smoke,1214,467,1237,580
0901.png,57,57,Smoke,1773,313,1830,370
0901.png,55,80,Smoke,546,424,601,504
0901.png,23,113,Smoke,1214,467,1237,580
0902.png,80,48,Smoke,414,514,494,562
0902.png,143,71,Smoke,596,483,739,554
0902.png,107,179,Smoke,814,369,921,548
0902.png,111,233,Smoke,1025,318,1136,551
0902.png,32,158,Smoke,963,380,995,538
0902.png,29,218,Smoke,1163,353,1192,571
0902.png,124,174,Smoke,1252,379,1376,553
0902.png,174,109,Smoke,1746,452,1920,561
0902.png,76,250,Smoke,1613,391,1689,641
0902.png,99,59,Smoke,1688,577,1787,636
0902.png,50,128,Smoke,1431,424,1481,552
0902.png,76,118,Smoke,1770,317,1846,435
0902.png,57,57,Smoke,1773,313,1830,370
0902.png,55,80,Smoke,546,424,601,504
0902.png,23,113,Smoke,1214,467,1237,580
0903.png,80,48,Smoke,414,514,494,562
0903.png,143,71,Smoke,596,483,739,554
0903.png,107,179,Smoke,814,369,921,548
0903.png,111,233,Smoke,1025,318,1136,551
0903.png,32,158,Smoke,963,380,995,538
0903.png,29,218,Smoke,1163,353,1192,571
0903.png,124,174,Smoke,1252,379,1376,553
0903.png,174,109,Smoke,1746,452,1920,561
0903.png,76,250,Smoke,1614,390,1690,640
0903.png,99,59,Smoke,1688,576,1787,635
0903.png,50,128,Smoke,1431,424,1481,552
0903.png,76,118,Smoke,1770,317,1846,435
0903.png,57,57,Smoke,1773,313,1830,370
0904.png,80,48,Smoke,414,514,494,562
0904.png,143,71,Smoke,596,483,739,554
0904.png,107,179,Smoke,815,369,922,548
0904.png,111,233,Smoke,1024,318,1135,551
0904.png,32,158,Smoke,963,380,995,538
0904.png,29,218,Smoke,1163,353,1192,571
0904.png,124,174,Smoke,1252,379,1376,553
0904.png,174,109,Smoke,1746,452,1920,561
0904.png,76,250,Smoke,1613,390,1689,640
0904.png,99,59,Smoke,1688,577,1787,636
0904.png,50,128,Smoke,1431,424,1481,552
0904.png,76,118,Smoke,1770,317,1846,435
0904.png,55,80,Smoke,546,424,601,504
0904.png,23,113,Smoke,1214,467,1237,580
0904.png,57,57,Smoke,1773,313,1830,370
0905.png,80,48,Smoke,414,514,494,562
0905.png,143,71,Smoke,596,483,739,554
0905.png,107,179,Smoke,815,369,922,548
0905.png,111,233,Smoke,1025,318,1136,551
0905.png,32,158,Smoke,963,380,995,538
0905.png,29,218,Smoke,1163,353,1192,571
0905.png,124,174,Smoke,1252,379,1376,553
0905.png,174,109,Smoke,1746,452,1920,561
0905.png,76,250,Smoke,1613,391,1689,641
0905.png,99,59,Smoke,1688,576,1787,635
0905.png,50,128,Smoke,1431,424,1481,552
0905.png,76,118,Smoke,1770,316,1846,434
0905.png,55,80,Smoke,546,424,601,504
0905.png,23,113,Smoke,1214,467,1237,580
0905.png,57,57,Smoke,1773,313,1830,370
0906.png,80,48,Smoke,414,514,494,562
0906.png,143,71,Smoke,596,483,739,554
0906.png,107,179,Smoke,814,369,921,548
0906.png,111,233,Smoke,1024,318,1135,551
0906.png,32,158,Smoke,963,380,995,538
0906.png,29,218,Smoke,1163,353,1192,571
0906.png,124,174,Smoke,1252,379,1376,553
0906.png,174,109,Smoke,1746,452,1920,561
0906.png,76,250,Smoke,1613,391,1689,641
0906.png,99,59,Smoke,1687,576,1786,635
0906.png,50,128,Smoke,1431,424,1481,552
0906.png,76,118,Smoke,1770,317,1846,435
0906.png,55,80,Smoke,546,424,601,504
0906.png,23,113,Smoke,1214,467,1237,580
0906.png,57,57,Smoke,1773,313,1830,370
0907.png,80,48,Smoke,414,514,494,562
0907.png,143,71,Smoke,596,483,739,554
0907.png,107,179,Smoke,814,369,921,548
0907.png,111,233,Smoke,1024,318,1135,551
0907.png,32,158,Smoke,963,380,995,538
0907.png,29,218,Smoke,1163,353,1192,571
0907.png,124,174,Smoke,1252,379,1376,553
0907.png,174,109,Smoke,1746,452,1920,561
0907.png,76,250,Smoke,1613,391,1689,641
0907.png,99,59,Smoke,1688,577,1787,636
0907.png,50,128,Smoke,1431,424,1481,552
0907.png,76,118,Smoke,1770,316,1846,434
0907.png,55,80,Smoke,546,424,601,504
0907.png,23,113,Smoke,1214,467,1237,580
0907.png,57,57,Smoke,1773,313,1830,370
0908.png,80,48,Smoke,414,514,494,562
0908.png,143,71,Smoke,596,483,739,554
0908.png,107,179,Smoke,814,369,921,548
0908.png,111,233,Smoke,1024,318,1135,551
0908.png,32,158,Smoke,963,380,995,538
0908.png,29,218,Smoke,1163,353,1192,571
0908.png,124,174,Smoke,1252,379,1376,553
0908.png,174,109,Smoke,1746,452,1920,561
0908.png,76,250,Smoke,1613,391,1689,641
0908.png,99,59,Smoke,1687,576,1786,635
0908.png,50,128,Smoke,1431,424,1481,552
0908.png,76,118,Smoke,1770,317,1846,435
0908.png,55,80,Smoke,546,424,601,504
0908.png,23,113,Smoke,1214,467,1237,580
0908.png,57,57,Smoke,1773,313,1830,370
0909.png,80,48,Smoke,414,514,494,562
0909.png,143,71,Smoke,596,483,739,554
0909.png,107,179,Smoke,814,369,921,548
0909.png,111,233,Smoke,1024,318,1135,551
0909.png,32,158,Smoke,963,380,995,538
0909.png,29,218,Smoke,1163,355,1192,573
0909.png,124,174,Smoke,1252,379,1376,553
0909.png,174,109,Smoke,1746,452,1920,561
0909.png,76,250,Smoke,1613,391,1689,641
0909.png,99,59,Smoke,1687,576,1786,635
0909.png,50,128,Smoke,1431,424,1481,552
0909.png,76,118,Smoke,1770,316,1846,434
0909.png,55,80,Smoke,546,424,601,504
0909.png,23,113,Smoke,1214,467,1237,580
0909.png,57,57,Smoke,1773,313,1830,370
0910.png,80,48,Smoke,414,514,494,562
0910.png,143,71,Smoke,596,484,739,555
0910.png,107,179,Smoke,814,369,921,548
0910.png,111,233,Smoke,1024,318,1135,551
0910.png,32,158,Smoke,963,380,995,538
0910.png,29,218,Smoke,1163,355,1192,573
0910.png,124,174,Smoke,1252,379,1376,553
0910.png,174,109,Smoke,1746,452,1920,561
0910.png,76,250,Smoke,1613,391,1689,641
0910.png,99,59,Smoke,1687,576,1786,635
0910.png,50,128,Smoke,1431,424,1481,552
0910.png,76,118,Smoke,1770,316,1846,434
0910.png,55,80,Smoke,546,424,601,504
0910.png,23,113,Smoke,1214,466,1237,579
0910.png,57,57,Smoke,1773,313,1830,370
0911.png,80,48,Smoke,414,514,494,562
0911.png,143,71,Smoke,596,485,739,556
0911.png,107,179,Smoke,814,369,921,548
0911.png,111,233,Smoke,1025,318,1136,551
0911.png,32,158,Smoke,963,380,995,538
0911.png,29,218,Smoke,1163,355,1192,573
0911.png,124,174,Smoke,1252,379,1376,553
0911.png,174,109,Smoke,1746,452,1920,561
0911.png,76,250,Smoke,1613,391,1689,641
0911.png,99,59,Smoke,1687,576,1786,635
0911.png,50,128,Smoke,1431,424,1481,552
0911.png,76,118,Smoke,1770,316,1846,434
0911.png,55,80,Smoke,546,424,601,504
0911.png,23,113,Smoke,1214,467,1237,580
0911.png,57,57,Smoke,1773,313,1830,370
0911.png,55,80,Smoke,546,424,601,504
0911.png,23,113,Smoke,1214,466,1237,579
0912.png,80,48,Smoke,414,514,494,562
0912.png,143,71,Smoke,596,485,739,556
0912.png,107,179,Smoke,814,367,921,546
0912.png,111,233,Smoke,1025,318,1136,551
0912.png,32,158,Smoke,963,380,995,538
0912.png,29,218,Smoke,1163,355,1192,573
0912.png,124,174,Smoke,1253,379,1377,553
0912.png,174,109,Smoke,1746,451,1920,560
0912.png,76,250,Smoke,1613,391,1689,641
0912.png,99,59,Smoke,1687,576,1786,635
0912.png,50,128,Smoke,1431,424,1481,552
0912.png,76,118,Smoke,1770,316,1846,434
0912.png,57,57,Smoke,1773,313,1830,370
0912.png,55,80,Smoke,546,424,601,504
0912.png,23,113,Smoke,1214,466,1237,579
0913.png,80,48,Smoke,414,514,494,562
0913.png,143,95,Smoke,597,460,740,555
0913.png,101,160,Smoke,813,387,914,547
0913.png,111,233,Smoke,1025,318,1136,551
0913.png,32,158,Smoke,963,380,995,538
0913.png,29,218,Smoke,1163,355,1192,573
0913.png,124,174,Smoke,1252,380,1376,554
0913.png,174,109,Smoke,1746,452,1920,561
0913.png,76,250,Smoke,1613,391,1689,641
0913.png,99,59,Smoke,1687,576,1786,635
0913.png,50,128,Smoke,1431,424,1481,552
0913.png,76,118,Smoke,1770,315,1846,433
0913.png,57,57,Smoke,1773,313,1830,370
0914.png,80,48,Smoke,414,514,494,562
0914.png,143,95,Smoke,598,460,741,555
0914.png,101,160,Smoke,813,387,914,547
0914.png,111,233,Smoke,1025,318,1136,551
0914.png,32,158,Smoke,963,380,995,538
0914.png,29,218,Smoke,1163,355,1192,573
0914.png,124,174,Smoke,1253,379,1377,553
0914.png,174,109,Smoke,1746,452,1920,561
0914.png,76,250,Smoke,1612,390,1688,640
0914.png,99,59,Smoke,1687,576,1786,635
0914.png,50,128,Smoke,1431,424,1481,552
0914.png,76,118,Smoke,1770,316,1846,434
0914.png,55,80,Smoke,546,424,601,504
0914.png,23,113,Smoke,1214,466,1237,579
0914.png,57,57,Smoke,1773,313,1830,370
0915.png,80,48,Smoke,414,514,494,562
0915.png,143,95,Smoke,597,460,740,555
0915.png,101,160,Smoke,813,387,914,547
0915.png,111,233,Smoke,1025,318,1136,551
0915.png,32,158,Smoke,963,380,995,538
0915.png,29,218,Smoke,1163,355,1192,573
0915.png,124,174,Smoke,1253,379,1377,553
0915.png,174,109,Smoke,1746,451,1920,560
0915.png,76,250,Smoke,1613,390,1689,640
0915.png,99,59,Smoke,1687,576,1786,635
0915.png,50,128,Smoke,1431,424,1481,552
0915.png,76,118,Smoke,1770,316,1846,434
0915.png,55,80,Smoke,546,424,601,504
0915.png,23,113,Smoke,1214,466,1237,579
0915.png,57,57,Smoke,1773,313,1830,370
0916.png,80,48,Smoke,414,514,494,562
0916.png,143,95,Smoke,598,460,741,555
0916.png,101,160,Smoke,813,387,914,547
0916.png,111,233,Smoke,1025,318,1136,551
0916.png,32,158,Smoke,963,380,995,538
0916.png,29,218,Smoke,1163,355,1192,573
0916.png,124,174,Smoke,1252,379,1376,553
0916.png,174,109,Smoke,1746,451,1920,560
0916.png,76,250,Smoke,1613,391,1689,641
0916.png,99,59,Smoke,1687,576,1786,635
0916.png,50,128,Smoke,1431,424,1481,552
0916.png,76,118,Smoke,1770,316,1846,434
0916.png,55,80,Smoke,546,424,601,504
0916.png,23,113,Smoke,1214,466,1237,579
0916.png,57,57,Smoke,1773,313,1830,370
0917.png,80,48,Smoke,414,514,494,562
0917.png,143,95,Smoke,598,460,741,555
0917.png,101,160,Smoke,813,387,914,547
0917.png,111,233,Smoke,1025,318,1136,551
0917.png,32,158,Smoke,963,380,995,538
0917.png,29,218,Smoke,1163,355,1192,573
0917.png,124,174,Smoke,1252,379,1376,553
0917.png,174,109,Smoke,1746,451,1920,560
0917.png,76,250,Smoke,1612,390,1688,640
0917.png,99,59,Smoke,1687,576,1786,635
0917.png,50,128,Smoke,1431,424,1481,552
0917.png,76,118,Smoke,1770,316,1846,434
0917.png,55,80,Smoke,546,424,601,504
0917.png,23,113,Smoke,1214,466,1237,579
0917.png,57,57,Smoke,1773,313,1830,370
0918.png,80,48,Smoke,414,514,494,562
0918.png,143,95,Smoke,598,460,741,555
0918.png,101,160,Smoke,813,387,914,547
0918.png,111,233,Smoke,1026,318,1137,551
0918.png,32,158,Smoke,962,381,994,539
0918.png,29,218,Smoke,1163,355,1192,573
0918.png,124,174,Smoke,1253,379,1377,553
0918.png,174,109,Smoke,1746,452,1920,561
0918.png,76,250,Smoke,1613,391,1689,641
0918.png,99,59,Smoke,1687,576,1786,635
0918.png,50,128,Smoke,1431,424,1481,552
0918.png,76,118,Smoke,1769,316,1845,434
0918.png,55,80,Smoke,546,424,601,504
0918.png,23,113,Smoke,1214,466,1237,579
0918.png,57,57,Smoke,1773,313,1830,370
0919.png,80,48,Smoke,414,514,494,562
0919.png,143,95,Smoke,598,460,741,555
0919.png,101,160,Smoke,813,385,914,545
0919.png,111,233,Smoke,1026,318,1137,551
0919.png,32,158,Smoke,962,380,994,538
0919.png,29,218,Smoke,1163,355,1192,573
0919.png,124,174,Smoke,1253,379,1377,553
0919.png,174,109,Smoke,1746,452,1920,561
0919.png,76,250,Smoke,1613,391,1689,641
0919.png,99,59,Smoke,1687,576,1786,635
0919.png,50,128,Smoke,1431,424,1481,552
0919.png,76,118,Smoke,1769,316,1845,434
0919.png,55,80,Smoke,546,424,601,504
0919.png,23,113,Smoke,1214,466,1237,579
0919.png,57,57,Smoke,1773,313,1830,370
0920.png,80,48,Smoke,414,514,494,562
0920.png,143,95,Smoke,596,460,739,555
0920.png,101,160,Smoke,813,385,914,545
0920.png,111,233,Smoke,1026,317,1137,550
0920.png,32,158,Smoke,962,381,994,539
0920.png,29,218,Smoke,1163,355,1192,573
0920.png,124,174,Smoke,1252,379,1376,553
0920.png,174,109,Smoke,1746,452,1920,561
0920.png,76,250,Smoke,1613,391,1689,641
0920.png,99,59,Smoke,1687,576,1786,635
0920.png,50,128,Smoke,1431,424,1481,552
0920.png,76,118,Smoke,1770,316,1846,434
0920.png,55,80,Smoke,546,424,601,504
0920.png,23,113,Smoke,1214,466,1237,579
0920.png,57,57,Smoke,1773,313,1830,370
0921.png,80,48,Smoke,414,514,494,562
0921.png,143,95,Smoke,596,460,739,555
0921.png,101,160,Smoke,813,385,914,545
0921.png,111,233,Smoke,1026,317,1137,550
0921.png,32,158,Smoke,962,381,994,539
0921.png,29,218,Smoke,1163,355,1192,573
0921.png,124,174,Smoke,1252,379,1376,553
0921.png,174,109,Smoke,1746,452,1920,561
0921.png,76,250,Smoke,1612,390,1688,640
0921.png,99,59,Smoke,1687,576,1786,635
0921.png,50,128,Smoke,1431,424,1481,552
0921.png,76,118,Smoke,1769,316,1845,434
0921.png,55,80,Smoke,546,424,601,504
0921.png,23,113,Smoke,1214,466,1237,579
0921.png,57,57,Smoke,1773,313,1830,370
0921.png,55,80,Smoke,546,424,601,504
0921.png,23,113,Smoke,1214,466,1237,579
0922.png,80,48,Smoke,414,514,494,562
0922.png,143,95,Smoke,596,460,739,555
0922.png,101,160,Smoke,813,385,914,545
0922.png,111,233,Smoke,1026,317,1137,550
0922.png,32,158,Smoke,962,381,994,539
0922.png,29,218,Smoke,1163,353,1192,571
0922.png,124,174,Smoke,1252,379,1376,553
0922.png,174,109,Smoke,1746,452,1920,561
0922.png,76,250,Smoke,1611,390,1687,640
0922.png,99,59,Smoke,1687,575,1786,634
0922.png,50,128,Smoke,1431,424,1481,552
0922.png,76,118,Smoke,1769,316,1845,434
0922.png,57,57,Smoke,1773,313,1830,370
0922.png,55,80,Smoke,546,424,601,504
0922.png,23,113,Smoke,1214,466,1237,579
0923.png,80,48,Smoke,414,514,494,562
0923.png,143,95,Smoke,596,460,739,555
0923.png,101,160,Smoke,813,385,914,545
0923.png,111,233,Smoke,1026,317,1137,550
0923.png,32,158,Smoke,962,381,994,539
0923.png,29,218,Smoke,1163,355,1192,573
0923.png,124,174,Smoke,1252,379,1376,553
0923.png,174,109,Smoke,1746,452,1920,561
0923.png,76,250,Smoke,1612,390,1688,640
0923.png,99,59,Smoke,1687,576,1786,635
0923.png,50,128,Smoke,1431,424,1481,552
0923.png,76,118,Smoke,1769,316,1845,434
0923.png,57,57,Smoke,1773,313,1830,370
0924.png,80,48,Smoke,414,514,494,562
0924.png,143,95,Smoke,596,460,739,555
0924.png,101,160,Smoke,813,385,914,545
0924.png,111,233,Smoke,1026,317,1137,550
0924.png,32,158,Smoke,962,381,994,539
0924.png,29,218,Smoke,1163,355,1192,573
0924.png,124,174,Smoke,1252,379,1376,553
0924.png,174,109,Smoke,1746,452,1920,561
0924.png,76,250,Smoke,1611,389,1687,639
0924.png,99,59,Smoke,1687,575,1786,634
0924.png,50,128,Smoke,1431,424,1481,552
0924.png,76,118,Smoke,1768,316,1844,434
0924.png,55,80,Smoke,546,424,601,504
0924.png,23,113,Smoke,1214,466,1237,579
0924.png,57,57,Smoke,1773,313,1830,370
0925.png,80,48,Smoke,414,514,494,562
0925.png,143,95,Smoke,597,460,740,555
0925.png,101,160,Smoke,813,385,914,545
0925.png,111,233,Smoke,1026,317,1137,550
0925.png,32,158,Smoke,962,381,994,539
0925.png,29,218,Smoke,1163,355,1192,573
0925.png,124,174,Smoke,1252,379,1376,553
0925.png,174,109,Smoke,1746,452,1920,561
0925.png,76,250,Smoke,1612,390,1688,640
0925.png,99,59,Smoke,1687,577,1786,636
0925.png,50,128,Smoke,1431,424,1481,552
0925.png,76,118,Smoke,1769,316,1845,434
0925.png,55,80,Smoke,546,424,601,504
0925.png,23,113,Smoke,1214,466,1237,579
0925.png,57,57,Smoke,1773,313,1830,370
0926.png,80,48,Smoke,414,514,494,562
0926.png,143,95,Smoke,596,461,739,556
0926.png,101,160,Smoke,813,385,914,545
0926.png,111,233,Smoke,1026,317,1137,550
0926.png,32,158,Smoke,962,381,994,539
0926.png,29,218,Smoke,1163,355,1192,573
0926.png,124,174,Smoke,1252,379,1376,553
0926.png,174,109,Smoke,1746,452,1920,561
0926.png,76,250,Smoke,1612,390,1688,640
0926.png,99,59,Smoke,1687,577,1786,636
0926.png,50,128,Smoke,1431,424,1481,552
0926.png,76,118,Smoke,1769,316,1845,434
0926.png,55,80,Smoke,546,424,601,504
0926.png,23,113,Smoke,1214,466,1237,579
0926.png,57,57,Smoke,1773,313,1830,370
0927.png,80,48,Smoke,414,514,494,562
0927.png,143,95,Smoke,596,460,739,555
0927.png,101,160,Smoke,813,383,914,543
0927.png,111,233,Smoke,1026,317,1137,550
0927.png,32,158,Smoke,962,381,994,539
0927.png,29,218,Smoke,1163,355,1192,573
0927.png,124,174,Smoke,1252,379,1376,553
0927.png,174,109,Smoke,1746,452,1920,561
0927.png,76,250,Smoke,1613,390,1689,640
0927.png,99,59,Smoke,1687,576,1786,635
0927.png,50,128,Smoke,1431,424,1481,552
0927.png,76,118,Smoke,1769,316,1845,434
0927.png,55,80,Smoke,546,424,601,504
0927.png,23,113,Smoke,1214,463,1237,576
0927.png,57,57,Smoke,1773,313,1830,370
0928.png,80,48,Smoke,414,514,494,562
0928.png,143,95,Smoke,595,460,738,555
0928.png,101,160,Smoke,813,385,914,545
0928.png,111,233,Smoke,1027,317,1138,550
0928.png,32,158,Smoke,962,381,994,539
0928.png,29,218,Smoke,1163,355,1192,573
0928.png,124,174,Smoke,1252,379,1376,553
0928.png,174,109,Smoke,1746,452,1920,561
0928.png,76,250,Smoke,1613,390,1689,640
0928.png,99,59,Smoke,1687,576,1786,635
0928.png,50,128,Smoke,1431,424,1481,552
0928.png,76,118,Smoke,1769,316,1845,434
0928.png,55,80,Smoke,546,424,601,504
0928.png,23,113,Smoke,1214,466,1237,579
0928.png,57,57,Smoke,1773,313,1830,370
0929.png,80,48,Smoke,414,514,494,562
0929.png,143,95,Smoke,595,460,738,555
0929.png,101,160,Smoke,813,383,914,543
0929.png,111,233,Smoke,1027,317,1138,550
0929.png,32,158,Smoke,962,381,994,539
0929.png,29,218,Smoke,1163,353,1192,571
0929.png,124,174,Smoke,1252,379,1376,553
0929.png,174,109,Smoke,1746,452,1920,561
0929.png,76,250,Smoke,1613,390,1689,640
0929.png,99,59,Smoke,1687,576,1786,635
0929.png,50,128,Smoke,1431,424,1481,552
0929.png,76,118,Smoke,1769,316,1845,434
0929.png,55,80,Smoke,546,424,601,504
0929.png,23,113,Smoke,1214,466,1237,579
0929.png,57,57,Smoke,1773,313,1830,370
0930.png,80,48,Smoke,414,514,494,562
0930.png,143,95,Smoke,595,459,738,554
0930.png,101,160,Smoke,813,385,914,545
0930.png,111,233,Smoke,1027,317,1138,550
0930.png,32,158,Smoke,962,381,994,539
0930.png,29,218,Smoke,1163,355,1192,573
0930.png,124,174,Smoke,1252,379,1376,553
0930.png,174,109,Smoke,1746,452,1920,561
0930.png,76,250,Smoke,1613,390,1689,640
0930.png,99,59,Smoke,1687,577,1786,636
0930.png,50,128,Smoke,1431,424,1481,552
0930.png,76,118,Smoke,1769,316,1845,434
0930.png,55,80,Smoke,546,424,601,504
0930.png,23,113,Smoke,1214,466,1237,579
0930.png,57,57,Smoke,1773,313,1830,370
0931.png,80,48,Smoke,414,514,494,562
0931.png,143,95,Smoke,595,460,738,555
0931.png,101,160,Smoke,813,383,914,543
0931.png,111,233,Smoke,1027,317,1138,550
0931.png,32,158,Smoke,962,381,994,539
0931.png,29,218,Smoke,1163,355,1192,573
0931.png,124,174,Smoke,1252,379,1376,553
0931.png,176,109,Smoke,1744,452,1920,561
0931.png,76,250,Smoke,1613,388,1689,638
0931.png,99,59,Smoke,1688,577,1787,636
0931.png,50,128,Smoke,1431,424,1481,552
0931.png,76,118,Smoke,1769,316,1845,434
0931.png,55,80,Smoke,546,424,601,504
0931.png,23,113,Smoke,1214,466,1237,579
0931.png,57,57,Smoke,1773,313,1830,370
0931.png,55,80,Smoke,546,424,601,504
0931.png,23,113,Smoke,1214,466,1237,579
0932.png,80,48,Smoke,414,514,494,562
0932.png,143,95,Smoke,595,460,738,555
0932.png,101,160,Smoke,813,383,914,543
0932.png,111,233,Smoke,1027,317,1138,550
0932.png,32,158,Smoke,962,381,994,539
0932.png,29,218,Smoke,1163,353,1192,571
0932.png,124,174,Smoke,1252,379,1376,553
0932.png,175,109,Smoke,1745,452,1920,561
0932.png,76,250,Smoke,1613,388,1689,638
0932.png,99,59,Smoke,1688,577,1787,636
0932.png,50,128,Smoke,1431,424,1481,552
0932.png,76,118,Smoke,1769,316,1845,434
0932.png,57,57,Smoke,1773,313,1830,370
0932.png,55,80,Smoke,546,424,601,504
0932.png,23,113,Smoke,1214,467,1237,580
0933.png,80,48,Smoke,414,514,494,562
0933.png,143,95,Smoke,595,460,738,555
0933.png,101,160,Smoke,813,383,914,543
0933.png,111,233,Smoke,1027,317,1138,550
0933.png,32,158,Smoke,962,381,994,539
0933.png,29,218,Smoke,1163,355,1192,573
0933.png,124,174,Smoke,1252,379,1376,553
0933.png,176,109,Smoke,1744,452,1920,561
0933.png,76,250,Smoke,1613,388,1689,638
0933.png,99,59,Smoke,1688,577,1787,636
0933.png,50,128,Smoke,1431,424,1481,552
0933.png,76,118,Smoke,1769,316,1845,434
0933.png,57,57,Smoke,1773,313,1830,370
0934.png,80,48,Smoke,414,514,494,562
0934.png,143,95,Smoke,595,459,738,554
0934.png,101,160,Smoke,812,383,913,543
0934.png,111,233,Smoke,1027,317,1138,550
0934.png,32,158,Smoke,962,381,994,539
0934.png,29,218,Smoke,1163,355,1192,573
0934.png,124,174,Smoke,1252,378,1376,552
0934.png,175,109,Smoke,1745,452,1920,561
0934.png,76,250,Smoke,1613,388,1689,638
0934.png,99,59,Smoke,1688,577,1787,636
0934.png,50,128,Smoke,1431,424,1481,552
0934.png,76,118,Smoke,1769,316,1845,434
0934.png,55,80,Smoke,546,424,601,504
0934.png,23,113,Smoke,1214,467,1237,580
0934.png,57,57,Smoke,1773,313,1830,370
0935.png,80,48,Smoke,414,514,494,562
0935.png,143,95,Smoke,595,462,738,557
0935.png,101,160,Smoke,812,383,913,543
0935.png,111,233,Smoke,1027,317,1138,550
0935.png,32,158,Smoke,962,381,994,539
0935.png,29,218,Smoke,1163,353,1192,571
0935.png,124,174,Smoke,1253,379,1377,553
0935.png,176,109,Smoke,1744,452,1920,561
0935.png,76,250,Smoke,1613,388,1689,638
0935.png,99,59,Smoke,1688,577,1787,636
0935.png,50,128,Smoke,1432,424,1482,552
0935.png,76,118,Smoke,1769,316,1845,434
0935.png,55,80,Smoke,546,424,601,504
0935.png,23,113,Smoke,1214,467,1237,580
0935.png,57,57,Smoke,1773,313,1830,370
0936.png,80,48,Smoke,414,514,494,562
0936.png,143,95,Smoke,595,462,738,557
0936.png,101,160,Smoke,814,383,915,543
0936.png,111,233,Smoke,1027,317,1138,550
0936.png,32,158,Smoke,962,381,994,539
0936.png,29,218,Smoke,1163,355,1192,573
0936.png,124,174,Smoke,1253,379,1377,553
0936.png,175,109,Smoke,1745,452,1920,561
0936.png,76,250,Smoke,1613,388,1689,638
0936.png,99,59,Smoke,1688,577,1787,636
0936.png,50,128,Smoke,1431,424,1481,552
0936.png,76,118,Smoke,1769,317,1845,435
0936.png,55,80,Smoke,546,424,601,504
0936.png,23,113,Smoke,1214,467,1237,580
0936.png,57,57,Smoke,1773,313,1830,370
0937.png,80,48,Smoke,414,514,494,562
0937.png,143,95,Smoke,595,461,738,556
0937.png,101,160,Smoke,813,383,914,543
0937.png,111,233,Smoke,1027,317,1138,550
0937.png,32,158,Smoke,962,381,994,539
0937.png,29,218,Smoke,1163,353,1192,571
0937.png,124,174,Smoke,1253,379,1377,553
0937.png,176,109,Smoke,1744,451,1920,560
0937.png,76,250,Smoke,1613,388,1689,638
0937.png,99,59,Smoke,1688,578,1787,637
0937.png,50,128,Smoke,1431,424,1481,552
0937.png,76,118,Smoke,1769,316,1845,434
0937.png,55,80,Smoke,546,424,601,504
0937.png,23,113,Smoke,1214,467,1237,580
0937.png,57,57,Smoke,1773,313,1830,370
0938.png,80,48,Smoke,414,514,494,562
0938.png,143,95,Smoke,595,462,738,557
0938.png,101,160,Smoke,813,383,914,543
0938.png,111,233,Smoke,1027,317,1138,550
0938.png,32,158,Smoke,962,381,994,539
0938.png,29,218,Smoke,1163,353,1192,571
0938.png,124,174,Smoke,1253,379,1377,553
0938.png,177,109,Smoke,1743,451,1920,560
0938.png,76,250,Smoke,1613,388,1689,638
0938.png,99,59,Smoke,1688,577,1787,636
0938.png,50,128,Smoke,1432,424,1482,552
0938.png,76,118,Smoke,1769,316,1845,434
0938.png,55,80,Smoke,546,424,601,504
0938.png,23,113,Smoke,1214,467,1237,580
0938.png,57,57,Smoke,1773,313,1830,370
0939.png,80,48,Smoke,414,514,494,562
0939.png,143,95,Smoke,595,461,738,556
0939.png,101,160,Smoke,813,383,914,543
0939.png,111,233,Smoke,1027,317,1138,550
0939.png,32,158,Smoke,962,381,994,539
0939.png,29,218,Smoke,1163,353,1192,571
0939.png,124,174,Smoke,1252,379,1376,553
0939.png,176,109,Smoke,1744,451,1920,560
0939.png,76,250,Smoke,1614,388,1690,638
0939.png,99,59,Smoke,1688,577,1787,636
0939.png,50,128,Smoke,1431,424,1481,552
0939.png,76,118,Smoke,1769,316,1845,434
0939.png,55,80,Smoke,546,424,601,504
0939.png,23,113,Smoke,1214,467,1237,580
0939.png,57,57,Smoke,1773,313,1830,370
0940.png,80,48,Smoke,414,514,494,562
0940.png,143,95,Smoke,595,462,738,557
0940.png,101,160,Smoke,813,383,914,543
0940.png,111,233,Smoke,1027,317,1138,550
0940.png,32,158,Smoke,962,381,994,539
0940.png,29,218,Smoke,1163,353,1192,571
0940.png,124,174,Smoke,1253,379,1377,553
0940.png,178,109,Smoke,1742,452,1920,561
0940.png,76,250,Smoke,1613,388,1689,638
0940.png,99,59,Smoke,1688,577,1787,636
0940.png,50,128,Smoke,1431,424,1481,552
0940.png,76,118,Smoke,1769,316,1845,434
0940.png,55,80,Smoke,546,424,601,504
0940.png,23,113,Smoke,1214,467,1237,580
0940.png,57,57,Smoke,1773,313,1830,370
0941.png,80,48,Smoke,414,514,494,562
0941.png,143,95,Smoke,595,461,738,556
0941.png,101,160,Smoke,814,383,915,543
0941.png,111,233,Smoke,1027,317,1138,550
0941.png,32,158,Smoke,962,381,994,539
0941.png,29,218,Smoke,1163,353,1192,571
0941.png,124,174,Smoke,1253,379,1377,553
0941.png,179,109,Smoke,1741,453,1920,562
0941.png,76,250,Smoke,1614,388,1690,638
0941.png,99,59,Smoke,1688,578,1787,637
0941.png,50,128,Smoke,1431,424,1481,552
0941.png,76,118,Smoke,1769,316,1845,434
0941.png,55,80,Smoke,546,424,601,504
0941.png,23,113,Smoke,1214,467,1237,580
0941.png,57,57,Smoke,1773,313,1830,370
0941.png,55,80,Smoke,546,424,601,504
0941.png,23,113,Smoke,1214,467,1237,580
0942.png,80,48,Smoke,414,514,494,562
0942.png,143,95,Smoke,595,461,738,556
0942.png,101,160,Smoke,814,383,915,543
0942.png,111,233,Smoke,1027,317,1138,550
0942.png,32,158,Smoke,962,381,994,539
0942.png,29,218,Smoke,1163,353,1192,571
0942.png,124,174,Smoke,1253,379,1377,553
0942.png,180,109,Smoke,1740,453,1920,562
0942.png,76,250,Smoke,1613,388,1689,638
0942.png,99,59,Smoke,1688,577,1787,636
0942.png,50,128,Smoke,1431,424,1481,552
0942.png,76,118,Smoke,1769,316,1845,434
0942.png,57,57,Smoke,1773,313,1830,370
0942.png,55,80,Smoke,546,424,601,504
0942.png,23,113,Smoke,1214,468,1237,581
0943.png,80,48,Smoke,414,514,494,562
0943.png,143,95,Smoke,595,460,738,555
0943.png,101,160,Smoke,814,383,915,543
0943.png,111,233,Smoke,1027,317,1138,550
0943.png,32,158,Smoke,962,381,994,539
0943.png,29,218,Smoke,1163,353,1192,571
0943.png,124,174,Smoke,1253,379,1377,553
0943.png,180,109,Smoke,1740,453,1920,562
0943.png,76,250,Smoke,1613,388,1689,638
0943.png,99,59,Smoke,1688,578,1787,637
0943.png,50,128,Smoke,1431,424,1481,552
0943.png,76,118,Smoke,1769,316,1845,434
0943.png,57,57,Smoke,1773,313,1830,370
0944.png,80,48,Smoke,414,514,494,562
0944.png,143,95,Smoke,595,460,738,555
0944.png,101,160,Smoke,814,382,915,542
0944.png,111,233,Smoke,1027,317,1138,550
0944.png,32,158,Smoke,962,381,994,539
0944.png,29,218,Smoke,1163,353,1192,571
0944.png,124,174,Smoke,1253,379,1377,553
0944.png,180,109,Smoke,1740,453,1920,562
0944.png,76,250,Smoke,1613,388,1689,638
0944.png,99,59,Smoke,1688,577,1787,636
0944.png,50,128,Smoke,1431,424,1481,552
0944.png,76,118,Smoke,1769,316,1845,434
0944.png,55,80,Smoke,546,424,601,504
0944.png,23,113,Smoke,1214,467,1237,580
0944.png,57,57,Smoke,1773,313,1830,370
0945.png,80,48,Smoke,414,514,494,562
0945.png,143,95,Smoke,595,460,738,555
0945.png,101,160,Smoke,814,382,915,542
0945.png,111,233,Smoke,1027,317,1138,550
0945.png,32,158,Smoke,962,381,994,539
0945.png,29,218,Smoke,1163,353,1192,571
0945.png,124,174,Smoke,1253,379,1377,553
0945.png,179,109,Smoke,1741,456,1920,565
0945.png,76,250,Smoke,1613,388,1689,638
0945.png,99,59,Smoke,1688,577,1787,636
0945.png,50,128,Smoke,1431,424,1481,552
0945.png,76,118,Smoke,1769,316,1845,434
0945.png,55,80,Smoke,546,424,601,504
0945.png,23,113,Smoke,1214,467,1237,580
0945.png,57,57,Smoke,1773,313,1830,370
0946.png,80,48,Smoke,414,514,494,562
0946.png,118,107,Smoke,620,447,738,554
0946.png,101,160,Smoke,813,381,914,541
0946.png,111,233,Smoke,1027,317,1138,550
0946.png,32,158,Smoke,962,381,994,539
0946.png,29,218,Smoke,1163,353,1192,571
0946.png,124,174,Smoke,1253,379,1377,553
0946.png,179,109,Smoke,1741,455,1920,564
0946.png,76,250,Smoke,1613,388,1689,638
0946.png,99,59,Smoke,1688,578,1787,637
0946.png,50,128,Smoke,1431,424,1481,552
0946.png,76,118,Smoke,1769,315,1845,433
0946.png,55,80,Smoke,546,424,601,504
0946.png,23,113,Smoke,1214,467,1237,580
0946.png,57,57,Smoke,1773,313,1830,370
0947.png,80,48,Smoke,414,514,494,562
0947.png,118,107,Smoke,620,445,738,552
0947.png,101,160,Smoke,813,383,914,543
0947.png,111,233,Smoke,1027,317,1138,550
0947.png,32,158,Smoke,962,381,994,539
0947.png,29,218,Smoke,1163,353,1192,571
0947.png,124,174,Smoke,1253,379,1377,553
0947.png,179,109,Smoke,1741,456,1920,565
0947.png,76,250,Smoke,1613,388,1689,638
0947.png,99,59,Smoke,1688,577,1787,636
0947.png,50,128,Smoke,1431,424,1481,552
0947.png,76,118,Smoke,1769,316,1845,434
0947.png,55,80,Smoke,546,424,601,504
0947.png,23,113,Smoke,1214,469,1237,582
0947.png,57,57,Smoke,1773,313,1830,370
0948.png,80,48,Smoke,414,514,494,562
0948.png,118,107,Smoke,619,448,737,555
0948.png,101,160,Smoke,813,383,914,543
0948.png,111,233,Smoke,1027,317,1138,550
0948.png,32,158,Smoke,962,381,994,539
0948.png,29,218,Smoke,1163,353,1192,571
0948.png,124,174,Smoke,1253,379,1377,553
0948.png,179,109,Smoke,1741,456,1920,565
0948.png,76,250,Smoke,1614,388,1690,638
0948.png,99,59,Smoke,1688,577,1787,636
0948.png,50,128,Smoke,1431,424,1481,552
0948.png,76,118,Smoke,1769,316,1845,434
0948.png,55,80,Smoke,546,424,601,504
0948.png,23,113,Smoke,1214,468,1237,581
0948.png,57,57,Smoke,1773,313,1830,370
0949.png,80,48,Smoke,414,514,494,562
0949.png,118,107,Smoke,619,448,737,555
0949.png,101,160,Smoke,813,383,914,543
0949.png,111,233,Smoke,1027,319,1138,552
0949.png,32,158,Smoke,962,381,994,539
0949.png,29,218,Smoke,1163,353,1192,571
0949.png,124,174,Smoke,1253,379,1377,553
0949.png,179,109,Smoke,1741,456,1920,565
0949.png,76,250,Smoke,1613,388,1689,638
0949.png,99,59,Smoke,1688,577,1787,636
0949.png,50,128,Smoke,1431,424,1481,552
0949.png,76,118,Smoke,1769,316,1845,434
0949.png,55,80,Smoke,546,424,601,504
0949.png,23,113,Smoke,1214,468,1237,581
0949.png,57,57,Smoke,1773,313,1830,370
0950.png,80,48,Smoke,414,514,494,562
0950.png,118,107,Smoke,620,445,738,552
0950.png,101,160,Smoke,813,383,914,543
0950.png,111,233,Smoke,1027,317,1138,550
0950.png,32,158,Smoke,962,381,994,539
0950.png,29,218,Smoke,1163,353,1192,571
0950.png,124,174,Smoke,1253,379,1377,553
0950.png,179,109,Smoke,1741,456,1920,565
0950.png,76,250,Smoke,1613,388,1689,638
0950.png,99,59,Smoke,1688,577,1787,636
0950.png,50,128,Smoke,1431,424,1481,552
0950.png,76,118,Smoke,1769,316,1845,434
0950.png,55,80,Smoke,546,424,601,504
0950.png,23,113,Smoke,1214,469,1237,582
0950.png,57,57,Smoke,1773,313,1830,370
0951.png,80,48,Smoke,414,514,494,562
0951.png,118,107,Smoke,620,445,738,552
0951.png,101,160,Smoke,813,383,914,543
0951.png,111,233,Smoke,1027,317,1138,550
0951.png,32,158,Smoke,962,381,994,539
0951.png,29,218,Smoke,1163,353,1192,571
0951.png,124,174,Smoke,1253,379,1377,553
0951.png,179,109,Smoke,1741,456,1920,565
0951.png,76,250,Smoke,1614,389,1690,639
0951.png,99,59,Smoke,1688,577,1787,636
0951.png,50,128,Smoke,1431,424,1481,552
0951.png,76,118,Smoke,1769,316,1845,434
0951.png,55,80,Smoke,546,424,601,504
0951.png,23,113,Smoke,1214,468,1237,581
0951.png,57,57,Smoke,1773,313,1830,370
0951.png,55,80,Smoke,546,424,601,504
0951.png,23,113,Smoke,1214,468,1237,581
0952.png,80,48,Smoke,414,514,494,562
0952.png,118,107,Smoke,620,445,738,552
0952.png,101,160,Smoke,813,383,914,543
0952.png,111,233,Smoke,1027,317,1138,550
0952.png,32,158,Smoke,962,381,994,539
0952.png,29,218,Smoke,1163,353,1192,571
0952.png,124,174,Smoke,1253,379,1377,553
0952.png,179,109,Smoke,1741,456,1920,565
0952.png,76,250,Smoke,1613,389,1689,639
0952.png,99,59,Smoke,1689,577,1788,636
0952.png,50,128,Smoke,1431,424,1481,552
0952.png,76,118,Smoke,1769,316,1845,434
0952.png,57,57,Smoke,1773,313,1830,370
0952.png,55,80,Smoke,546,424,601,504
0952.png,23,113,Smoke,1214,469,1237,582
0953.png,80,48,Smoke,414,514,494,562
0953.png,118,107,Smoke,620,448,738,555
0953.png,101,160,Smoke,813,385,914,545
0953.png,111,233,Smoke,1027,316,1138,549
0953.png,32,158,Smoke,962,381,994,539
0953.png,29,218,Smoke,1163,353,1192,571
0953.png,124,174,Smoke,1253,379,1377,553
0953.png,179,109,Smoke,1741,456,1920,565
0953.png,76,250,Smoke,1614,389,1690,639
0953.png,99,59,Smoke,1689,577,1788,636
0953.png,50,128,Smoke,1431,424,1481,552
0953.png,76,118,Smoke,1769,316,1845,434
0953.png,57,57,Smoke,1773,313,1830,370
0954.png,80,48,Smoke,414,514,494,562
0954.png,118,107,Smoke,620,448,738,555
0954.png,101,160,Smoke,812,383,913,543
0954.png,111,233,Smoke,1027,317,1138,550
0954.png,32,158,Smoke,962,381,994,539
0954.png,29,218,Smoke,1163,353,1192,571
0954.png,124,174,Smoke,1253,379,1377,553
0954.png,179,109,Smoke,1741,456,1920,565
0954.png,76,250,Smoke,1613,389,1689,639
0954.png,99,59,Smoke,1689,577,1788,636
0954.png,50,128,Smoke,1431,424,1481,552
0954.png,76,118,Smoke,1769,316,1845,434
0954.png,55,80,Smoke,546,424,601,504
0954.png,23,113,Smoke,1214,468,1237,581
0954.png,57,57,Smoke,1773,313,1830,370
0955.png,80,48,Smoke,414,514,494,562
0955.png,118,107,Smoke,620,447,738,554
0955.png,101,160,Smoke,812,381,913,541
0955.png,111,233,Smoke,1027,317,1138,550
0955.png,32,158,Smoke,962,381,994,539
0955.png,29,218,Smoke,1163,353,1192,571
0955.png,124,174,Smoke,1253,379,1377,553
0955.png,179,109,Smoke,1741,456,1920,565
0955.png,76,250,Smoke,1613,389,1689,639
0955.png,99,59,Smoke,1688,577,1787,636
0955.png,50,128,Smoke,1431,424,1481,552
0955.png,76,118,Smoke,1769,316,1845,434
0955.png,55,80,Smoke,546,424,601,504
0955.png,23,113,Smoke,1214,469,1237,582
0955.png,57,57,Smoke,1773,313,1830,370
0956.png,80,48,Smoke,414,514,494,562
0956.png,118,107,Smoke,620,448,738,555
0956.png,101,160,Smoke,812,383,913,543
0956.png,111,233,Smoke,1027,317,1138,550
0956.png,32,158,Smoke,962,381,994,539
0956.png,29,218,Smoke,1163,353,1192,571
0956.png,124,174,Smoke,1253,379,1377,553
0956.png,179,109,Smoke,1741,456,1920,565
0956.png,76,250,Smoke,1613,389,1689,639
0956.png,99,59,Smoke,1687,576,1786,635
0956.png,50,128,Smoke,1431,424,1481,552
0956.png,76,118,Smoke,1769,316,1845,434
0956.png,55,80,Smoke,546,424,601,504
0956.png,23,113,Smoke,1214,468,1237,581
0956.png,57,57,Smoke,1773,313,1830,370
0957.png,80,48,Smoke,414,514,494,562
0957.png,118,107,Smoke,620,447,738,554
0957.png,101,160,Smoke,812,383,913,543
0957.png,111,233,Smoke,1027,317,1138,550
0957.png,32,158,Smoke,962,381,994,539
0957.png,29,218,Smoke,1163,353,1192,571
0957.png,124,174,Smoke,1253,379,1377,553
0957.png,179,109,Smoke,1741,456,1920,565
0957.png,76,250,Smoke,1613,389,1689,639
0957.png,99,59,Smoke,1689,577,1788,636
0957.png,50,128,Smoke,1431,425,1481,553
0957.png,76,118,Smoke,1769,316,1845,434
0957.png,55,80,Smoke,546,424,601,504
0957.png,23,113,Smoke,1214,468,1237,581
0957.png,57,57,Smoke,1773,313,1830,370
0958.png,80,48,Smoke,414,514,494,562
0958.png,118,107,Smoke,620,447,738,554
0958.png,101,160,Smoke,812,383,913,543
0958.png,111,233,Smoke,1027,317,1138,550
0958.png,32,158,Smoke,962,381,994,539
0958.png,29,218,Smoke,1163,353,1192,571
0958.png,124,174,Smoke,1253,379,1377,553
0958.png,179,109,Smoke,1741,456,1920,565
0958.png,76,250,Smoke,1613,389,1689,639
0958.png,99,59,Smoke,1688,577,1787,636
0958.png,50,128,Smoke,1431,424,1481,552
0958.png,76,118,Smoke,1769,316,1845,434
0958.png,55,80,Smoke,546,424,601,504
0958.png,23,113,Smoke,1214,469,1237,582
0958.png,57,57,Smoke,1773,313,1830,370
0959.png,80,48,Smoke,414,514,494,562
0959.png,118,107,Smoke,620,447,738,554
0959.png,101,160,Smoke,812,383,913,543
0959.png,111,233,Smoke,1027,317,1138,550
0959.png,32,158,Smoke,962,381,994,539
0959.png,29,218,Smoke,1163,353,1192,571
0959.png,124,174,Smoke,1253,379,1377,553
0959.png,179,109,Smoke,1741,457,1920,566
0959.png,76,250,Smoke,1612,389,1688,639
0959.png,99,59,Smoke,1688,578,1787,637
0959.png,50,128,Smoke,1431,424,1481,552
0959.png,76,118,Smoke,1769,316,1845,434
0959.png,55,80,Smoke,546,424,601,504
0959.png,23,113,Smoke,1214,469,1237,582
0959.png,57,57,Smoke,1773,313,1830,370
0960.png,80,48,Smoke,414,514,494,562
0960.png,118,107,Smoke,620,447,738,554
0960.png,101,160,Smoke,812,383,913,543
0960.png,111,233,Smoke,1027,317,1138,550
0960.png,32,158,Smoke,962,381,994,539
0960.png,29,218,Smoke,1163,353,1192,571
0960.png,124,174,Smoke,1253,379,1377,553
0960.png,179,109,Smoke,1741,457,1920,566
0960.png,76,250,Smoke,1612,389,1688,639
0960.png,99,59,Smoke,1688,577,1787,636
0960.png,50,128,Smoke,1431,424,1481,552
0960.png,76,118,Smoke,1769,316,1845,434
0960.png,55,80,Smoke,546,424,601,504
0960.png,23,113,Smoke,1214,468,1237,581
0960.png,57,57,Smoke,1773,313,1830,370
0961.png,80,48,Smoke,414,514,494,562
0961.png,118,107,Smoke,620,447,738,554
0961.png,101,160,Smoke,812,383,913,543
0961.png,111,233,Smoke,1027,317,1138,550
0961.png,32,158,Smoke,962,381,994,539
0961.png,29,218,Smoke,1163,353,1192,571
0961.png,124,174,Smoke,1253,379,1377,553
0961.png,179,109,Smoke,1741,457,1920,566
0961.png,76,250,Smoke,1615,390,1691,640
0961.png,99,59,Smoke,1688,577,1787,636
0961.png,50,128,Smoke,1431,424,1481,552
0961.png,76,118,Smoke,1769,316,1845,434
0961.png,55,80,Smoke,546,424,601,504
0961.png,23,113,Smoke,1214,469,1237,582
0961.png,57,57,Smoke,1773,313,1830,370
0961.png,55,80,Smoke,546,424,601,504
0961.png,23,113,Smoke,1214,469,1237,582
0962.png,80,48,Smoke,414,514,494,562
0962.png,118,107,Smoke,620,447,738,554
0962.png,101,160,Smoke,812,383,913,543
0962.png,111,233,Smoke,1027,317,1138,550
0962.png,32,158,Smoke,962,381,994,539
0962.png,29,218,Smoke,1163,353,1192,571
0962.png,124,174,Smoke,1253,379,1377,553
0962.png,179,109,Smoke,1741,457,1920,566
0962.png,76,250,Smoke,1615,390,1691,640
0962.png,99,59,Smoke,1688,577,1787,636
0962.png,50,128,Smoke,1431,424,1481,552
0962.png,76,118,Smoke,1769,316,1845,434
0962.png,57,57,Smoke,1773,313,1830,370
0962.png,55,80,Smoke,546,424,601,504
0962.png,23,113,Smoke,1214,468,1237,581
0963.png,80,48,Smoke,414,514,494,562
0963.png,118,107,Smoke,620,446,738,553
0963.png,101,160,Smoke,812,383,913,543
0963.png,111,233,Smoke,1027,317,1138,550
0963.png,32,158,Smoke,962,381,994,539
0963.png,29,218,Smoke,1163,353,1192,571
0963.png,124,174,Smoke,1253,379,1377,553
0963.png,179,109,Smoke,1741,457,1920,566
0963.png,76,250,Smoke,1615,390,1691,640
0963.png,99,59,Smoke,1688,577,1787,636
0963.png,50,128,Smoke,1431,424,1481,552
0963.png,76,118,Smoke,1769,316,1845,434
0963.png,57,57,Smoke,1773,313,1830,370
0964.png,80,48,Smoke,414,514,494,562
0964.png,118,107,Smoke,620,447,738,554
0964.png,101,160,Smoke,813,383,914,543
0964.png,111,233,Smoke,1027,317,1138,550
0964.png,32,158,Smoke,962,381,994,539
0964.png,29,218,Smoke,1163,353,1192,571
0964.png,124,174,Smoke,1253,379,1377,553
0964.png,179,109,Smoke,1741,457,1920,566
0964.png,76,250,Smoke,1615,390,1691,640
0964.png,99,59,Smoke,1688,577,1787,636
0964.png,50,128,Smoke,1431,424,1481,552
0964.png,76,118,Smoke,1769,316,1845,434
0964.png,55,80,Smoke,546,424,601,504
0964.png,23,113,Smoke,1214,469,1237,582
0964.png,57,57,Smoke,1773,313,1830,370
0965.png,80,48,Smoke,414,514,494,562
0965.png,118,107,Smoke,620,446,738,553
0965.png,101,160,Smoke,813,383,914,543
0965.png,111,233,Smoke,1027,317,1138,550
0965.png,32,158,Smoke,962,381,994,539
0965.png,29,218,Smoke,1163,353,1192,571
0965.png,124,174,Smoke,1253,379,1377,553
0965.png,179,109,Smoke,1741,457,1920,566
0965.png,76,250,Smoke,1615,390,1691,640
0965.png,99,59,Smoke,1688,577,1787,636
0965.png,50,128,Smoke,1431,424,1481,552
0965.png,76,118,Smoke,1769,316,1845,434
0965.png,55,80,Smoke,546,424,601,504
0965.png,23,113,Smoke,1214,468,1237,581
0965.png,57,57,Smoke,1773,313,1830,370
0966.png,80,48,Smoke,414,514,494,562
0966.png,118,107,Smoke,620,445,738,552
0966.png,101,160,Smoke,813,383,914,543
0966.png,111,233,Smoke,1027,317,1138,550
0966.png,32,158,Smoke,962,381,994,539
0966.png,29,218,Smoke,1163,353,1192,571
0966.png,124,174,Smoke,1253,379,1377,553
0966.png,179,109,Smoke,1741,457,1920,566
0966.png,76,250,Smoke,1615,390,1691,640
0966.png,99,59,Smoke,1688,577,1787,636
0966.png,50,128,Smoke,1431,424,1481,552
0966.png,76,118,Smoke,1769,316,1845,434
0966.png,55,80,Smoke,546,424,601,504
0966.png,23,113,Smoke,1214,468,1237,581
0966.png,57,57,Smoke,1773,313,1830,370
0967.png,80,48,Smoke,414,514,494,562
0967.png,118,107,Smoke,620,446,738,553
0967.png,101,160,Smoke,813,383,914,543
0967.png,111,233,Smoke,1026,317,1137,550
0967.png,32,158,Smoke,962,381,994,539
0967.png,29,218,Smoke,1163,353,1192,571
0967.png,124,174,Smoke,1253,379,1377,553
0967.png,179,109,Smoke,1741,457,1920,566
0967.png,76,250,Smoke,1615,390,1691,640
0967.png,99,59,Smoke,1688,577,1787,636
0967.png,50,128,Smoke,1431,424,1481,552
0967.png,76,118,Smoke,1769,316,1845,434
0967.png,55,80,Smoke,546,424,601,504
0967.png,23,113,Smoke,1214,467,1237,580
0967.png,57,57,Smoke,1773,313,1830,370
0968.png,80,48,Smoke,414,514,494,562
0968.png,118,107,Smoke,620,446,738,553
0968.png,101,160,Smoke,813,383,914,543
0968.png,111,233,Smoke,1027,315,1138,548
0968.png,32,158,Smoke,962,381,994,539
0968.png,29,218,Smoke,1163,353,1192,571
0968.png,124,174,Smoke,1253,379,1377,553
0968.png,179,109,Smoke,1741,457,1920,566
0968.png,76,250,Smoke,1615,390,1691,640
0968.png,99,59,Smoke,1688,577,1787,636
0968.png,50,128,Smoke,1431,424,1481,552
0968.png,76,118,Smoke,1769,316,1845,434
0968.png,55,80,Smoke,546,424,601,504
0968.png,23,113,Smoke,1214,468,1237,581
0968.png,57,57,Smoke,1773,313,1830,370
0969.png,80,48,Smoke,414,514,494,562
0969.png,118,107,Smoke,620,447,738,554
0969.png,101,160,Smoke,813,383,914,543
0969.png,111,233,Smoke,1027,317,1138,550
0969.png,32,158,Smoke,962,381,994,539
0969.png,29,218,Smoke,1163,353,1192,571
0969.png,124,174,Smoke,1253,379,1377,553
0969.png,179,109,Smoke,1741,457,1920,566
0969.png,76,250,Smoke,1615,390,1691,640
0969.png,99,59,Smoke,1688,577,1787,636
0969.png,50,128,Smoke,1431,424,1481,552
0969.png,76,118,Smoke,1769,316,1845,434
0969.png,55,80,Smoke,546,424,601,504
0969.png,23,113,Smoke,1214,468,1237,581
0969.png,57,57,Smoke,1773,313,1830,370
0970.png,80,48,Smoke,414,514,494,562
0970.png,118,107,Smoke,620,442,738,549
0970.png,101,160,Smoke,812,381,913,541
0970.png,111,233,Smoke,1027,315,1138,548
0970.png,32,158,Smoke,962,381,994,539
0970.png,29,218,Smoke,1163,353,1192,571
0970.png,124,174,Smoke,1253,379,1377,553
0970.png,179,109,Smoke,1741,457,1920,566
0970.png,76,250,Smoke,1615,390,1691,640
0970.png,99,59,Smoke,1688,577,1787,636
0970.png,50,128,Smoke,1431,424,1481,552
0970.png,76,118,Smoke,1769,316,1845,434
0970.png,55,80,Smoke,546,424,601,504
0970.png,23,113,Smoke,1214,468,1237,581
0970.png,57,57,Smoke,1773,313,1830,370
0971.png,80,48,Smoke,414,514,494,562
0971.png,118,107,Smoke,619,447,737,554
0971.png,101,160,Smoke,812,381,913,541
0971.png,111,233,Smoke,1026,317,1137,550
0971.png,32,158,Smoke,962,381,994,539
0971.png,29,218,Smoke,1163,353,1192,571
0971.png,124,174,Smoke,1253,379,1377,553
0971.png,179,109,Smoke,1741,456,1920,565
0971.png,76,250,Smoke,1615,390,1691,640
0971.png,99,59,Smoke,1688,577,1787,636
0971.png,50,128,Smoke,1431,424,1481,552
0971.png,76,118,Smoke,1769,316,1845,434
0971.png,55,80,Smoke,546,424,601,504
0971.png,23,113,Smoke,1214,468,1237,581
0971.png,57,57,Smoke,1773,313,1830,370
0971.png,55,80,Smoke,546,424,601,504
0971.png,23,113,Smoke,1214,468,1237,581
0972.png,80,48,Smoke,414,514,494,562
0972.png,118,107,Smoke,619,448,737,555
0972.png,101,160,Smoke,812,381,913,541
0972.png,111,233,Smoke,1027,317,1138,550
0972.png,32,158,Smoke,962,380,994,538
0972.png,29,218,Smoke,1163,353,1192,571
0972.png,124,174,Smoke,1253,379,1377,553
0972.png,179,109,Smoke,1741,456,1920,565
0972.png,76,250,Smoke,1615,390,1691,640
0972.png,99,59,Smoke,1688,577,1787,636
0972.png,50,128,Smoke,1431,425,1481,553
0972.png,76,118,Smoke,1769,316,1845,434
0972.png,57,57,Smoke,1773,313,1830,370
0972.png,55,80,Smoke,546,424,601,504
0972.png,23,113,Smoke,1214,468,1237,581
0973.png,80,48,Smoke,414,514,494,562
0973.png,118,107,Smoke,619,447,737,554
0973.png,101,160,Smoke,812,381,913,541
0973.png,111,233,Smoke,1026,317,1137,550
0973.png,32,158,Smoke,962,381,994,539
0973.png,29,218,Smoke,1163,353,1192,571
0973.png,124,174,Smoke,1253,379,1377,553
0973.png,179,109,Smoke,1741,456,1920,565
0973.png,76,250,Smoke,1615,390,1691,640
0973.png,99,59,Smoke,1688,577,1787,636
0973.png,50,128,Smoke,1431,425,1481,553
0973.png,76,118,Smoke,1769,316,1845,434
0973.png,57,57,Smoke,1773,313,1830,370
0974.png,80,48,Smoke,414,514,494,562
0974.png,118,107,Smoke,619,447,737,554
0974.png,101,160,Smoke,812,381,913,541
0974.png,111,233,Smoke,1026,317,1137,550
0974.png,32,158,Smoke,962,379,994,537
0974.png,29,218,Smoke,1163,352,1192,570
0974.png,124,174,Smoke,1253,379,1377,553
0974.png,179,109,Smoke,1741,456,1920,565
0974.png,76,250,Smoke,1615,390,1691,640
0974.png,99,59,Smoke,1688,577,1787,636
0974.png,50,128,Smoke,1431,424,1481,552
0974.png,76,118,Smoke,1769,316,1845,434
0974.png,55,80,Smoke,546,424,601,504
0974.png,23,113,Smoke,1214,468,1237,581
0974.png,57,57,Smoke,1773,313,1830,370
0975.png,80,48,Smoke,414,514,494,562
0975.png,118,107,Smoke,619,447,737,554
0975.png,101,160,Smoke,812,381,913,541
0975.png,111,233,Smoke,1026,317,1137,550
0975.png,32,158,Smoke,962,381,994,539
0975.png,29,218,Smoke,1163,352,1192,570
0975.png,124,174,Smoke,1253,379,1377,553
0975.png,179,109,Smoke,1741,456,1920,565
0975.png,76,250,Smoke,1615,390,1691,640
0975.png,99,59,Smoke,1688,577,1787,636
0975.png,50,128,Smoke,1431,424,1481,552
0975.png,76,118,Smoke,1769,316,1845,434
0975.png,55,80,Smoke,546,424,601,504
0975.png,23,113,Smoke,1214,468,1237,581
0975.png,57,57,Smoke,1773,313,1830,370
0976.png,80,48,Smoke,414,514,494,562
0976.png,118,107,Smoke,619,447,737,554
0976.png,101,160,Smoke,812,380,913,540
0976.png,111,233,Smoke,1026,315,1137,548
0976.png,32,158,Smoke,962,381,994,539
0976.png,29,218,Smoke,1163,355,1192,573
0976.png,124,174,Smoke,1253,379,1377,553
0976.png,179,109,Smoke,1741,455,1920,564
0976.png,76,250,Smoke,1615,390,1691,640
0976.png,99,59,Smoke,1688,577,1787,636
0976.png,50,128,Smoke,1431,424,1481,552
0976.png,76,118,Smoke,1769,316,1845,434
0976.png,55,80,Smoke,546,424,601,504
0976.png,23,113,Smoke,1214,468,1237,581
0976.png,57,57,Smoke,1773,313,1830,370
0977.png,80,48,Smoke,414,514,494,562
0977.png,118,107,Smoke,619,447,737,554
0977.png,101,160,Smoke,812,379,913,539
0977.png,111,233,Smoke,1026,317,1137,550
0977.png,32,158,Smoke,962,381,994,539
0977.png,29,218,Smoke,1163,352,1192,570
0977.png,124,174,Smoke,1253,379,1377,553
0977.png,179,109,Smoke,1741,456,1920,565
0977.png,76,250,Smoke,1615,390,1691,640
0977.png,99,59,Smoke,1688,577,1787,636
0977.png,50,128,Smoke,1431,424,1481,552
0977.png,76,118,Smoke,1769,316,1845,434
0977.png,55,80,Smoke,546,424,601,504
0977.png,23,113,Smoke,1214,468,1237,581
0977.png,57,57,Smoke,1773,313,1830,370
0978.png,80,48,Smoke,414,514,494,562
0978.png,118,107,Smoke,619,446,737,553
0978.png,101,160,Smoke,812,379,913,539
0978.png,111,233,Smoke,1026,317,1137,550
0978.png,32,158,Smoke,962,380,994,538
0978.png,29,218,Smoke,1163,353,1192,571
0978.png,124,174,Smoke,1253,379,1377,553
0978.png,179,109,Smoke,1741,456,1920,565
0978.png,76,250,Smoke,1615,390,1691,640
0978.png,99,59,Smoke,1688,577,1787,636
0978.png,50,128,Smoke,1431,425,1481,553
0978.png,76,118,Smoke,1769,316,1845,434
0978.png,55,80,Smoke,546,424,601,504
0978.png,23,113,Smoke,1214,468,1237,581
0978.png,57,57,Smoke,1773,313,1830,370
0979.png,80,48,Smoke,414,514,494,562
0979.png,118,107,Smoke,619,446,737,553
0979.png,101,160,Smoke,812,381,913,541
0979.png,111,233,Smoke,1026,317,1137,550
0979.png,32,158,Smoke,962,380,994,538
0979.png,29,218,Smoke,1163,353,1192,571
0979.png,124,174,Smoke,1253,379,1377,553
0979.png,179,109,Smoke,1741,456,1920,565
0979.png,76,250,Smoke,1615,390,1691,640
0979.png,99,59,Smoke,1688,577,1787,636
0979.png,50,128,Smoke,1431,425,1481,553
0979.png,76,118,Smoke,1769,316,1845,434
0979.png,55,80,Smoke,546,424,601,504
0979.png,23,113,Smoke,1214,467,1237,580
0979.png,57,57,Smoke,1773,313,1830,370
0980.png,80,48,Smoke,414,514,494,562
0980.png,118,107,Smoke,619,446,737,553
0980.png,101,160,Smoke,812,381,913,541
0980.png,111,233,Smoke,1026,317,1137,550
0980.png,32,158,Smoke,962,381,994,539
0980.png,29,218,Smoke,1163,353,1192,571
0980.png,124,174,Smoke,1253,379,1377,553
0980.png,179,109,Smoke,1741,456,1920,565
0980.png,76,250,Smoke,1615,390,1691,640
0980.png,99,59,Smoke,1688,577,1787,636
0980.png,50,128,Smoke,1431,424,1481,552
0980.png,76,118,Smoke,1769,316,1845,434
0980.png,55,80,Smoke,546,424,601,504
0980.png,23,113,Smoke,1214,468,1237,581
0980.png,57,57,Smoke,1773,313,1830,370
0981.png,80,48,Smoke,414,514,494,562
0981.png,118,107,Smoke,619,448,737,555
0981.png,101,160,Smoke,812,379,913,539
0981.png,111,233,Smoke,1026,316,1137,549
0981.png,32,158,Smoke,962,381,994,539
0981.png,29,218,Smoke,1163,353,1192,571
0981.png,124,174,Smoke,1253,379,1377,553
0981.png,179,109,Smoke,1741,455,1920,564
0981.png,76,250,Smoke,1615,390,1691,640
0981.png,99,59,Smoke,1688,577,1787,636
0981.png,50,128,Smoke,1431,424,1481,552
0981.png,76,118,Smoke,1769,316,1845,434
0981.png,55,80,Smoke,546,424,601,504
0981.png,23,113,Smoke,1214,468,1237,581
0981.png,57,57,Smoke,1773,313,1830,370
0981.png,55,80,Smoke,546,424,601,504
0981.png,23,113,Smoke,1214,468,1237,581
0982.png,80,48,Smoke,414,514,494,562
0982.png,118,107,Smoke,619,448,737,555
0982.png,101,160,Smoke,812,379,913,539
0982.png,111,233,Smoke,1026,316,1137,549
0982.png,32,158,Smoke,962,381,994,539
0982.png,29,218,Smoke,1163,352,1192,570
0982.png,124,174,Smoke,1253,379,1377,553
0982.png,179,109,Smoke,1741,455,1920,564
0982.png,76,250,Smoke,1615,390,1691,640
0982.png,99,59,Smoke,1689,577,1788,636
0982.png,50,128,Smoke,1431,425,1481,553
0982.png,76,118,Smoke,1769,317,1845,435
0982.png,57,57,Smoke,1773,313,1830,370
0982.png,55,80,Smoke,546,424,601,504
0982.png,23,113,Smoke,1214,467,1237,580
0983.png,80,48,Smoke,414,514,494,562
0983.png,118,107,Smoke,619,448,737,555
0983.png,101,160,Smoke,812,379,913,539
0983.png,111,233,Smoke,1026,315,1137,548
0983.png,32,158,Smoke,962,381,994,539
0983.png,29,218,Smoke,1163,353,1192,571
0983.png,124,174,Smoke,1253,379,1377,553
0983.png,179,109,Smoke,1741,455,1920,564
0983.png,76,250,Smoke,1615,390,1691,640
0983.png,99,59,Smoke,1689,577,1788,636
0983.png,50,128,Smoke,1431,424,1481,552
0983.png,76,118,Smoke,1769,316,1845,434
0983.png,57,57,Smoke,1773,313,1830,370
0984.png,80,48,Smoke,414,514,494,562
0984.png,118,107,Smoke,619,448,737,555
0984.png,101,160,Smoke,812,379,913,539
0984.png,111,233,Smoke,1026,316,1137,549
0984.png,32,158,Smoke,962,381,994,539
0984.png,29,218,Smoke,1163,353,1192,571
0984.png,124,174,Smoke,1253,379,1377,553
0984.png,179,109,Smoke,1741,455,1920,564
0984.png,76,250,Smoke,1615,390,1691,640
0984.png,99,59,Smoke,1688,576,1787,635
0984.png,50,128,Smoke,1431,424,1481,552
0984.png,76,118,Smoke,1769,316,1845,434
0984.png,55,80,Smoke,546,424,601,504
0984.png,23,113,Smoke,1214,467,1237,580
0984.png,57,57,Smoke,1773,313,1830,370
0985.png,80,48,Smoke,414,514,494,562
0985.png,118,107,Smoke,619,448,737,555
0985.png,101,160,Smoke,812,379,913,539
0985.png,111,233,Smoke,1026,316,1137,549
0985.png,32,158,Smoke,962,381,994,539
0985.png,29,218,Smoke,1163,353,1192,571
0985.png,124,174,Smoke,1253,379,1377,553
0985.png,179,109,Smoke,1741,455,1920,564
0985.png,76,250,Smoke,1615,390,1691,640
0985.png,99,59,Smoke,1688,576,1787,635
0985.png,50,128,Smoke,1431,424,1481,552
0985.png,76,118,Smoke,1769,316,1845,434
0985.png,55,80,Smoke,546,424,601,504
0985.png,23,113,Smoke,1214,467,1237,580
0985.png,57,57,Smoke,1773,313,1830,370
0986.png,80,48,Smoke,414,514,494,562
0986.png,118,107,Smoke,619,448,737,555
0986.png,101,160,Smoke,812,379,913,539
0986.png,111,233,Smoke,1026,316,1137,549
0986.png,32,158,Smoke,962,381,994,539
0986.png,29,218,Smoke,1163,353,1192,571
0986.png,124,174,Smoke,1253,379,1377,553
0986.png,179,109,Smoke,1741,455,1920,564
0986.png,76,250,Smoke,1615,390,1691,640
0986.png,99,59,Smoke,1689,577,1788,636
0986.png,50,128,Smoke,1431,424,1481,552
0986.png,76,118,Smoke,1769,316,1845,434
0986.png,55,80,Smoke,546,424,601,504
0986.png,23,113,Smoke,1214,467,1237,580
0986.png,57,57,Smoke,1773,313,1830,370
0987.png,80,48,Smoke,414,514,494,562
0987.png,118,107,Smoke,619,448,737,555
0987.png,101,160,Smoke,812,379,913,539
0987.png,111,233,Smoke,1026,316,1137,549
0987.png,32,158,Smoke,962,381,994,539
0987.png,29,218,Smoke,1163,353,1192,571
0987.png,124,174,Smoke,1253,379,1377,553
0987.png,179,109,Smoke,1741,455,1920,564
0987.png,76,250,Smoke,1615,390,1691,640
0987.png,99,59,Smoke,1689,577,1788,636
0987.png,50,128,Smoke,1431,424,1481,552
0987.png,76,118,Smoke,1769,316,1845,434
0987.png,55,80,Smoke,546,424,601,504
0987.png,23,113,Smoke,1214,467,1237,580
0987.png,57,57,Smoke,1773,313,1830,370
0988.png,80,48,Smoke,414,514,494,562
0988.png,118,107,Smoke,619,448,737,555
0988.png,101,160,Smoke,812,379,913,539
0988.png,111,233,Smoke,1026,316,1137,549
0988.png,32,158,Smoke,962,381,994,539
0988.png,29,218,Smoke,1163,353,1192,571
0988.png,124,174,Smoke,1253,379,1377,553
0988.png,179,109,Smoke,1741,454,1920,563
0988.png,76,250,Smoke,1615,388,1691,638
0988.png,99,59,Smoke,1689,577,1788,636
0988.png,50,128,Smoke,1431,424,1481,552
0988.png,76,118,Smoke,1769,316,1845,434
0988.png,55,80,Smoke,546,424,601,504
0988.png,23,113,Smoke,1214,467,1237,580
0988.png,57,57,Smoke,1773,313,1830,370
0989.png,80,48,Smoke,414,514,494,562
0989.png,101,107,Smoke,636,447,737,554
0989.png,101,168,Smoke,813,378,914,546
0989.png,111,233,Smoke,1026,314,1137,547
0989.png,32,158,Smoke,962,381,994,539
0989.png,29,218,Smoke,1163,353,1192,571
0989.png,124,174,Smoke,1253,379,1377,553
0989.png,179,109,Smoke,1741,455,1920,564
0989.png,76,250,Smoke,1615,388,1691,638
0989.png,99,59,Smoke,1688,577,1787,636
0989.png,50,128,Smoke,1431,424,1481,552
0989.png,76,118,Smoke,1769,316,1845,434
0989.png,55,80,Smoke,546,424,601,504
0989.png,23,113,Smoke,1214,466,1237,579
0989.png,57,57,Smoke,1773,313,1830,370
0990.png,80,48,Smoke,414,514,494,562
0990.png,101,107,Smoke,636,447,737,554
0990.png,101,168,Smoke,813,380,914,548
0990.png,111,233,Smoke,1026,315,1137,548
0990.png,32,158,Smoke,962,381,994,539
0990.png,29,218,Smoke,1163,353,1192,571
0990.png,124,174,Smoke,1253,379,1377,553
0990.png,179,109,Smoke,1741,455,1920,564
0990.png,76,250,Smoke,1615,390,1691,640
0990.png,99,59,Smoke,1689,577,1788,636
0990.png,50,128,Smoke,1431,424,1481,552
0990.png,76,118,Smoke,1769,316,1845,434
0990.png,55,80,Smoke,546,424,601,504
0990.png,23,113,Smoke,1214,466,1237,579
0990.png,57,57,Smoke,1773,313,1830,370
0991.png,80,48,Smoke,414,514,494,562
0991.png,101,107,Smoke,635,447,736,554
0991.png,101,168,Smoke,812,378,913,546
0991.png,111,233,Smoke,1026,314,1137,547
0991.png,32,158,Smoke,962,381,994,539
0991.png,29,218,Smoke,1163,353,1192,571
0991.png,124,174,Smoke,1253,379,1377,553
0991.png,179,109,Smoke,1741,455,1920,564
0991.png,76,250,Smoke,1615,390,1691,640
0991.png,99,59,Smoke,1689,577,1788,636
0991.png,50,128,Smoke,1431,424,1481,552
0991.png,76,118,Smoke,1769,316,1845,434
0991.png,55,80,Smoke,546,424,601,504
0991.png,23,113,Smoke,1214,466,1237,579
0991.png,57,57,Smoke,1773,313,1830,370
0991.png,55,80,Smoke,546,424,601,504
0991.png,23,113,Smoke,1214,466,1237,579
0992.png,80,48,Smoke,414,514,494,562
0992.png,101,107,Smoke,635,447,736,554
0992.png,101,168,Smoke,813,378,914,546
0992.png,111,233,Smoke,1026,312,1137,545
0992.png,32,158,Smoke,962,381,994,539
0992.png,29,218,Smoke,1163,353,1192,571
0992.png,124,174,Smoke,1253,379,1377,553
0992.png,179,109,Smoke,1741,456,1920,565
0992.png,76,250,Smoke,1615,390,1691,640
0992.png,99,59,Smoke,1689,577,1788,636
0992.png,50,128,Smoke,1431,425,1481,553
0992.png,76,118,Smoke,1769,317,1845,435
0992.png,57,57,Smoke,1773,313,1830,370
0992.png,55,80,Smoke,546,424,601,504
0992.png,23,113,Smoke,1214,467,1237,580
0993.png,80,48,Smoke,414,514,494,562
0993.png,101,107,Smoke,636,448,737,555
0993.png,101,168,Smoke,813,378,914,546
0993.png,111,233,Smoke,1026,312,1137,545
0993.png,32,158,Smoke,962,381,994,539
0993.png,29,218,Smoke,1163,353,1192,571
0993.png,124,174,Smoke,1253,379,1377,553
0993.png,179,109,Smoke,1741,456,1920,565
0993.png,76,250,Smoke,1615,390,1691,640
0993.png,99,59,Smoke,1689,577,1788,636
0993.png,50,128,Smoke,1431,423,1481,551
0993.png,76,118,Smoke,1769,316,1845,434
0993.png,57,57,Smoke,1773,313,1830,370
0994.png,80,48,Smoke,414,514,494,562
0994.png,101,107,Smoke,636,448,737,555
0994.png,101,168,Smoke,813,378,914,546
0994.png,111,233,Smoke,1026,312,1137,545
0994.png,32,158,Smoke,962,381,994,539
0994.png,29,218,Smoke,1163,353,1192,571
0994.png,124,174,Smoke,1253,379,1377,553
0994.png,179,109,Smoke,1741,455,1920,564
0994.png,76,250,Smoke,1615,390,1691,640
0994.png,99,59,Smoke,1689,577,1788,636
0994.png,50,128,Smoke,1431,425,1481,553
0994.png,76,118,Smoke,1769,316,1845,434
0994.png,55,80,Smoke,546,424,601,504
0994.png,23,113,Smoke,1214,467,1237,580
0994.png,57,57,Smoke,1773,313,1830,370
0995.png,80,48,Smoke,414,514,494,562
0995.png,101,107,Smoke,636,448,737,555
0995.png,101,168,Smoke,813,378,914,546
0995.png,111,233,Smoke,1025,314,1136,547
0995.png,32,158,Smoke,962,381,994,539
0995.png,29,218,Smoke,1163,353,1192,571
0995.png,124,174,Smoke,1253,379,1377,553
0995.png,179,109,Smoke,1741,456,1920,565
0995.png,76,250,Smoke,1615,390,1691,640
0995.png,99,59,Smoke,1689,577,1788,636
0995.png,50,128,Smoke,1431,425,1481,553
0995.png,76,118,Smoke,1769,317,1845,435
0995.png,55,80,Smoke,546,424,601,504
0995.png,23,113,Smoke,1214,467,1237,580
0995.png,57,57,Smoke,1773,313,1830,370
0996.png,80,48,Smoke,414,514,494,562
0996.png,101,107,Smoke,636,447,737,554
0996.png,101,168,Smoke,813,378,914,546
0996.png,111,233,Smoke,1026,314,1137,547
0996.png,32,158,Smoke,962,381,994,539
0996.png,29,218,Smoke,1163,352,1192,570
0996.png,124,174,Smoke,1253,379,1377,553
0996.png,179,109,Smoke,1741,456,1920,565
0996.png,76,250,Smoke,1615,390,1691,640
0996.png,99,59,Smoke,1690,577,1789,636
0996.png,50,128,Smoke,1431,424,1481,552
0996.png,76,118,Smoke,1769,317,1845,435
0996.png,55,80,Smoke,546,424,601,504
0996.png,23,113,Smoke,1214,467,1237,580
0996.png,57,57,Smoke,1773,313,1830,370
0997.png,80,48,Smoke,414,514,494,562
0997.png,101,107,Smoke,636,448,737,555
0997.png,101,168,Smoke,813,378,914,546
0997.png,111,233,Smoke,1026,314,1137,547
0997.png,32,158,Smoke,962,381,994,539
0997.png,29,218,Smoke,1163,353,1192,571
0997.png,124,174,Smoke,1253,379,1377,553
0997.png,179,109,Smoke,1741,456,1920,565
0997.png,76,250,Smoke,1614,390,1690,640
0997.png,99,59,Smoke,1689,577,1788,636
0997.png,50,128,Smoke,1431,425,1481,553
0997.png,76,118,Smoke,1769,317,1845,435
0997.png,55,80,Smoke,546,424,601,504
0997.png,23,113,Smoke,1214,467,1237,580
0997.png,57,57,Smoke,1773,313,1830,370
0998.png,80,48,Smoke,414,514,494,562
0998.png,101,107,Smoke,636,448,737,555
0998.png,86,160,Smoke,813,387,899,547
0998.png,111,233,Smoke,1027,314,1138,547
0998.png,32,158,Smoke,962,381,994,539
0998.png,29,218,Smoke,1163,353,1192,571
0998.png,124,174,Smoke,1253,379,1377,553
0998.png,179,109,Smoke,1741,456,1920,565
0998.png,76,250,Smoke,1615,390,1691,640
0998.png,99,59,Smoke,1689,577,1788,636
0998.png,50,128,Smoke,1431,425,1481,553
0998.png,76,118,Smoke,1769,317,1845,435
0998.png,55,80,Smoke,546,424,601,504
0998.png,23,113,Smoke,1214,467,1237,580
0998.png,57,57,Smoke,1773,313,1830,370
0999.png,80,48,Smoke,414,514,494,562
0999.png,101,107,Smoke,636,447,737,554
0999.png,86,160,Smoke,813,387,899,547
0999.png,111,233,Smoke,1027,313,1138,546
0999.png,32,158,Smoke,962,381,994,539
0999.png,29,218,Smoke,1163,353,1192,571
0999.png,124,174,Smoke,1253,379,1377,553
0999.png,179,109,Smoke,1741,456,1920,565
0999.png,76,250,Smoke,1615,390,1691,640
0999.png,99,59,Smoke,1689,577,1788,636
0999.png,50,128,Smoke,1431,424,1481,552
0999.png,76,118,Smoke,1769,317,1845,435
0999.png,55,80,Smoke,546,424,601,504
0999.png,23,113,Smoke,1214,467,1237,580
0999.png,57,57,Smoke,1773,313,1830,370
1000.png,80,48,Smoke,414,514,494,562
1000.png,101,107,Smoke,636,447,737,554
1000.png,86,160,Smoke,813,387,899,547
1000.png,111,233,Smoke,1026,313,1137,546
1000.png,32,158,Smoke,962,381,994,539
1000.png,29,218,Smoke,1163,353,1192,571
1000.png,124,174,Smoke,1253,379,1377,553
1000.png,179,109,Smoke,1741,456,1920,565
1000.png,76,250,Smoke,1615,390,1691,640
1000.png,99,59,Smoke,1689,577,1788,636
1000.png,50,128,Smoke,1431,424,1481,552
1000.png,76,118,Smoke,1769,317,1845,435
1000.png,55,80,Smoke,546,424,601,504
1000.png,23,113,Smoke,1214,466,1237,579
1000.png,57,57,Smoke,1773,313,1830,370
1001.png,80,48,Smoke,414,514,494,562
1001.png,101,107,Smoke,636,447,737,554
1001.png,86,160,Smoke,813,387,899,547
1001.png,111,233,Smoke,1027,313,1138,546
1001.png,32,158,Smoke,962,381,994,539
1001.png,29,218,Smoke,1163,353,1192,571
1001.png,124,174,Smoke,1253,379,1377,553
1001.png,179,109,Smoke,1741,456,1920,565
1001.png,76,250,Smoke,1615,390,1691,640
1001.png,99,59,Smoke,1689,577,1788,636
1001.png,50,128,Smoke,1431,423,1481,551
1001.png,76,118,Smoke,1769,317,1845,435
1001.png,55,80,Smoke,546,424,601,504
1001.png,23,113,Smoke,1214,467,1237,580
1001.png,57,57,Smoke,1773,313,1830,370
1001.png,55,80,Smoke,546,424,601,504
1001.png,23,113,Smoke,1214,467,1237,580
1002.png,80,48,Smoke,414,514,494,562
1002.png,101,107,Smoke,636,447,737,554
1002.png,86,160,Smoke,813,387,899,547
1002.png,111,233,Smoke,1027,313,1138,546
1002.png,32,158,Smoke,962,381,994,539
1002.png,29,218,Smoke,1163,353,1192,571
1002.png,124,174,Smoke,1253,379,1377,553
1002.png,179,109,Smoke,1741,456,1920,565
1002.png,76,250,Smoke,1615,390,1691,640
1002.png,99,59,Smoke,1689,577,1788,636
1002.png,50,128,Smoke,1431,423,1481,551
1002.png,76,118,Smoke,1769,317,1845,435
1002.png,57,57,Smoke,1773,313,1830,370
1002.png,55,80,Smoke,546,424,601,504
1002.png,23,113,Smoke,1214,466,1237,579
1003.png,80,48,Smoke,414,514,494,562
1003.png,101,107,Smoke,636,448,737,555
1003.png,86,160,Smoke,813,385,899,545
1003.png,111,233,Smoke,1027,313,1138,546
1003.png,32,158,Smoke,962,381,994,539
1003.png,29,218,Smoke,1163,352,1192,570
1003.png,124,174,Smoke,1253,379,1377,553
1003.png,179,109,Smoke,1741,456,1920,565
1003.png,76,250,Smoke,1615,390,1691,640
1003.png,99,59,Smoke,1688,577,1787,636
1003.png,50,128,Smoke,1431,423,1481,551
1003.png,76,118,Smoke,1769,317,1845,435
1003.png,57,57,Smoke,1773,313,1830,370
1004.png,80,48,Smoke,414,514,494,562
1004.png,101,107,Smoke,636,447,737,554
1004.png,86,160,Smoke,813,385,899,545
1004.png,111,233,Smoke,1027,313,1138,546
1004.png,32,158,Smoke,962,381,994,539
1004.png,29,218,Smoke,1163,353,1192,571
1004.png,124,174,Smoke,1253,379,1377,553
1004.png,179,109,Smoke,1741,456,1920,565
1004.png,76,250,Smoke,1615,390,1691,640
1004.png,99,59,Smoke,1688,577,1787,636
1004.png,50,128,Smoke,1431,423,1481,551
1004.png,76,118,Smoke,1769,317,1845,435
1004.png,55,80,Smoke,546,424,601,504
1004.png,23,113,Smoke,1214,466,1237,579
1004.png,57,57,Smoke,1773,313,1830,370
1005.png,80,48,Smoke,414,514,494,562
1005.png,101,107,Smoke,636,447,737,554
1005.png,86,160,Smoke,813,385,899,545
1005.png,111,233,Smoke,1027,313,1138,546
1005.png,32,158,Smoke,962,381,994,539
1005.png,29,218,Smoke,1163,355,1192,573
1005.png,124,174,Smoke,1253,379,1377,553
1005.png,179,109,Smoke,1741,456,1920,565
1005.png,76,250,Smoke,1615,390,1691,640
1005.png,99,59,Smoke,1688,577,1787,636
1005.png,50,128,Smoke,1431,423,1481,551
1005.png,76,118,Smoke,1769,317,1845,435
1005.png,55,80,Smoke,546,424,601,504
1005.png,23,113,Smoke,1214,466,1237,579
1005.png,57,57,Smoke,1773,313,1830,370
1006.png,80,48,Smoke,414,514,494,562
1006.png,101,107,Smoke,636,447,737,554
1006.png,86,160,Smoke,814,383,900,543
1006.png,111,233,Smoke,1027,313,1138,546
1006.png,32,158,Smoke,962,381,994,539
1006.png,29,218,Smoke,1163,354,1192,572
1006.png,124,174,Smoke,1253,379,1377,553
1006.png,179,109,Smoke,1741,456,1920,565
1006.png,76,250,Smoke,1615,390,1691,640
1006.png,99,59,Smoke,1688,577,1787,636
1006.png,50,128,Smoke,1431,423,1481,551
1006.png,76,118,Smoke,1769,317,1845,435
1006.png,55,80,Smoke,546,424,601,504
1006.png,23,113,Smoke,1214,466,1237,579
1006.png,57,57,Smoke,1773,313,1830,370
1007.png,80,48,Smoke,414,514,494,562
1007.png,101,107,Smoke,636,447,737,554
1007.png,86,160,Smoke,814,383,900,543
1007.png,111,233,Smoke,1027,313,1138,546
1007.png,32,158,Smoke,962,381,994,539
1007.png,29,218,Smoke,1163,353,1192,571
1007.png,124,174,Smoke,1253,379,1377,553
1007.png,179,109,Smoke,1741,456,1920,565
1007.png,76,250,Smoke,1615,390,1691,640
1007.png,99,59,Smoke,1689,577,1788,636
1007.png,50,128,Smoke,1431,423,1481,551
1007.png,76,118,Smoke,1769,317,1845,435
1007.png,55,80,Smoke,546,424,601,504
1007.png,23,113,Smoke,1214,466,1237,579
1007.png,57,57,Smoke,1773,313,1830,370
1008.png,80,48,Smoke,414,514,494,562
1008.png,101,107,Smoke,636,447,737,554
1008.png,86,160,Smoke,814,379,900,539
1008.png,111,233,Smoke,1027,313,1138,546
1008.png,32,158,Smoke,962,381,994,539
1008.png,29,218,Smoke,1163,353,1192,571
1008.png,124,174,Smoke,1253,379,1377,553
1008.png,179,109,Smoke,1741,457,1920,566
1008.png,76,250,Smoke,1615,390,1691,640
1008.png,99,59,Smoke,1688,577,1787,636
1008.png,50,128,Smoke,1431,423,1481,551
1008.png,76,118,Smoke,1769,317,1845,435
1008.png,55,80,Smoke,546,424,601,504
1008.png,23,113,Smoke,1214,467,1237,580
1008.png,57,57,Smoke,1773,313,1830,370
1009.png,80,48,Smoke,414,514,494,562
1009.png,101,107,Smoke,636,447,737,554
1009.png,86,160,Smoke,814,379,900,539
1009.png,111,233,Smoke,1026,313,1137,546
1009.png,32,158,Smoke,962,381,994,539
1009.png,29,218,Smoke,1163,353,1192,571
1009.png,124,174,Smoke,1253,379,1377,553
1009.png,179,109,Smoke,1741,458,1920,567
1009.png,76,250,Smoke,1615,390,1691,640
1009.png,99,59,Smoke,1688,577,1787,636
1009.png,50,128,Smoke,1431,423,1481,551
1009.png,76,118,Smoke,1769,317,1845,435
1009.png,55,80,Smoke,546,424,601,504
1009.png,23,113,Smoke,1214,467,1237,580
1009.png,57,57,Smoke,1773,313,1830,370
1010.png,80,48,Smoke,414,514,494,562
1010.png,101,107,Smoke,636,447,737,554
1010.png,86,160,Smoke,814,379,900,539
1010.png,111,233,Smoke,1028,313,1139,546
1010.png,32,158,Smoke,962,381,994,539
1010.png,29,218,Smoke,1163,353,1192,571
1010.png,124,174,Smoke,1253,379,1377,553
1010.png,179,109,Smoke,1741,458,1920,567
1010.png,76,250,Smoke,1615,390,1691,640
1010.png,99,59,Smoke,1688,577,1787,636
1010.png,50,128,Smoke,1431,423,1481,551
1010.png,76,118,Smoke,1769,317,1845,435
1010.png,55,80,Smoke,546,424,601,504
1010.png,23,113,Smoke,1214,466,1237,579
1010.png,57,57,Smoke,1773,313,1830,370
1011.png,80,48,Smoke,414,514,494,562
1011.png,101,107,Smoke,636,446,737,553
1011.png,86,160,Smoke,814,379,900,539
1011.png,111,233,Smoke,1027,311,1138,544
1011.png,32,158,Smoke,962,381,994,539
1011.png,29,218,Smoke,1163,353,1192,571
1011.png,124,174,Smoke,1253,379,1377,553
1011.png,179,109,Smoke,1741,458,1920,567
1011.png,76,250,Smoke,1615,390,1691,640
1011.png,99,59,Smoke,1688,577,1787,636
1011.png,50,128,Smoke,1431,423,1481,551
1011.png,76,118,Smoke,1769,317,1845,435
1011.png,55,80,Smoke,546,424,601,504
1011.png,23,113,Smoke,1214,468,1237,581
1011.png,57,57,Smoke,1773,313,1830,370
1011.png,55,80,Smoke,546,424,601,504
1011.png,23,113,Smoke,1214,468,1237,581
1012.png,80,48,Smoke,414,514,494,562
1012.png,101,107,Smoke,636,446,737,553
1012.png,86,160,Smoke,814,379,900,539
1012.png,111,233,Smoke,1026,311,1137,544
1012.png,32,158,Smoke,962,381,994,539
1012.png,29,218,Smoke,1163,353,1192,571
1012.png,124,174,Smoke,1253,379,1377,553
1012.png,179,109,Smoke,1741,458,1920,567
1012.png,76,250,Smoke,1615,390,1691,640
1012.png,99,59,Smoke,1688,578,1787,637
1012.png,50,128,Smoke,1431,422,1481,550
1012.png,76,118,Smoke,1768,317,1844,435
1012.png,57,57,Smoke,1773,313,1830,370
1012.png,55,80,Smoke,546,424,601,504
1012.png,23,113,Smoke,1214,467,1237,580
1013.png,80,48,Smoke,414,514,494,562
1013.png,101,107,Smoke,636,446,737,553
1013.png,86,160,Smoke,814,379,900,539
1013.png,111,233,Smoke,1027,311,1138,544
1013.png,32,158,Smoke,962,381,994,539
1013.png,29,218,Smoke,1163,353,1192,571
1013.png,124,174,Smoke,1253,379,1377,553
1013.png,179,109,Smoke,1741,458,1920,567
1013.png,76,250,Smoke,1615,390,1691,640
1013.png,99,59,Smoke,1688,577,1787,636
1013.png,50,128,Smoke,1431,422,1481,550
1013.png,76,118,Smoke,1769,318,1845,436
1013.png,57,57,Smoke,1773,313,1830,370
1014.png,80,48,Smoke,414,514,494,562
1014.png,101,107,Smoke,636,446,737,553
1014.png,86,160,Smoke,814,379,900,539
1014.png,111,233,Smoke,1027,311,1138,544
1014.png,32,158,Smoke,962,381,994,539
1014.png,29,218,Smoke,1163,353,1192,571
1014.png,124,174,Smoke,1253,379,1377,553
1014.png,179,109,Smoke,1741,458,1920,567
1014.png,76,250,Smoke,1615,390,1691,640
1014.png,99,59,Smoke,1687,577,1786,636
1014.png,50,128,Smoke,1431,423,1481,551
1014.png,76,118,Smoke,1769,317,1845,435
1014.png,55,80,Smoke,546,424,601,504
1014.png,23,113,Smoke,1214,467,1237,580
1014.png,57,57,Smoke,1773,313,1830,370
1015.png,80,48,Smoke,414,514,494,562
1015.png,101,107,Smoke,636,446,737,553
1015.png,86,160,Smoke,814,379,900,539
1015.png,111,233,Smoke,1027,311,1138,544
1015.png,32,158,Smoke,962,381,994,539
1015.png,29,218,Smoke,1163,353,1192,571
1015.png,124,174,Smoke,1253,379,1377,553
1015.png,179,109,Smoke,1741,458,1920,567
1015.png,76,250,Smoke,1615,390,1691,640
1015.png,99,59,Smoke,1687,577,1786,636
1015.png,50,128,Smoke,1431,423,1481,551
1015.png,76,118,Smoke,1769,317,1845,435
1015.png,55,80,Smoke,546,424,601,504
1015.png,23,113,Smoke,1214,467,1237,580
1015.png,57,57,Smoke,1773,313,1830,370
1016.png,80,48,Smoke,414,514,494,562
1016.png,101,107,Smoke,636,446,737,553
1016.png,86,160,Smoke,814,379,900,539
1016.png,111,233,Smoke,1027,311,1138,544
1016.png,32,158,Smoke,962,381,994,539
1016.png,29,218,Smoke,1163,353,1192,571
1016.png,124,174,Smoke,1253,379,1377,553
1016.png,179,109,Smoke,1741,458,1920,567
1016.png,76,250,Smoke,1615,390,1691,640
1016.png,99,59,Smoke,1687,577,1786,636
1016.png,50,128,Smoke,1431,423,1481,551
1016.png,76,118,Smoke,1769,317,1845,435
1016.png,55,80,Smoke,546,424,601,504
1016.png,23,113,Smoke,1214,467,1237,580
1016.png,57,57,Smoke,1773,313,1830,370
1017.png,80,48,Smoke,414,514,494,562
1017.png,101,107,Smoke,636,446,737,553
1017.png,86,160,Smoke,814,379,900,539
1017.png,111,233,Smoke,1027,311,1138,544
1017.png,32,158,Smoke,962,381,994,539
1017.png,29,218,Smoke,1163,353,1192,571
1017.png,124,174,Smoke,1253,379,1377,553
1017.png,179,109,Smoke,1741,458,1920,567
1017.png,76,250,Smoke,1615,390,1691,640
1017.png,99,59,Smoke,1687,577,1786,636
1017.png,50,128,Smoke,1431,423,1481,551
1017.png,76,118,Smoke,1769,317,1845,435
1017.png,55,80,Smoke,546,424,601,504
1017.png,23,113,Smoke,1214,467,1237,580
1017.png,57,57,Smoke,1773,313,1830,370
1018.png,80,48,Smoke,414,514,494,562
1018.png,101,107,Smoke,636,446,737,553
1018.png,86,160,Smoke,814,377,900,537
1018.png,111,233,Smoke,1027,311,1138,544
1018.png,32,158,Smoke,962,381,994,539
1018.png,29,218,Smoke,1163,353,1192,571
1018.png,124,174,Smoke,1253,379,1377,553
1018.png,179,109,Smoke,1741,458,1920,567
1018.png,76,250,Smoke,1615,390,1691,640
1018.png,99,59,Smoke,1687,577,1786,636
1018.png,50,128,Smoke,1431,422,1481,550
1018.png,76,118,Smoke,1769,317,1845,435
1018.png,55,80,Smoke,546,424,601,504
1018.png,23,113,Smoke,1214,467,1237,580
1018.png,57,57,Smoke,1773,313,1830,370
1019.png,80,48,Smoke,414,514,494,562
1019.png,101,107,Smoke,636,446,737,553
1019.png,86,160,Smoke,814,379,900,539
1019.png,111,233,Smoke,1027,311,1138,544
1019.png,32,158,Smoke,962,381,994,539
1019.png,29,218,Smoke,1163,353,1192,571
1019.png,124,174,Smoke,1253,379,1377,553
1019.png,179,109,Smoke,1741,458,1920,567
1019.png,76,250,Smoke,1615,390,1691,640
1019.png,99,59,Smoke,1687,577,1786,636
1019.png,50,128,Smoke,1431,423,1481,551
1019.png,76,118,Smoke,1769,317,1845,435
1019.png,55,80,Smoke,546,424,601,504
1019.png,23,113,Smoke,1214,467,1237,580
1019.png,57,57,Smoke,1773,313,1830,370
1020.png,80,48,Smoke,414,514,494,562
1020.png,101,107,Smoke,636,446,737,553
1020.png,86,160,Smoke,814,377,900,537
1020.png,111,233,Smoke,1027,311,1138,544
1020.png,32,158,Smoke,962,381,994,539
1020.png,29,218,Smoke,1163,353,1192,571
1020.png,124,174,Smoke,1253,377,1377,551
1020.png,179,109,Smoke,1741,458,1920,567
1020.png,76,250,Smoke,1615,390,1691,640
1020.png,99,59,Smoke,1687,577,1786,636
1020.png,50,128,Smoke,1431,421,1481,549
1020.png,76,118,Smoke,1769,317,1845,435
1020.png,55,80,Smoke,546,424,601,504
1020.png,23,113,Smoke,1214,468,1237,581
1020.png,57,57,Smoke,1773,313,1830,370
1021.png,80,48,Smoke,414,514,494,562
1021.png,101,107,Smoke,636,446,737,553
1021.png,86,160,Smoke,814,379,900,539
1021.png,111,233,Smoke,1027,311,1138,544
1021.png,32,158,Smoke,962,381,994,539
1021.png,29,218,Smoke,1163,353,1192,571
1021.png,124,174,Smoke,1253,377,1377,551
1021.png,179,109,Smoke,1741,458,1920,567
1021.png,76,250,Smoke,1615,390,1691,640
1021.png,99,59,Smoke,1686,577,1785,636
1021.png,50,128,Smoke,1431,422,1481,550
1021.png,76,118,Smoke,1769,317,1845,435
1021.png,55,80,Smoke,546,424,601,504
1021.png,23,113,Smoke,1214,468,1237,581
1021.png,57,57,Smoke,1773,313,1830,370
1021.png,55,80,Smoke,546,424,601,504
1021.png,23,113,Smoke,1214,468,1237,581
1022.png,80,48,Smoke,414,514,494,562
1022.png,101,107,Smoke,636,446,737,553
1022.png,86,160,Smoke,814,379,900,539
1022.png,111,233,Smoke,1027,311,1138,544
1022.png,32,158,Smoke,962,381,994,539
1022.png,29,218,Smoke,1163,353,1192,571
1022.png,124,174,Smoke,1253,377,1377,551
1022.png,179,109,Smoke,1741,458,1920,567
1022.png,76,250,Smoke,1615,390,1691,640
1022.png,99,59,Smoke,1687,577,1786,636
1022.png,50,128,Smoke,1430,422,1480,550
1022.png,76,118,Smoke,1769,317,1845,435
1022.png,57,57,Smoke,1773,313,1830,370
1022.png,55,80,Smoke,546,424,601,504
1022.png,23,113,Smoke,1214,468,1237,581
1023.png,80,48,Smoke,414,514,494,562
1023.png,101,107,Smoke,636,446,737,553
1023.png,86,160,Smoke,814,379,900,539
1023.png,111,233,Smoke,1027,311,1138,544
1023.png,32,158,Smoke,962,381,994,539
1023.png,29,218,Smoke,1163,353,1192,571
1023.png,124,174,Smoke,1253,377,1377,551
1023.png,179,109,Smoke,1741,458,1920,567
1023.png,76,250,Smoke,1615,390,1691,640
1023.png,99,59,Smoke,1686,577,1785,636
1023.png,50,128,Smoke,1431,422,1481,550
1023.png,76,118,Smoke,1769,317,1845,435
1023.png,57,57,Smoke,1773,313,1830,370
1024.png,80,48,Smoke,414,514,494,562
1024.png,101,107,Smoke,636,446,737,553
1024.png,86,160,Smoke,814,379,900,539
1024.png,111,233,Smoke,1027,311,1138,544
1024.png,32,158,Smoke,962,381,994,539
1024.png,29,218,Smoke,1163,353,1192,571
1024.png,124,174,Smoke,1253,377,1377,551
1024.png,179,109,Smoke,1741,458,1920,567
1024.png,76,250,Smoke,1615,390,1691,640
1024.png,99,59,Smoke,1686,577,1785,636
1024.png,50,128,Smoke,1431,422,1481,550
1024.png,76,118,Smoke,1769,317,1845,435
1024.png,55,80,Smoke,546,424,601,504
1024.png,23,113,Smoke,1214,468,1237,581
1024.png,57,57,Smoke,1773,313,1830,370
1025.png,80,48,Smoke,414,514,494,562
1025.png,101,107,Smoke,636,446,737,553
1025.png,86,160,Smoke,814,379,900,539
1025.png,111,233,Smoke,1027,311,1138,544
1025.png,32,158,Smoke,962,381,994,539
1025.png,29,218,Smoke,1163,353,1192,571
1025.png,124,174,Smoke,1253,377,1377,551
1025.png,179,109,Smoke,1741,458,1920,567
1025.png,76,250,Smoke,1615,390,1691,640
1025.png,99,59,Smoke,1686,577,1785,636
1025.png,50,128,Smoke,1431,422,1481,550
1025.png,76,118,Smoke,1769,317,1845,435
1025.png,55,80,Smoke,546,424,601,504
1025.png,23,113,Smoke,1214,468,1237,581
1025.png,57,57,Smoke,1773,313,1830,370
1026.png,80,48,Smoke,414,514,494,562
1026.png,101,107,Smoke,636,446,737,553
1026.png,86,160,Smoke,814,379,900,539
1026.png,111,233,Smoke,1026,311,1137,544
1026.png,32,158,Smoke,962,381,994,539
1026.png,29,218,Smoke,1163,353,1192,571
1026.png,124,174,Smoke,1253,377,1377,551
1026.png,179,109,Smoke,1741,458,1920,567
1026.png,76,250,Smoke,1615,390,1691,640
1026.png,99,59,Smoke,1687,577,1786,636
1026.png,50,128,Smoke,1431,422,1481,550
1026.png,76,118,Smoke,1769,317,1845,435
1026.png,55,80,Smoke,546,424,601,504
1026.png,23,113,Smoke,1214,468,1237,581
1026.png,57,57,Smoke,1773,313,1830,370
1027.png,80,48,Smoke,414,514,494,562
1027.png,101,107,Smoke,636,446,737,553
1027.png,86,160,Smoke,814,379,900,539
1027.png,111,233,Smoke,1026,311,1137,544
1027.png,32,158,Smoke,962,381,994,539
1027.png,29,218,Smoke,1163,353,1192,571
1027.png,124,174,Smoke,1253,377,1377,551
1027.png,179,109,Smoke,1741,458,1920,567
1027.png,76,250,Smoke,1615,390,1691,640
1027.png,99,59,Smoke,1687,577,1786,636
1027.png,50,128,Smoke,1431,422,1481,550
1027.png,76,118,Smoke,1769,317,1845,435
1027.png,55,80,Smoke,546,424,601,504
1027.png,23,113,Smoke,1214,468,1237,581
1027.png,57,57,Smoke,1773,313,1830,370
1028.png,80,48,Smoke,414,514,494,562
1028.png,101,107,Smoke,636,446,737,553
1028.png,86,160,Smoke,814,379,900,539
1028.png,111,233,Smoke,1026,311,1137,544
1028.png,32,158,Smoke,962,381,994,539
1028.png,29,218,Smoke,1163,353,1192,571
1028.png,124,174,Smoke,1253,377,1377,551
1028.png,179,109,Smoke,1741,458,1920,567
1028.png,76,250,Smoke,1615,391,1691,641
1028.png,99,59,Smoke,1687,577,1786,636
1028.png,50,128,Smoke,1431,422,1481,550
1028.png,76,118,Smoke,1769,317,1845,435
1028.png,55,80,Smoke,546,424,601,504
1028.png,23,113,Smoke,1214,468,1237,581
1028.png,57,57,Smoke,1773,313,1830,370
1029.png,80,48,Smoke,414,514,494,562
1029.png,101,107,Smoke,636,446,737,553
1029.png,86,160,Smoke,814,379,900,539
1029.png,111,233,Smoke,1026,311,1137,544
1029.png,32,158,Smoke,962,381,994,539
1029.png,29,218,Smoke,1163,353,1192,571
1029.png,124,174,Smoke,1253,377,1377,551
1029.png,179,109,Smoke,1741,458,1920,567
1029.png,76,250,Smoke,1614,391,1690,641
1029.png,99,59,Smoke,1687,577,1786,636
1029.png,50,128,Smoke,1431,422,1481,550
1029.png,76,118,Smoke,1769,317,1845,435
1029.png,55,80,Smoke,546,424,601,504
1029.png,23,113,Smoke,1214,467,1237,580
1029.png,57,57,Smoke,1773,313,1830,370
1030.png,80,48,Smoke,414,514,494,562
1030.png,101,107,Smoke,636,446,737,553
1030.png,86,160,Smoke,814,379,900,539
1030.png,111,233,Smoke,1026,311,1137,544
1030.png,32,158,Smoke,962,381,994,539
1030.png,29,218,Smoke,1163,351,1192,569
1030.png,124,174,Smoke,1253,377,1377,551
1030.png,179,109,Smoke,1741,458,1920,567
1030.png,76,250,Smoke,1615,390,1691,640
1030.png,99,59,Smoke,1687,577,1786,636
1030.png,50,128,Smoke,1431,422,1481,550
1030.png,76,118,Smoke,1769,317,1845,435
1030.png,55,80,Smoke,546,424,601,504
1030.png,23,113,Smoke,1214,468,1237,581
1030.png,57,57,Smoke,1773,313,1830,370
1031.png,80,48,Smoke,414,514,494,562
1031.png,101,107,Smoke,636,446,737,553
1031.png,86,160,Smoke,814,379,900,539
1031.png,111,233,Smoke,1027,311,1138,544
1031.png,32,158,Smoke,962,381,994,539
1031.png,29,218,Smoke,1163,353,1192,571
1031.png,124,174,Smoke,1253,377,1377,551
1031.png,179,109,Smoke,1741,458,1920,567
1031.png,76,250,Smoke,1615,391,1691,641
1031.png,99,59,Smoke,1687,577,1786,636
1031.png,50,128,Smoke,1431,422,1481,550
1031.png,76,118,Smoke,1769,317,1845,435
1031.png,55,80,Smoke,546,424,601,504
1031.png,23,113,Smoke,1214,468,1237,581
1031.png,57,57,Smoke,1773,313,1830,370
1031.png,55,80,Smoke,546,424,601,504
1031.png,23,113,Smoke,1214,467,1237,580
1032.png,80,48,Smoke,414,514,494,562
1032.png,101,107,Smoke,637,446,738,553
1032.png,86,160,Smoke,814,379,900,539
1032.png,111,233,Smoke,1028,311,1139,544
1032.png,32,158,Smoke,962,381,994,539
1032.png,29,218,Smoke,1163,353,1192,571
1032.png,124,174,Smoke,1253,377,1377,551
1032.png,179,109,Smoke,1741,458,1920,567
1032.png,76,250,Smoke,1615,391,1691,641
1032.png,99,59,Smoke,1687,577,1786,636
1032.png,50,128,Smoke,1431,422,1481,550
1032.png,76,118,Smoke,1769,317,1845,435
1032.png,57,57,Smoke,1773,313,1830,370
1032.png,55,80,Smoke,546,424,601,504
1032.png,23,113,Smoke,1214,467,1237,580
1033.png,80,48,Smoke,414,514,494,562
1033.png,101,107,Smoke,637,446,738,553
1033.png,86,160,Smoke,814,379,900,539
1033.png,111,233,Smoke,1027,309,1138,542
1033.png,32,158,Smoke,962,381,994,539
1033.png,29,218,Smoke,1163,353,1192,571
1033.png,124,174,Smoke,1253,377,1377,551
1033.png,179,109,Smoke,1741,458,1920,567
1033.png,76,250,Smoke,1614,391,1690,641
1033.png,99,59,Smoke,1687,578,1786,637
1033.png,50,128,Smoke,1431,422,1481,550
1033.png,76,118,Smoke,1769,317,1845,435
1033.png,57,57,Smoke,1773,313,1830,370
1034.png,80,48,Smoke,414,514,494,562
1034.png,101,107,Smoke,635,446,736,553
1034.png,86,160,Smoke,814,379,900,539
1034.png,111,233,Smoke,1026,311,1137,544
1034.png,32,158,Smoke,962,381,994,539
1034.png,29,218,Smoke,1163,353,1192,571
1034.png,124,174,Smoke,1253,377,1377,551
1034.png,179,109,Smoke,1741,458,1920,567
1034.png,76,250,Smoke,1615,391,1691,641
1034.png,99,59,Smoke,1687,576,1786,635
1034.png,50,128,Smoke,1431,421,1481,549
1034.png,76,118,Smoke,1769,317,1845,435
1034.png,55,80,Smoke,546,424,601,504
1034.png,23,113,Smoke,1214,467,1237,580
1034.png,57,57,Smoke,1773,313,1830,370
1035.png,80,48,Smoke,414,514,494,562
1035.png,101,107,Smoke,637,446,738,553
1035.png,86,160,Smoke,814,379,900,539
1035.png,111,233,Smoke,1026,311,1137,544
1035.png,32,158,Smoke,962,381,994,539
1035.png,29,218,Smoke,1163,353,1192,571
1035.png,124,174,Smoke,1253,377,1377,551
1035.png,179,109,Smoke,1741,458,1920,567
1035.png,76,250,Smoke,1615,391,1691,641
1035.png,99,59,Smoke,1687,577,1786,636
1035.png,50,128,Smoke,1431,422,1481,550
1035.png,76,118,Smoke,1769,317,1845,435
1035.png,55,80,Smoke,546,424,601,504
1035.png,23,113,Smoke,1214,467,1237,580
1035.png,57,57,Smoke,1773,313,1830,370
1036.png,80,48,Smoke,414,514,494,562
1036.png,101,107,Smoke,635,446,736,553
1036.png,86,160,Smoke,814,379,900,539
1036.png,111,233,Smoke,1028,309,1139,542
1036.png,32,158,Smoke,962,381,994,539
1036.png,29,218,Smoke,1163,351,1192,569
1036.png,124,174,Smoke,1253,377,1377,551
1036.png,179,109,Smoke,1741,458,1920,567
1036.png,76,250,Smoke,1615,391,1691,641
1036.png,99,59,Smoke,1686,576,1785,635
1036.png,50,128,Smoke,1431,421,1481,549
1036.png,76,118,Smoke,1769,317,1845,435
1036.png,55,80,Smoke,546,424,601,504
1036.png,23,113,Smoke,1214,467,1237,580
1036.png,57,57,Smoke,1773,313,1830,370
1037.png,80,48,Smoke,414,514,494,562
1037.png,101,107,Smoke,635,446,736,553
1037.png,86,160,Smoke,814,379,900,539
1037.png,111,233,Smoke,1028,309,1139,542
1037.png,32,158,Smoke,962,381,994,539
1037.png,29,218,Smoke,1163,351,1192,569
1037.png,124,174,Smoke,1253,377,1377,551
1037.png,179,109,Smoke,1741,458,1920,567
1037.png,76,250,Smoke,1615,391,1691,641
1037.png,99,59,Smoke,1686,577,1785,636
1037.png,50,128,Smoke,1431,421,1481,549
1037.png,76,118,Smoke,1769,317,1845,435
1037.png,55,80,Smoke,546,424,601,504
1037.png,23,113,Smoke,1214,467,1237,580
1037.png,57,57,Smoke,1773,313,1830,370
1038.png,80,48,Smoke,414,514,494,562
1038.png,101,107,Smoke,635,446,736,553
1038.png,86,160,Smoke,814,379,900,539
1038.png,111,233,Smoke,1028,309,1139,542
1038.png,32,158,Smoke,962,381,994,539
1038.png,29,218,Smoke,1163,353,1192,571
1038.png,124,174,Smoke,1253,377,1377,551
1038.png,179,109,Smoke,1741,458,1920,567
1038.png,76,250,Smoke,1615,391,1691,641
1038.png,99,59,Smoke,1688,577,1787,636
1038.png,50,128,Smoke,1431,422,1481,550
1038.png,76,118,Smoke,1769,317,1845,435
1038.png,55,80,Smoke,546,424,601,504
1038.png,23,113,Smoke,1214,467,1237,580
1038.png,57,57,Smoke,1773,313,1830,370
1039.png,80,48,Smoke,414,514,494,562
1039.png,101,107,Smoke,635,446,736,553
1039.png,97,151,Smoke,813,393,910,544
1039.png,111,233,Smoke,1028,309,1139,542
1039.png,32,158,Smoke,962,381,994,539
1039.png,29,218,Smoke,1163,351,1192,569
1039.png,124,174,Smoke,1253,377,1377,551
1039.png,179,109,Smoke,1741,458,1920,567
1039.png,76,250,Smoke,1615,391,1691,641
1039.png,99,59,Smoke,1688,577,1787,636
1039.png,50,128,Smoke,1431,422,1481,550
1039.png,76,118,Smoke,1769,317,1845,435
1039.png,55,80,Smoke,546,424,601,504
1039.png,23,113,Smoke,1214,467,1237,580
1039.png,57,57,Smoke,1773,313,1830,370
1040.png,80,48,Smoke,414,514,494,562
1040.png,101,107,Smoke,635,446,736,553
1040.png,97,151,Smoke,813,392,910,543
1040.png,111,233,Smoke,1027,309,1138,542
1040.png,32,158,Smoke,962,381,994,539
1040.png,29,218,Smoke,1163,351,1192,569
1040.png,124,174,Smoke,1253,377,1377,551
1040.png,179,109,Smoke,1741,458,1920,567
1040.png,76,250,Smoke,1615,391,1691,641
1040.png,99,59,Smoke,1686,577,1785,636
1040.png,50,128,Smoke,1431,422,1481,550
1040.png,76,118,Smoke,1769,317,1845,435
1040.png,55,80,Smoke,546,424,601,504
1040.png,23,113,Smoke,1214,467,1237,580
1040.png,57,57,Smoke,1773,313,1830,370
1041.png,80,48,Smoke,414,514,494,562
1041.png,101,107,Smoke,635,446,736,553
1041.png,97,151,Smoke,813,393,910,544
1041.png,111,233,Smoke,1027,309,1138,542
1041.png,32,158,Smoke,962,381,994,539
1041.png,29,218,Smoke,1163,351,1192,569
1041.png,124,174,Smoke,1253,377,1377,551
1041.png,179,109,Smoke,1741,458,1920,567
1041.png,76,250,Smoke,1615,391,1691,641
1041.png,99,59,Smoke,1686,577,1785,636
1041.png,50,128,Smoke,1431,421,1481,549
1041.png,76,118,Smoke,1769,317,1845,435
1041.png,55,80,Smoke,546,424,601,504
1041.png,23,113,Smoke,1214,467,1237,580
1041.png,57,57,Smoke,1773,313,1830,370
1041.png,55,80,Smoke,546,424,601,504
1041.png,23,113,Smoke,1214,467,1237,580
1042.png,80,48,Smoke,414,514,494,562
1042.png,101,107,Smoke,635,446,736,553
1042.png,97,151,Smoke,813,392,910,543
1042.png,111,233,Smoke,1027,309,1138,542
1042.png,32,158,Smoke,962,381,994,539
1042.png,29,218,Smoke,1163,353,1192,571
1042.png,124,174,Smoke,1253,377,1377,551
1042.png,179,109,Smoke,1741,458,1920,567
1042.png,76,250,Smoke,1614,391,1690,641
1042.png,99,59,Smoke,1686,577,1785,636
1042.png,50,128,Smoke,1431,421,1481,549
1042.png,76,118,Smoke,1769,317,1845,435
1042.png,57,57,Smoke,1773,313,1830,370
1042.png,55,80,Smoke,546,424,601,504
1042.png,23,113,Smoke,1214,467,1237,580
1043.png,80,48,Smoke,414,514,494,562
1043.png,101,107,Smoke,635,446,736,553
1043.png,97,151,Smoke,813,393,910,544
1043.png,111,233,Smoke,1027,309,1138,542
1043.png,32,158,Smoke,962,381,994,539
1043.png,29,218,Smoke,1163,353,1192,571
1043.png,124,174,Smoke,1253,377,1377,551
1043.png,179,109,Smoke,1741,458,1920,567
1043.png,76,250,Smoke,1614,391,1690,641
1043.png,99,59,Smoke,1686,577,1785,636
1043.png,50,128,Smoke,1431,421,1481,549
1043.png,76,118,Smoke,1769,317,1845,435
1043.png,57,57,Smoke,1773,313,1830,370
1044.png,80,48,Smoke,414,514,494,562
1044.png,101,107,Smoke,635,446,736,553
1044.png,97,151,Smoke,813,392,910,543
1044.png,111,233,Smoke,1027,308,1138,541
1044.png,32,158,Smoke,962,381,994,539
1044.png,29,218,Smoke,1163,353,1192,571
1044.png,124,174,Smoke,1253,377,1377,551
1044.png,179,109,Smoke,1741,457,1920,566
1044.png,76,250,Smoke,1615,392,1691,642
1044.png,99,59,Smoke,1685,576,1784,635
1044.png,50,128,Smoke,1431,421,1481,549
1044.png,76,118,Smoke,1769,317,1845,435
1044.png,55,80,Smoke,546,424,601,504
1044.png,23,113,Smoke,1214,467,1237,580
1044.png,57,57,Smoke,1773,313,1830,370
1045.png,80,48,Smoke,414,514,494,562
1045.png,101,107,Smoke,635,446,736,553
1045.png,97,151,Smoke,813,393,910,544
1045.png,111,246,Smoke,1027,309,1138,555
1045.png,32,158,Smoke,962,381,994,539
1045.png,29,218,Smoke,1163,353,1192,571
1045.png,124,174,Smoke,1253,377,1377,551
1045.png,179,109,Smoke,1741,458,1920,567
1045.png,76,250,Smoke,1614,391,1690,641
1045.png,99,59,Smoke,1686,577,1785,636
1045.png,50,128,Smoke,1431,421,1481,549
1045.png,74,74,Smoke,1769,361,1843,435
1045.png,55,80,Smoke,546,424,601,504
1045.png,23,113,Smoke,1214,467,1237,580
1045.png,57,57,Smoke,1773,313,1830,370
1046.png,80,48,Smoke,414,514,494,562
1046.png,101,107,Smoke,635,446,736,553
1046.png,97,151,Smoke,813,392,910,543
1046.png,111,246,Smoke,1027,310,1138,556
1046.png,32,158,Smoke,962,381,994,539
1046.png,29,218,Smoke,1163,353,1192,571
1046.png,124,174,Smoke,1253,377,1377,551
1046.png,179,109,Smoke,1741,457,1920,566
1046.png,76,250,Smoke,1614,391,1690,641
1046.png,99,59,Smoke,1686,576,1785,635
1046.png,50,128,Smoke,1431,421,1481,549
1046.png,74,74,Smoke,1769,361,1843,435
1046.png,55,80,Smoke,546,424,601,504
1046.png,23,113,Smoke,1214,466,1237,579
1046.png,57,57,Smoke,1773,313,1830,370
1047.png,80,48,Smoke,414,514,494,562
1047.png,101,107,Smoke,635,446,736,553
1047.png,97,151,Smoke,813,393,910,544
1047.png,111,246,Smoke,1027,309,1138,555
1047.png,32,158,Smoke,962,381,994,539
1047.png,29,218,Smoke,1163,353,1192,571
1047.png,124,174,Smoke,1253,377,1377,551
1047.png,179,109,Smoke,1741,457,1920,566
1047.png,76,250,Smoke,1615,391,1691,641
1047.png,99,59,Smoke,1686,576,1785,635
1047.png,50,128,Smoke,1431,421,1481,549
1047.png,74,74,Smoke,1769,361,1843,435
1047.png,55,80,Smoke,546,424,601,504
1047.png,23,113,Smoke,1214,467,1237,580
1047.png,57,57,Smoke,1773,313,1830,370
1048.png,80,48,Smoke,414,514,494,562
1048.png,101,107,Smoke,635,446,736,553
1048.png,97,151,Smoke,813,394,910,545
1048.png,111,246,Smoke,1027,309,1138,555
1048.png,32,158,Smoke,962,381,994,539
1048.png,29,218,Smoke,1163,353,1192,571
1048.png,124,174,Smoke,1253,377,1377,551
1048.png,181,109,Smoke,1739,458,1920,567
1048.png,76,250,Smoke,1615,391,1691,641
1048.png,99,59,Smoke,1686,577,1785,636
1048.png,50,128,Smoke,1431,421,1481,549
1048.png,74,74,Smoke,1769,361,1843,435
1048.png,55,80,Smoke,546,424,601,504
1048.png,23,113,Smoke,1214,466,1237,579
1048.png,57,57,Smoke,1773,313,1830,370
1049.png,80,48,Smoke,414,514,494,562
1049.png,101,107,Smoke,635,446,736,553
1049.png,97,151,Smoke,813,393,910,544
1049.png,111,246,Smoke,1027,309,1138,555
1049.png,32,158,Smoke,963,381,995,539
1049.png,29,218,Smoke,1163,353,1192,571
1049.png,124,174,Smoke,1253,377,1377,551
1049.png,179,109,Smoke,1741,457,1920,566
1049.png,76,250,Smoke,1615,391,1691,641
1049.png,99,59,Smoke,1686,577,1785,636
1049.png,50,128,Smoke,1431,420,1481,548
1049.png,74,74,Smoke,1769,361,1843,435
1049.png,55,80,Smoke,546,424,601,504
1049.png,23,113,Smoke,1214,467,1237,580
1049.png,57,57,Smoke,1773,313,1830,370
1050.png,80,48,Smoke,414,514,494,562
1050.png,101,107,Smoke,635,446,736,553
1050.png,97,151,Smoke,813,392,910,543
1050.png,111,246,Smoke,1027,309,1138,555
1050.png,32,158,Smoke,963,381,995,539
1050.png,29,218,Smoke,1163,351,1192,569
1050.png,124,174,Smoke,1253,377,1377,551
1050.png,179,109,Smoke,1741,457,1920,566
1050.png,76,250,Smoke,1615,391,1691,641
1050.png,99,59,Smoke,1686,577,1785,636
1050.png,50,128,Smoke,1431,421,1481,549
1050.png,74,74,Smoke,1769,361,1843,435
1050.png,55,80,Smoke,546,424,601,504
1050.png,23,113,Smoke,1214,466,1237,579
1050.png,57,57,Smoke,1773,313,1830,370
1051.png,80,48,Smoke,414,514,494,562
1051.png,101,107,Smoke,635,446,736,553
1051.png,97,151,Smoke,813,393,910,544
1051.png,111,246,Smoke,1027,309,1138,555
1051.png,32,158,Smoke,962,382,994,540
1051.png,29,218,Smoke,1163,351,1192,569
1051.png,124,174,Smoke,1253,377,1377,551
1051.png,179,109,Smoke,1741,457,1920,566
1051.png,76,250,Smoke,1615,389,1691,639
1051.png,99,59,Smoke,1686,576,1785,635
1051.png,50,128,Smoke,1431,421,1481,549
1051.png,74,74,Smoke,1769,361,1843,435
1051.png,55,80,Smoke,546,424,601,504
1051.png,23,113,Smoke,1214,467,1237,580
1051.png,57,57,Smoke,1773,313,1830,370
1051.png,55,80,Smoke,546,424,601,504
1051.png,23,113,Smoke,1214,468,1237,581
1052.png,80,48,Smoke,414,514,494,562
1052.png,101,107,Smoke,635,446,736,553
1052.png,97,151,Smoke,813,393,910,544
1052.png,111,246,Smoke,1027,309,1138,555
1052.png,32,158,Smoke,962,382,994,540
1052.png,29,218,Smoke,1163,351,1192,569
1052.png,124,174,Smoke,1253,377,1377,551
1052.png,179,109,Smoke,1741,455,1920,564
1052.png,76,250,Smoke,1615,389,1691,639
1052.png,99,59,Smoke,1686,576,1785,635
1052.png,50,128,Smoke,1431,421,1481,549
1052.png,74,74,Smoke,1769,361,1843,435
1052.png,57,57,Smoke,1773,313,1830,370
1052.png,55,80,Smoke,546,424,601,504
1052.png,23,113,Smoke,1214,468,1237,581
1053.png,80,48,Smoke,414,514,494,562
1053.png,101,107,Smoke,635,446,736,553
1053.png,97,151,Smoke,813,393,910,544
1053.png,111,246,Smoke,1027,309,1138,555
1053.png,32,158,Smoke,962,382,994,540
1053.png,29,218,Smoke,1163,351,1192,569
1053.png,124,174,Smoke,1253,377,1377,551
1053.png,179,109,Smoke,1741,457,1920,566
1053.png,76,250,Smoke,1615,389,1691,639
1053.png,99,59,Smoke,1686,575,1785,634
1053.png,50,128,Smoke,1431,421,1481,549
1053.png,74,74,Smoke,1769,361,1843,435
1053.png,57,57,Smoke,1773,313,1830,370
1054.png,80,48,Smoke,414,514,494,562
1054.png,101,107,Smoke,635,446,736,553
1054.png,97,151,Smoke,813,392,910,543
1054.png,111,246,Smoke,1027,310,1138,556
1054.png,32,158,Smoke,962,382,994,540
1054.png,29,218,Smoke,1163,351,1192,569
1054.png,124,174,Smoke,1253,377,1377,551
1054.png,179,109,Smoke,1741,457,1920,566
1054.png,76,250,Smoke,1615,389,1691,639
1054.png,99,59,Smoke,1686,575,1785,634
1054.png,50,128,Smoke,1431,422,1481,550
1054.png,74,74,Smoke,1769,361,1843,435
1054.png,55,80,Smoke,546,424,601,504
1054.png,23,113,Smoke,1214,468,1237,581
1054.png,57,57,Smoke,1773,313,1830,370
1055.png,80,48,Smoke,414,514,494,562
1055.png,101,107,Smoke,635,446,736,553
1055.png,97,151,Smoke,813,393,910,544
1055.png,111,246,Smoke,1027,309,1138,555
1055.png,32,158,Smoke,962,382,994,540
1055.png,29,218,Smoke,1163,351,1192,569
1055.png,124,174,Smoke,1253,377,1377,551
1055.png,179,109,Smoke,1741,457,1920,566
1055.png,76,250,Smoke,1615,389,1691,639
1055.png,99,59,Smoke,1686,576,1785,635
1055.png,50,128,Smoke,1431,420,1481,548
1055.png,74,74,Smoke,1770,361,1844,435
1055.png,55,80,Smoke,546,424,601,504
1055.png,23,113,Smoke,1214,468,1237,581
1055.png,57,57,Smoke,1773,313,1830,370
1056.png,80,48,Smoke,414,514,494,562
1056.png,101,107,Smoke,635,446,736,553
1056.png,97,151,Smoke,813,392,910,543
1056.png,111,246,Smoke,1027,308,1138,554
1056.png,32,158,Smoke,962,380,994,538
1056.png,29,218,Smoke,1163,351,1192,569
1056.png,124,174,Smoke,1253,377,1377,551
1056.png,179,109,Smoke,1741,457,1920,566
1056.png,76,250,Smoke,1615,389,1691,639
1056.png,99,59,Smoke,1686,575,1785,634
1056.png,50,128,Smoke,1431,420,1481,548
1056.png,74,74,Smoke,1770,361,1844,435
1056.png,55,80,Smoke,546,424,601,504
1056.png,23,113,Smoke,1214,468,1237,581
1056.png,57,57,Smoke,1773,313,1830,370
1057.png,80,48,Smoke,414,514,494,562
1057.png,101,107,Smoke,635,446,736,553
1057.png,97,151,Smoke,813,393,910,544
1057.png,111,246,Smoke,1028,309,1139,555
1057.png,32,158,Smoke,962,380,994,538
1057.png,29,218,Smoke,1163,353,1192,571
1057.png,124,174,Smoke,1253,377,1377,551
1057.png,179,109,Smoke,1741,457,1920,566
1057.png,76,250,Smoke,1615,389,1691,639
1057.png,99,59,Smoke,1686,576,1785,635
1057.png,50,128,Smoke,1431,421,1481,549
1057.png,74,74,Smoke,1770,361,1844,435
1057.png,55,80,Smoke,546,424,601,504
1057.png,23,113,Smoke,1214,468,1237,581
1057.png,57,57,Smoke,1773,313,1830,370
1058.png,80,48,Smoke,414,514,494,562
1058.png,101,107,Smoke,635,446,736,553
1058.png,97,151,Smoke,813,392,910,543
1058.png,111,246,Smoke,1028,309,1139,555
1058.png,32,158,Smoke,962,380,994,538
1058.png,29,218,Smoke,1163,353,1192,571
1058.png,124,174,Smoke,1253,377,1377,551
1058.png,179,109,Smoke,1741,457,1920,566
1058.png,76,250,Smoke,1615,389,1691,639
1058.png,99,59,Smoke,1686,575,1785,634
1058.png,50,128,Smoke,1431,421,1481,549
1058.png,74,74,Smoke,1770,361,1844,435
1058.png,55,80,Smoke,546,424,601,504
1058.png,23,113,Smoke,1214,468,1237,581
1058.png,57,57,Smoke,1773,313,1830,370
1059.png,80,48,Smoke,414,514,494,562
1059.png,101,107,Smoke,635,446,736,553
1059.png,97,151,Smoke,813,393,910,544
1059.png,111,246,Smoke,1028,309,1139,555
1059.png,32,158,Smoke,962,380,994,538
1059.png,29,218,Smoke,1163,353,1192,571
1059.png,124,174,Smoke,1253,377,1377,551
1059.png,179,109,Smoke,1741,457,1920,566
1059.png,76,250,Smoke,1615,389,1691,639
1059.png,99,59,Smoke,1685,574,1784,633
1059.png,50,128,Smoke,1431,420,1481,548
1059.png,74,74,Smoke,1770,361,1844,435
1059.png,55,80,Smoke,546,424,601,504
1059.png,23,113,Smoke,1214,468,1237,581
1059.png,57,57,Smoke,1773,313,1830,370
1060.png,80,48,Smoke,414,514,494,562
1060.png,101,107,Smoke,635,446,736,553
1060.png,97,151,Smoke,813,394,910,545
1060.png,111,246,Smoke,1028,308,1139,554
1060.png,32,158,Smoke,963,377,995,535
1060.png,29,218,Smoke,1163,347,1192,565
1060.png,124,174,Smoke,1253,377,1377,551
1060.png,179,109,Smoke,1741,457,1920,566
1060.png,76,250,Smoke,1615,389,1691,639
1060.png,99,59,Smoke,1684,573,1783,632
1060.png,50,128,Smoke,1431,422,1481,550
1060.png,74,74,Smoke,1770,361,1844,435
1060.png,55,80,Smoke,546,424,601,504
1060.png,23,113,Smoke,1214,468,1237,581
1060.png,57,57,Smoke,1773,313,1830,370
1061.png,80,48,Smoke,414,514,494,562
1061.png,101,107,Smoke,635,446,736,553
1061.png,97,151,Smoke,813,393,910,544
1061.png,111,246,Smoke,1028,309,1139,555
1061.png,32,158,Smoke,963,377,995,535
1061.png,29,218,Smoke,1163,345,1192,563
1061.png,124,174,Smoke,1253,377,1377,551
1061.png,179,109,Smoke,1741,457,1920,566
1061.png,76,250,Smoke,1615,389,1691,639
1061.png,99,59,Smoke,1687,575,1786,634
1061.png,50,128,Smoke,1431,422,1481,550
1061.png,74,74,Smoke,1770,361,1844,435
1061.png,55,80,Smoke,546,424,601,504
1061.png,23,113,Smoke,1214,468,1237,581
1061.png,57,57,Smoke,1773,313,1830,370
1061.png,55,80,Smoke,546,424,601,504
1061.png,23,113,Smoke,1214,468,1237,581
1062.png,80,48,Smoke,414,514,494,562
1062.png,101,107,Smoke,635,446,736,553
1062.png,97,151,Smoke,813,393,910,544
1062.png,111,246,Smoke,1028,310,1139,556
1062.png,32,158,Smoke,963,376,995,534
1062.png,29,218,Smoke,1163,345,1192,563
1062.png,124,174,Smoke,1253,377,1377,551
1062.png,179,109,Smoke,1741,457,1920,566
1062.png,76,250,Smoke,1615,389,1691,639
1062.png,99,59,Smoke,1687,575,1786,634
1062.png,50,128,Smoke,1431,422,1481,550
1062.png,74,74,Smoke,1770,361,1844,435
1062.png,57,57,Smoke,1773,313,1830,370
1062.png,55,80,Smoke,546,424,601,504
1062.png,23,113,Smoke,1214,469,1237,582
1063.png,80,48,Smoke,414,514,494,562
1063.png,101,107,Smoke,635,446,736,553
1063.png,97,151,Smoke,813,393,910,544
1063.png,111,246,Smoke,1028,310,1139,556
1063.png,32,158,Smoke,963,377,995,535
1063.png,29,218,Smoke,1163,344,1192,562
1063.png,124,174,Smoke,1253,377,1377,551
1063.png,179,109,Smoke,1741,457,1920,566
1063.png,76,250,Smoke,1615,389,1691,639
1063.png,99,59,Smoke,1687,575,1786,634
1063.png,50,128,Smoke,1431,422,1481,550
1063.png,74,74,Smoke,1770,361,1844,435
1063.png,57,57,Smoke,1773,313,1830,370
1064.png,80,48,Smoke,414,514,494,562
1064.png,101,107,Smoke,635,446,736,553
1064.png,97,151,Smoke,813,392,910,543
1064.png,111,246,Smoke,1028,310,1139,556
1064.png,32,158,Smoke,963,377,995,535
1064.png,29,218,Smoke,1163,345,1192,563
1064.png,124,174,Smoke,1253,377,1377,551
1064.png,179,109,Smoke,1741,457,1920,566
1064.png,76,250,Smoke,1615,389,1691,639
1064.png,99,59,Smoke,1687,575,1786,634
1064.png,50,128,Smoke,1431,422,1481,550
1064.png,74,74,Smoke,1770,361,1844,435
1064.png,55,80,Smoke,546,424,601,504
1064.png,23,113,Smoke,1214,468,1237,581
1064.png,57,57,Smoke,1773,313,1830,370
1065.png,80,48,Smoke,414,514,494,562
1065.png,101,107,Smoke,635,446,736,553
1065.png,97,151,Smoke,813,393,910,544
1065.png,111,246,Smoke,1029,310,1140,556
1065.png,32,158,Smoke,963,377,995,535
1065.png,29,218,Smoke,1163,344,1192,562
1065.png,124,174,Smoke,1253,377,1377,551
1065.png,179,109,Smoke,1741,457,1920,566
1065.png,76,250,Smoke,1615,389,1691,639
1065.png,99,59,Smoke,1687,575,1786,634
1065.png,50,128,Smoke,1431,422,1481,550
1065.png,74,74,Smoke,1770,361,1844,435
1065.png,55,80,Smoke,546,424,601,504
1065.png,23,113,Smoke,1214,468,1237,581
1065.png,57,57,Smoke,1773,313,1830,370
1066.png,80,48,Smoke,414,514,494,562
1066.png,101,107,Smoke,635,446,736,553
1066.png,97,151,Smoke,814,392,911,543
1066.png,111,246,Smoke,1027,310,1138,556
1066.png,32,158,Smoke,963,377,995,535
1066.png,29,218,Smoke,1163,345,1192,563
1066.png,124,174,Smoke,1253,377,1377,551
1066.png,179,109,Smoke,1741,457,1920,566
1066.png,76,250,Smoke,1615,389,1691,639
1066.png,99,59,Smoke,1688,575,1787,634
1066.png,50,128,Smoke,1431,422,1481,550
1066.png,74,74,Smoke,1770,361,1844,435
1066.png,55,80,Smoke,546,424,601,504
1066.png,23,113,Smoke,1214,469,1237,582
1066.png,57,57,Smoke,1773,313,1830,370
1067.png,80,48,Smoke,414,514,494,562
1067.png,101,107,Smoke,635,446,736,553
1067.png,97,151,Smoke,813,393,910,544
1067.png,111,246,Smoke,1028,310,1139,556
1067.png,32,158,Smoke,963,377,995,535
1067.png,29,218,Smoke,1163,344,1192,562
1067.png,124,174,Smoke,1253,377,1377,551
1067.png,179,109,Smoke,1741,457,1920,566
1067.png,76,250,Smoke,1615,389,1691,639
1067.png,99,59,Smoke,1687,575,1786,634
1067.png,50,128,Smoke,1431,422,1481,550
1067.png,74,74,Smoke,1770,361,1844,435
1067.png,55,80,Smoke,546,424,601,504
1067.png,23,113,Smoke,1214,469,1237,582
1067.png,57,57,Smoke,1773,313,1830,370
1068.png,80,48,Smoke,414,514,494,562
1068.png,101,107,Smoke,635,446,736,553
1068.png,97,151,Smoke,814,394,911,545
1068.png,111,246,Smoke,1027,310,1138,556
1068.png,32,158,Smoke,963,375,995,533
1068.png,29,218,Smoke,1163,344,1192,562
1068.png,124,174,Smoke,1253,377,1377,551
1068.png,179,109,Smoke,1741,457,1920,566
1068.png,76,250,Smoke,1615,389,1691,639
1068.png,99,59,Smoke,1687,575,1786,634
1068.png,50,128,Smoke,1431,422,1481,550
1068.png,74,74,Smoke,1770,361,1844,435
1068.png,55,80,Smoke,546,424,601,504
1068.png,23,113,Smoke,1214,469,1237,582
1068.png,57,57,Smoke,1773,313,1830,370
1069.png,80,48,Smoke,414,514,494,562
1069.png,101,107,Smoke,635,446,736,553
1069.png,97,151,Smoke,813,393,910,544
1069.png,111,246,Smoke,1029,309,1140,555
1069.png,32,158,Smoke,963,375,995,533
1069.png,29,218,Smoke,1163,343,1192,561
1069.png,124,174,Smoke,1253,377,1377,551
1069.png,179,109,Smoke,1741,457,1920,566
1069.png,76,250,Smoke,1615,389,1691,639
1069.png,99,59,Smoke,1687,575,1786,634
1069.png,50,128,Smoke,1431,422,1481,550
1069.png,74,74,Smoke,1770,361,1844,435
1069.png,55,80,Smoke,546,424,601,504
1069.png,23,113,Smoke,1214,468,1237,581
1069.png,57,57,Smoke,1773,313,1830,370
1070.png,80,48,Smoke,414,514,494,562
1070.png,101,107,Smoke,635,446,736,553
1070.png,97,151,Smoke,814,394,911,545
1070.png,111,246,Smoke,1027,310,1138,556
1070.png,32,158,Smoke,963,375,995,533
1070.png,29,218,Smoke,1163,343,1192,561
1070.png,124,174,Smoke,1253,377,1377,551
1070.png,179,109,Smoke,1741,457,1920,566
1070.png,76,250,Smoke,1615,389,1691,639
1070.png,99,59,Smoke,1688,575,1787,634
1070.png,50,128,Smoke,1431,422,1481,550
1070.png,74,74,Smoke,1770,361,1844,435
1070.png,55,80,Smoke,546,424,601,504
1070.png,23,113,Smoke,1214,466,1237,579
1070.png,57,57,Smoke,1773,313,1830,370
1071.png,80,48,Smoke,414,514,494,562
1071.png,101,107,Smoke,635,446,736,553
1071.png,97,151,Smoke,814,393,911,544
1071.png,111,246,Smoke,1027,309,1138,555
1071.png,32,158,Smoke,963,375,995,533
1071.png,29,218,Smoke,1163,341,1192,559
1071.png,124,174,Smoke,1253,377,1377,551
1071.png,179,109,Smoke,1741,457,1920,566
1071.png,76,250,Smoke,1615,389,1691,639
1071.png,99,59,Smoke,1688,575,1787,634
1071.png,50,128,Smoke,1431,422,1481,550
1071.png,74,74,Smoke,1770,361,1844,435
1071.png,55,80,Smoke,546,424,601,504
1071.png,23,113,Smoke,1214,468,1237,581
1071.png,57,57,Smoke,1773,313,1830,370
1071.png,55,80,Smoke,546,424,601,504
1071.png,23,113,Smoke,1214,469,1237,582
1072.png,80,48,Smoke,414,514,494,562
1072.png,101,107,Smoke,635,446,736,553
1072.png,97,151,Smoke,814,394,911,545
1072.png,111,246,Smoke,1027,310,1138,556
1072.png,32,158,Smoke,963,375,995,533
1072.png,29,218,Smoke,1163,339,1192,557
1072.png,124,174,Smoke,1253,377,1377,551
1072.png,179,109,Smoke,1741,456,1920,565
1072.png,76,250,Smoke,1615,389,1691,639
1072.png,99,59,Smoke,1688,575,1787,634
1072.png,50,128,Smoke,1431,422,1481,550
1072.png,74,74,Smoke,1770,361,1844,435
1072.png,57,57,Smoke,1773,313,1830,370
1072.png,55,80,Smoke,546,424,601,504
1072.png,23,113,Smoke,1214,469,1237,582
1073.png,80,48,Smoke,414,514,494,562
1073.png,101,107,Smoke,635,446,736,553
1073.png,97,151,Smoke,814,393,911,544
1073.png,111,246,Smoke,1027,309,1138,555
1073.png,32,158,Smoke,963,375,995,533
1073.png,29,218,Smoke,1162,341,1191,559
1073.png,124,174,Smoke,1253,377,1377,551
1073.png,179,109,Smoke,1741,456,1920,565
1073.png,76,250,Smoke,1615,389,1691,639
1073.png,99,59,Smoke,1688,575,1787,634
1073.png,50,128,Smoke,1431,422,1481,550
1073.png,74,74,Smoke,1770,361,1844,435
1073.png,57,57,Smoke,1773,313,1830,370
1074.png,80,48,Smoke,414,514,494,562
1074.png,101,107,Smoke,635,446,736,553
1074.png,97,151,Smoke,814,394,911,545
1074.png,111,246,Smoke,1027,310,1138,556
1074.png,32,158,Smoke,963,375,995,533
1074.png,29,218,Smoke,1163,341,1192,559
1074.png,124,174,Smoke,1253,377,1377,551
1074.png,179,109,Smoke,1741,457,1920,566
1074.png,76,250,Smoke,1615,389,1691,639
1074.png,99,59,Smoke,1688,575,1787,634
1074.png,50,128,Smoke,1431,422,1481,550
1074.png,74,74,Smoke,1770,361,1844,435
1074.png,55,80,Smoke,546,424,601,504
1074.png,23,113,Smoke,1214,469,1237,582
1074.png,57,57,Smoke,1773,313,1830,370
1075.png,80,48,Smoke,414,514,494,562
1075.png,101,107,Smoke,635,446,736,553
1075.png,97,151,Smoke,814,393,911,544
1075.png,111,246,Smoke,1028,310,1139,556
1075.png,32,158,Smoke,963,375,995,533
1075.png,29,218,Smoke,1162,349,1191,567
1075.png,124,174,Smoke,1253,377,1377,551
1075.png,179,109,Smoke,1741,457,1920,566
1075.png,76,250,Smoke,1615,389,1691,639
1075.png,99,59,Smoke,1688,575,1787,634
1075.png,50,128,Smoke,1431,422,1481,550
1075.png,74,74,Smoke,1770,361,1844,435
1075.png,55,80,Smoke,546,424,601,504
1075.png,23,113,Smoke,1214,469,1237,582
1075.png,57,57,Smoke,1773,313,1830,370
1076.png,80,48,Smoke,414,514,494,562
1076.png,101,107,Smoke,635,446,736,553
1076.png,97,151,Smoke,814,394,911,545
1076.png,111,246,Smoke,1027,308,1138,554
1076.png,32,158,Smoke,963,375,995,533
1076.png,29,218,Smoke,1164,337,1193,555
1076.png,124,174,Smoke,1253,377,1377,551
1076.png,179,109,Smoke,1741,457,1920,566
1076.png,76,250,Smoke,1615,389,1691,639
1076.png,99,59,Smoke,1688,575,1787,634
1076.png,50,128,Smoke,1431,422,1481,550
1076.png,74,74,Smoke,1770,361,1844,435
1076.png,55,80,Smoke,546,424,601,504
1076.png,23,113,Smoke,1214,469,1237,582
1076.png,57,57,Smoke,1773,313,1830,370
1077.png,80,48,Smoke,414,514,494,562
1077.png,101,107,Smoke,635,446,736,553
1077.png,97,151,Smoke,814,393,911,544
1077.png,111,246,Smoke,1028,309,1139,555
1077.png,32,158,Smoke,963,375,995,533
1077.png,29,218,Smoke,1164,336,1193,554
1077.png,124,174,Smoke,1253,377,1377,551
1077.png,179,109,Smoke,1741,457,1920,566
1077.png,76,250,Smoke,1615,389,1691,639
1077.png,99,59,Smoke,1688,575,1787,634
1077.png,50,128,Smoke,1431,422,1481,550
1077.png,74,74,Smoke,1770,361,1844,435
1077.png,55,80,Smoke,546,424,601,504
1077.png,23,113,Smoke,1214,469,1237,582
1077.png,57,57,Smoke,1773,313,1830,370
1078.png,80,48,Smoke,414,514,494,562
1078.png,101,107,Smoke,635,446,736,553
1078.png,97,151,Smoke,814,392,911,543
1078.png,111,246,Smoke,1027,308,1138,554
1078.png,32,158,Smoke,963,375,995,533
1078.png,29,218,Smoke,1162,349,1191,567
1078.png,124,174,Smoke,1253,377,1377,551
1078.png,179,109,Smoke,1741,457,1920,566
1078.png,76,250,Smoke,1615,389,1691,639
1078.png,99,59,Smoke,1688,575,1787,634
1078.png,50,128,Smoke,1431,421,1481,549
1078.png,74,74,Smoke,1770,362,1844,436
1078.png,55,80,Smoke,546,424,601,504
1078.png,23,113,Smoke,1214,469,1237,582
1078.png,57,57,Smoke,1773,313,1830,370
1079.png,80,48,Smoke,414,514,494,562
1079.png,101,107,Smoke,635,446,736,553
1079.png,97,151,Smoke,814,393,911,544
1079.png,111,246,Smoke,1028,309,1139,555
1079.png,32,158,Smoke,963,375,995,533
1079.png,29,218,Smoke,1164,331,1193,549
1079.png,124,174,Smoke,1253,377,1377,551
1079.png,179,109,Smoke,1741,456,1920,565
1079.png,76,250,Smoke,1615,389,1691,639
1079.png,99,59,Smoke,1688,575,1787,634
1079.png,50,128,Smoke,1431,422,1481,550
1079.png,74,74,Smoke,1769,361,1843,435
1079.png,55,80,Smoke,546,424,601,504
1079.png,23,113,Smoke,1214,469,1237,582
1079.png,57,57,Smoke,1773,313,1830,370
1080.png,80,48,Smoke,414,514,494,562
1080.png,101,107,Smoke,635,446,736,553
1080.png,97,151,Smoke,814,394,911,545
1080.png,111,246,Smoke,1029,310,1140,556
1080.png,32,158,Smoke,963,375,995,533
1080.png,29,218,Smoke,1163,339,1192,557
1080.png,124,174,Smoke,1253,377,1377,551
1080.png,179,109,Smoke,1741,456,1920,565
1080.png,76,250,Smoke,1615,389,1691,639
1080.png,99,59,Smoke,1688,575,1787,634
1080.png,50,128,Smoke,1431,422,1481,550
1080.png,74,74,Smoke,1769,361,1843,435
1080.png,55,80,Smoke,546,424,601,504
1080.png,23,113,Smoke,1214,469,1237,582
1080.png,57,57,Smoke,1773,313,1830,370
1081.png,80,48,Smoke,414,514,494,562
1081.png,101,107,Smoke,635,446,736,553
1081.png,97,151,Smoke,814,393,911,544
1081.png,111,246,Smoke,1029,309,1140,555
1081.png,32,158,Smoke,963,375,995,533
1081.png,29,218,Smoke,1164,333,1193,551
1081.png,124,174,Smoke,1253,377,1377,551
1081.png,179,109,Smoke,1741,456,1920,565
1081.png,76,250,Smoke,1615,389,1691,639
1081.png,99,59,Smoke,1688,575,1787,634
1081.png,50,128,Smoke,1431,422,1481,550
1081.png,74,74,Smoke,1770,361,1844,435
1081.png,55,80,Smoke,546,424,601,504
1081.png,23,113,Smoke,1214,469,1237,582
1081.png,57,57,Smoke,1773,313,1830,370
1081.png,55,80,Smoke,546,424,601,504
1081.png,23,113,Smoke,1214,469,1237,582
1082.png,80,48,Smoke,414,514,494,562
1082.png,101,107,Smoke,635,446,736,553
1082.png,97,151,Smoke,814,394,911,545
1082.png,111,246,Smoke,1029,309,1140,555
1082.png,32,158,Smoke,963,375,995,533
1082.png,29,218,Smoke,1164,331,1193,549
1082.png,124,174,Smoke,1253,377,1377,551
1082.png,179,109,Smoke,1741,456,1920,565
1082.png,76,250,Smoke,1614,388,1690,638
1082.png,99,59,Smoke,1688,575,1787,634
1082.png,50,128,Smoke,1431,422,1481,550
1082.png,74,74,Smoke,1770,361,1844,435
1082.png,57,57,Smoke,1773,313,1830,370
1082.png,55,80,Smoke,546,424,601,504
1082.png,23,113,Smoke,1214,469,1237,582
1083.png,80,48,Smoke,414,514,494,562
1083.png,101,107,Smoke,635,446,736,553
1083.png,97,151,Smoke,814,393,911,544
1083.png,111,246,Smoke,1029,309,1140,555
1083.png,32,158,Smoke,963,377,995,535
1083.png,29,218,Smoke,1164,331,1193,549
1083.png,124,174,Smoke,1253,377,1377,551
1083.png,179,109,Smoke,1741,456,1920,565
1083.png,76,250,Smoke,1615,389,1691,639
1083.png,99,59,Smoke,1688,575,1787,634
1083.png,50,128,Smoke,1431,422,1481,550
1083.png,74,74,Smoke,1770,361,1844,435
1083.png,57,57,Smoke,1773,313,1830,370
1084.png,80,48,Smoke,414,514,494,562
1084.png,101,107,Smoke,635,446,736,553
1084.png,97,151,Smoke,814,393,911,544
1084.png,111,246,Smoke,1029,310,1140,556
1084.png,32,158,Smoke,963,375,995,533
1084.png,29,218,Smoke,1164,331,1193,549
1084.png,124,174,Smoke,1253,377,1377,551
1084.png,179,109,Smoke,1741,456,1920,565
1084.png,76,250,Smoke,1615,389,1691,639
1084.png,99,59,Smoke,1688,575,1787,634
1084.png,50,128,Smoke,1431,422,1481,550
1084.png,74,74,Smoke,1770,361,1844,435
1084.png,55,80,Smoke,546,424,601,504
1084.png,23,113,Smoke,1214,470,1237,583
1084.png,57,57,Smoke,1773,313,1830,370
1085.png,80,48,Smoke,414,514,494,562
1085.png,101,107,Smoke,635,446,736,553
1085.png,97,151,Smoke,814,393,911,544
1085.png,111,246,Smoke,1029,311,1140,557
1085.png,32,158,Smoke,963,375,995,533
1085.png,29,218,Smoke,1164,331,1193,549
1085.png,124,174,Smoke,1253,377,1377,551
1085.png,179,109,Smoke,1741,456,1920,565
1085.png,76,250,Smoke,1615,389,1691,639
1085.png,99,59,Smoke,1687,575,1786,634
1085.png,50,128,Smoke,1431,422,1481,550
1085.png,74,74,Smoke,1770,361,1844,435
1085.png,55,80,Smoke,546,424,601,504
1085.png,23,113,Smoke,1214,469,1237,582
1085.png,57,57,Smoke,1773,313,1830,370
1086.png,80,48,Smoke,414,514,494,562
1086.png,101,107,Smoke,635,446,736,553
1086.png,97,151,Smoke,814,394,911,545
1086.png,111,246,Smoke,1029,310,1140,556
1086.png,32,158,Smoke,963,375,995,533
1086.png,29,218,Smoke,1164,331,1193,549
1086.png,124,174,Smoke,1253,377,1377,551
1086.png,179,109,Smoke,1741,456,1920,565
1086.png,76,250,Smoke,1615,389,1691,639
1086.png,99,59,Smoke,1687,575,1786,634
1086.png,50,128,Smoke,1431,422,1481,550
1086.png,74,74,Smoke,1770,361,1844,435
1086.png,55,80,Smoke,546,424,601,504
1086.png,23,113,Smoke,1214,469,1237,582
1086.png,57,57,Smoke,1773,313,1830,370
1087.png,80,48,Smoke,414,514,494,562
1087.png,101,107,Smoke,635,446,736,553
1087.png,97,151,Smoke,814,393,911,544
1087.png,111,246,Smoke,1029,309,1140,555
1087.png,32,158,Smoke,963,375,995,533
1087.png,29,218,Smoke,1164,331,1193,549
1087.png,124,174,Smoke,1253,377,1377,551
1087.png,179,109,Smoke,1741,457,1920,566
1087.png,76,250,Smoke,1614,389,1690,639
1087.png,99,59,Smoke,1687,574,1786,633
1087.png,50,128,Smoke,1431,422,1481,550
1087.png,74,74,Smoke,1770,361,1844,435
1087.png,55,80,Smoke,546,424,601,504
1087.png,23,113,Smoke,1214,469,1237,582
1087.png,57,57,Smoke,1773,313,1830,370
1088.png,80,48,Smoke,414,514,494,562
1088.png,101,107,Smoke,635,446,736,553
1088.png,97,151,Smoke,814,393,911,544
1088.png,111,246,Smoke,1029,310,1140,556
1088.png,32,158,Smoke,963,375,995,533
1088.png,29,218,Smoke,1164,331,1193,549
1088.png,124,174,Smoke,1253,377,1377,551
1088.png,179,109,Smoke,1741,456,1920,565
1088.png,76,250,Smoke,1615,389,1691,639
1088.png,99,59,Smoke,1687,574,1786,633
1088.png,50,128,Smoke,1431,422,1481,550
1088.png,74,74,Smoke,1770,361,1844,435
1088.png,55,80,Smoke,546,424,601,504
1088.png,23,113,Smoke,1214,470,1237,583
1088.png,57,57,Smoke,1773,313,1830,370
1089.png,80,48,Smoke,414,514,494,562
1089.png,101,107,Smoke,635,446,736,553
1089.png,97,151,Smoke,814,393,911,544
1089.png,111,246,Smoke,1029,309,1140,555
1089.png,32,158,Smoke,963,375,995,533
1089.png,29,218,Smoke,1164,331,1193,549
1089.png,124,174,Smoke,1253,377,1377,551
1089.png,179,109,Smoke,1741,457,1920,566
1089.png,76,250,Smoke,1615,391,1691,641
1089.png,99,59,Smoke,1687,574,1786,633
1089.png,50,128,Smoke,1431,422,1481,550
1089.png,74,74,Smoke,1770,361,1844,435
1089.png,55,80,Smoke,546,424,601,504
1089.png,23,113,Smoke,1214,469,1237,582
1089.png,57,57,Smoke,1773,313,1830,370
1090.png,80,48,Smoke,414,514,494,562
1090.png,101,107,Smoke,635,446,736,553
1090.png,97,151,Smoke,814,394,911,545
1090.png,111,246,Smoke,1029,310,1140,556
1090.png,32,158,Smoke,963,375,995,533
1090.png,29,218,Smoke,1164,331,1193,549
1090.png,124,174,Smoke,1253,377,1377,551
1090.png,179,109,Smoke,1741,457,1920,566
1090.png,76,250,Smoke,1615,391,1691,641
1090.png,99,59,Smoke,1688,575,1787,634
1090.png,50,128,Smoke,1431,422,1481,550
1090.png,74,74,Smoke,1770,361,1844,435
1090.png,55,80,Smoke,546,424,601,504
1090.png,23,113,Smoke,1214,469,1237,582
1090.png,57,57,Smoke,1773,313,1830,370
1091.png,80,48,Smoke,414,514,494,562
1091.png,101,107,Smoke,635,446,736,553
1091.png,97,151,Smoke,814,393,911,544
1091.png,111,246,Smoke,1029,309,1140,555
1091.png,32,158,Smoke,963,375,995,533
1091.png,29,218,Smoke,1164,331,1193,549
1091.png,124,174,Smoke,1253,377,1377,551
1091.png,179,109,Smoke,1741,457,1920,566
1091.png,76,250,Smoke,1615,391,1691,641
1091.png,99,59,Smoke,1688,575,1787,634
1091.png,50,128,Smoke,1431,422,1481,550
1091.png,74,74,Smoke,1771,361,1845,435
1091.png,55,80,Smoke,546,424,601,504
1091.png,23,113,Smoke,1214,469,1237,582
1091.png,57,57,Smoke,1773,313,1830,370
1091.png,55,80,Smoke,546,424,601,504
1091.png,23,113,Smoke,1214,470,1237,583
1092.png,80,48,Smoke,414,514,494,562
1092.png,101,107,Smoke,635,446,736,553
1092.png,97,151,Smoke,814,394,911,545
1092.png,111,246,Smoke,1029,309,1140,555
1092.png,32,158,Smoke,963,375,995,533
1092.png,29,218,Smoke,1164,335,1193,553
1092.png,124,174,Smoke,1253,377,1377,551
1092.png,179,109,Smoke,1741,457,1920,566
1092.png,76,250,Smoke,1615,391,1691,641
1092.png,99,59,Smoke,1688,575,1787,634
1092.png,50,128,Smoke,1431,422,1481,550
1092.png,74,74,Smoke,1771,361,1845,435
1092.png,57,57,Smoke,1773,313,1830,370
1092.png,55,80,Smoke,546,424,601,504
1092.png,23,113,Smoke,1214,470,1237,583
1093.png,80,48,Smoke,414,514,494,562
1093.png,101,107,Smoke,635,446,736,553
1093.png,97,151,Smoke,814,393,911,544
1093.png,111,246,Smoke,1029,308,1140,554
1093.png,32,158,Smoke,963,375,995,533
1093.png,29,218,Smoke,1164,335,1193,553
1093.png,124,174,Smoke,1253,377,1377,551
1093.png,179,109,Smoke,1741,458,1920,567
1093.png,76,250,Smoke,1615,391,1691,641
1093.png,99,59,Smoke,1688,575,1787,634
1093.png,50,128,Smoke,1431,422,1481,550
1093.png,74,74,Smoke,1771,361,1845,435
1093.png,57,57,Smoke,1773,313,1830,370
1094.png,80,48,Smoke,414,514,494,562
1094.png,101,107,Smoke,635,446,736,553
1094.png,97,151,Smoke,814,394,911,545
1094.png,111,246,Smoke,1029,310,1140,556
1094.png,32,158,Smoke,963,375,995,533
1094.png,29,218,Smoke,1164,335,1193,553
1094.png,124,174,Smoke,1253,377,1377,551
1094.png,179,109,Smoke,1741,457,1920,566
1094.png,76,250,Smoke,1615,391,1691,641
1094.png,99,59,Smoke,1688,575,1787,634
1094.png,50,128,Smoke,1431,422,1481,550
1094.png,74,74,Smoke,1771,361,1845,435
1094.png,55,80,Smoke,546,424,601,504
1094.png,23,113,Smoke,1214,470,1237,583
1094.png,57,57,Smoke,1773,313,1830,370
1095.png,80,48,Smoke,414,514,494,562
1095.png,101,107,Smoke,635,446,736,553
1095.png,97,151,Smoke,814,393,911,544
1095.png,111,246,Smoke,1030,307,1141,553
1095.png,32,158,Smoke,963,375,995,533
1095.png,29,218,Smoke,1164,337,1193,555
1095.png,124,174,Smoke,1253,377,1377,551
1095.png,179,109,Smoke,1741,458,1920,567
1095.png,76,250,Smoke,1615,391,1691,641
1095.png,99,59,Smoke,1688,574,1787,633
1095.png,50,128,Smoke,1431,422,1481,550
1095.png,74,74,Smoke,1771,361,1845,435
1095.png,55,80,Smoke,546,424,601,504
1095.png,23,113,Smoke,1214,470,1237,583
1095.png,57,57,Smoke,1773,313,1830,370
1096.png,80,48,Smoke,414,514,494,562
1096.png,101,107,Smoke,635,446,736,553
1096.png,97,151,Smoke,814,394,911,545
1096.png,111,246,Smoke,1030,307,1141,553
1096.png,32,158,Smoke,963,375,995,533
1096.png,29,218,Smoke,1164,337,1193,555
1096.png,124,174,Smoke,1253,377,1377,551
1096.png,179,109,Smoke,1741,458,1920,567
1096.png,76,250,Smoke,1615,391,1691,641
1096.png,99,59,Smoke,1688,574,1787,633
1096.png,50,128,Smoke,1431,422,1481,550
1096.png,74,74,Smoke,1771,361,1845,435
1096.png,55,80,Smoke,546,424,601,504
1096.png,23,113,Smoke,1214,469,1237,582
1096.png,57,57,Smoke,1773,313,1830,370
1097.png,80,48,Smoke,414,514,494,562
1097.png,101,107,Smoke,635,446,736,553
1097.png,97,151,Smoke,814,393,911,544
1097.png,111,246,Smoke,1030,307,1141,553
1097.png,32,158,Smoke,963,375,995,533
1097.png,29,218,Smoke,1164,337,1193,555
1097.png,124,174,Smoke,1253,377,1377,551
1097.png,179,109,Smoke,1741,457,1920,566
1097.png,76,250,Smoke,1615,391,1691,641
1097.png,99,59,Smoke,1688,574,1787,633
1097.png,50,128,Smoke,1431,422,1481,550
1097.png,74,74,Smoke,1771,361,1845,435
1097.png,55,80,Smoke,546,424,601,504
1097.png,23,113,Smoke,1214,470,1237,583
1097.png,57,57,Smoke,1773,313,1830,370
1098.png,80,48,Smoke,414,514,494,562
1098.png,101,107,Smoke,635,446,736,553
1098.png,97,151,Smoke,814,394,911,545
1098.png,111,246,Smoke,1030,307,1141,553
1098.png,32,158,Smoke,963,375,995,533
1098.png,29,218,Smoke,1164,335,1193,553
1098.png,124,174,Smoke,1253,377,1377,551
1098.png,179,109,Smoke,1741,458,1920,567
1098.png,76,250,Smoke,1615,391,1691,641
1098.png,99,59,Smoke,1688,574,1787,633
1098.png,50,128,Smoke,1431,422,1481,550
1098.png,74,74,Smoke,1771,361,1845,435
1098.png,55,80,Smoke,546,424,601,504
1098.png,23,113,Smoke,1214,470,1237,583
1098.png,57,57,Smoke,1773,313,1830,370
1099.png,80,48,Smoke,414,514,494,562
1099.png,101,107,Smoke,635,446,736,553
1099.png,97,151,Smoke,814,393,911,544
1099.png,111,246,Smoke,1030,307,1141,553
1099.png,32,158,Smoke,963,375,995,533
1099.png,29,218,Smoke,1164,331,1193,549
1099.png,124,174,Smoke,1253,377,1377,551
1099.png,179,109,Smoke,1741,458,1920,567
1099.png,76,250,Smoke,1615,391,1691,641
1099.png,99,59,Smoke,1688,574,1787,633
1099.png,50,128,Smoke,1431,422,1481,550
1099.png,99,57,Smoke,1771,391,1870,448
1099.png,55,80,Smoke,546,424,601,504
1099.png,23,113,Smoke,1214,470,1237,583
1099.png,57,57,Smoke,1773,313,1830,370
1100.png,80,48,Smoke,414,514,494,562
1100.png,101,107,Smoke,635,446,736,553
1100.png,97,151,Smoke,814,394,911,545
1100.png,111,246,Smoke,1030,307,1141,553
1100.png,32,158,Smoke,963,375,995,533
1100.png,29,218,Smoke,1164,331,1193,549
1100.png,124,174,Smoke,1253,377,1377,551
1100.png,179,109,Smoke,1741,458,1920,567
1100.png,76,250,Smoke,1615,391,1691,641
1100.png,99,59,Smoke,1689,575,1788,634
1100.png,50,128,Smoke,1431,422,1481,550
1100.png,99,57,Smoke,1771,391,1870,448
1100.png,55,80,Smoke,546,424,601,504
1100.png,23,113,Smoke,1214,469,1237,582
1100.png,57,57,Smoke,1773,313,1830,370
1101.png,80,48,Smoke,414,514,494,562
1101.png,101,107,Smoke,635,446,736,553
1101.png,97,151,Smoke,814,393,911,544
1101.png,111,246,Smoke,1030,307,1141,553
1101.png,32,158,Smoke,963,375,995,533
1101.png,29,218,Smoke,1164,335,1193,553
1101.png,124,174,Smoke,1253,377,1377,551
1101.png,179,109,Smoke,1741,457,1920,566
1101.png,76,250,Smoke,1615,391,1691,641
1101.png,99,59,Smoke,1689,575,1788,634
1101.png,50,128,Smoke,1431,422,1481,550
1101.png,99,57,Smoke,1771,391,1870,448
1101.png,55,80,Smoke,546,424,601,504
1101.png,23,113,Smoke,1214,470,1237,583
1101.png,57,57,Smoke,1773,313,1830,370
1101.png,55,80,Smoke,546,424,601,504
1101.png,23,113,Smoke,1214,470,1237,583
1102.png,80,48,Smoke,414,514,494,562
1102.png,101,107,Smoke,635,446,736,553
1102.png,97,151,Smoke,814,392,911,543
1102.png,111,246,Smoke,1029,306,1140,552
1102.png,32,158,Smoke,963,375,995,533
1102.png,29,218,Smoke,1164,337,1193,555
1102.png,124,174,Smoke,1253,377,1377,551
1102.png,179,109,Smoke,1741,457,1920,566
1102.png,76,250,Smoke,1615,389,1691,639
1102.png,99,59,Smoke,1689,575,1788,634
1102.png,50,128,Smoke,1431,423,1481,551
1102.png,99,57,Smoke,1771,391,1870,448
1102.png,57,57,Smoke,1773,313,1830,370
1102.png,55,80,Smoke,546,424,601,504
1102.png,23,113,Smoke,1214,470,1237,583
1103.png,80,48,Smoke,414,514,494,562
1103.png,101,107,Smoke,635,446,736,553
1103.png,97,151,Smoke,814,393,911,544
1103.png,111,246,Smoke,1030,307,1141,553
1103.png,32,158,Smoke,963,375,995,533
1103.png,29,218,Smoke,1164,333,1193,551
1103.png,124,174,Smoke,1253,377,1377,551
1103.png,179,109,Smoke,1741,457,1920,566
1103.png,76,250,Smoke,1615,391,1691,641
1103.png,99,59,Smoke,1689,575,1788,634
1103.png,50,128,Smoke,1431,422,1481,550
1103.png,99,57,Smoke,1771,391,1870,448
1103.png,57,57,Smoke,1773,313,1830,370
1104.png,80,48,Smoke,414,514,494,562
1104.png,101,107,Smoke,635,446,736,553
1104.png,97,151,Smoke,814,392,911,543
1104.png,111,246,Smoke,1030,307,1141,553
1104.png,32,158,Smoke,963,375,995,533
1104.png,29,218,Smoke,1164,333,1193,551
1104.png,124,174,Smoke,1254,377,1378,551
1104.png,179,109,Smoke,1741,457,1920,566
1104.png,76,250,Smoke,1615,391,1691,641
1104.png,99,59,Smoke,1689,575,1788,634
1104.png,50,128,Smoke,1431,422,1481,550
1104.png,99,57,Smoke,1771,391,1870,448
1104.png,55,80,Smoke,546,424,601,504
1104.png,23,113,Smoke,1214,470,1237,583
1104.png,57,57,Smoke,1773,313,1830,370
1105.png,80,48,Smoke,414,514,494,562
1105.png,101,107,Smoke,635,446,736,553
1105.png,97,151,Smoke,814,393,911,544
1105.png,111,246,Smoke,1030,307,1141,553
1105.png,32,158,Smoke,963,376,995,534
1105.png,29,218,Smoke,1164,331,1193,549
1105.png,124,174,Smoke,1254,377,1378,551
1105.png,179,109,Smoke,1741,457,1920,566
1105.png,76,250,Smoke,1615,389,1691,639
1105.png,99,59,Smoke,1689,575,1788,634
1105.png,50,128,Smoke,1431,421,1481,549
1105.png,99,57,Smoke,1771,391,1870,448
1105.png,55,80,Smoke,546,424,601,504
1105.png,23,113,Smoke,1214,469,1237,582
1105.png,57,57,Smoke,1773,313,1830,370
1106.png,80,48,Smoke,414,514,494,562
1106.png,101,107,Smoke,635,446,736,553
1106.png,97,151,Smoke,814,394,911,545
1106.png,111,246,Smoke,1030,307,1141,553
1106.png,32,158,Smoke,963,375,995,533
1106.png,29,218,Smoke,1164,331,1193,549
1106.png,124,174,Smoke,1254,377,1378,551
1106.png,179,109,Smoke,1741,457,1920,566
1106.png,76,250,Smoke,1615,391,1691,641
1106.png,99,59,Smoke,1689,575,1788,634
1106.png,50,128,Smoke,1431,422,1481,550
1106.png,99,57,Smoke,1771,391,1870,448
1106.png,55,80,Smoke,546,424,601,504
1106.png,23,113,Smoke,1214,470,1237,583
1106.png,57,57,Smoke,1773,313,1830,370
1107.png,80,48,Smoke,414,514,494,562
1107.png,101,107,Smoke,635,446,736,553
1107.png,97,151,Smoke,814,393,911,544
1107.png,111,246,Smoke,1031,307,1142,553
1107.png,32,158,Smoke,963,375,995,533
1107.png,29,218,Smoke,1164,331,1193,549
1107.png,124,174,Smoke,1254,377,1378,551
1107.png,179,109,Smoke,1741,458,1920,567
1107.png,76,250,Smoke,1615,391,1691,641
1107.png,99,59,Smoke,1689,575,1788,634
1107.png,50,128,Smoke,1431,422,1481,550
1107.png,99,57,Smoke,1771,391,1870,448
1107.png,55,80,Smoke,546,424,601,504
1107.png,23,113,Smoke,1214,469,1237,582
1107.png,57,57,Smoke,1773,313,1830,370
1108.png,80,48,Smoke,414,514,494,562
1108.png,101,107,Smoke,635,446,736,553
1108.png,97,151,Smoke,814,394,911,545
1108.png,111,246,Smoke,1031,307,1142,553
1108.png,32,158,Smoke,963,375,995,533
1108.png,29,218,Smoke,1164,334,1193,552
1108.png,124,174,Smoke,1254,377,1378,551
1108.png,179,109,Smoke,1741,457,1920,566
1108.png,76,250,Smoke,1615,390,1691,640
1108.png,99,59,Smoke,1689,575,1788,634
1108.png,50,128,Smoke,1431,422,1481,550
1108.png,99,57,Smoke,1771,391,1870,448
1108.png,55,80,Smoke,546,424,601,504
1108.png,23,113,Smoke,1214,469,1237,582
1108.png,57,57,Smoke,1773,313,1830,370
1109.png,80,48,Smoke,414,514,494,562
1109.png,101,107,Smoke,635,446,736,553
1109.png,97,151,Smoke,814,393,911,544
1109.png,111,246,Smoke,1031,307,1142,553
1109.png,32,158,Smoke,963,375,995,533
1109.png,29,218,Smoke,1164,333,1193,551
1109.png,124,174,Smoke,1254,377,1378,551
1109.png,179,109,Smoke,1741,457,1920,566
1109.png,76,250,Smoke,1615,390,1691,640
1109.png,99,59,Smoke,1689,575,1788,634
1109.png,50,128,Smoke,1431,422,1481,550
1109.png,99,57,Smoke,1771,391,1870,448
1109.png,55,80,Smoke,546,424,601,504
1109.png,23,113,Smoke,1214,469,1237,582
1109.png,57,57,Smoke,1773,313,1830,370
1110.png,80,48,Smoke,414,514,494,562
1110.png,101,107,Smoke,635,446,736,553
1110.png,97,151,Smoke,814,394,911,545
1110.png,111,246,Smoke,1031,307,1142,553
1110.png,32,158,Smoke,963,376,995,534
1110.png,29,218,Smoke,1164,333,1193,551
1110.png,124,174,Smoke,1254,377,1378,551
1110.png,179,109,Smoke,1741,457,1920,566
1110.png,76,250,Smoke,1615,390,1691,640
1110.png,99,59,Smoke,1689,575,1788,634
1110.png,50,128,Smoke,1431,421,1481,549
1110.png,99,57,Smoke,1771,391,1870,448
1110.png,55,80,Smoke,546,424,601,504
1110.png,23,113,Smoke,1214,469,1237,582
1110.png,57,57,Smoke,1773,313,1830,370
1111.png,80,48,Smoke,414,514,494,562
1111.png,101,107,Smoke,635,446,736,553
1111.png,97,151,Smoke,814,393,911,544
1111.png,111,246,Smoke,1031,307,1142,553
1111.png,32,158,Smoke,963,377,995,535
1111.png,29,218,Smoke,1164,333,1193,551
1111.png,124,174,Smoke,1254,377,1378,551
1111.png,179,109,Smoke,1741,457,1920,566
1111.png,76,250,Smoke,1615,390,1691,640
1111.png,99,59,Smoke,1689,575,1788,634
1111.png,50,128,Smoke,1431,421,1481,549
1111.png,99,57,Smoke,1771,391,1870,448
1111.png,55,80,Smoke,546,424,601,504
1111.png,23,113,Smoke,1214,469,1237,582
1111.png,57,57,Smoke,1773,313,1830,370
1111.png,55,80,Smoke,546,424,601,504
1111.png,23,113,Smoke,1214,470,1237,583
1112.png,80,48,Smoke,414,514,494,562
1112.png,101,107,Smoke,635,446,736,553
1112.png,97,151,Smoke,814,392,911,543
1112.png,111,246,Smoke,1031,308,1142,554
1112.png,32,158,Smoke,963,377,995,535
1112.png,29,218,Smoke,1164,333,1193,551
1112.png,124,174,Smoke,1254,377,1378,551
1112.png,180,109,Smoke,1740,457,1920,566
1112.png,76,250,Smoke,1615,390,1691,640
1112.png,99,59,Smoke,1689,575,1788,634
1112.png,50,128,Smoke,1431,421,1481,549
1112.png,99,57,Smoke,1771,391,1870,448
1112.png,57,57,Smoke,1773,313,1830,370
1112.png,55,80,Smoke,546,424,601,504
1112.png,23,113,Smoke,1214,470,1237,583
1113.png,80,48,Smoke,414,514,494,562
1113.png,101,107,Smoke,635,446,736,553
1113.png,97,151,Smoke,814,393,911,544
1113.png,111,246,Smoke,1031,307,1142,553
1113.png,32,158,Smoke,963,377,995,535
1113.png,29,218,Smoke,1164,331,1193,549
1113.png,124,174,Smoke,1254,377,1378,551
1113.png,179,109,Smoke,1741,457,1920,566
1113.png,76,250,Smoke,1615,390,1691,640
1113.png,99,59,Smoke,1689,575,1788,634
1113.png,50,128,Smoke,1431,421,1481,549
1113.png,99,57,Smoke,1771,391,1870,448
1113.png,57,57,Smoke,1773,313,1830,370
1114.png,80,48,Smoke,414,514,494,562
1114.png,101,107,Smoke,635,446,736,553
1114.png,97,151,Smoke,814,394,911,545
1114.png,111,246,Smoke,1031,308,1142,554
1114.png,32,158,Smoke,963,377,995,535
1114.png,29,218,Smoke,1164,331,1193,549
1114.png,124,174,Smoke,1254,377,1378,551
1114.png,179,109,Smoke,1741,457,1920,566
1114.png,76,250,Smoke,1615,390,1691,640
1114.png,99,59,Smoke,1689,575,1788,634
1114.png,50,128,Smoke,1431,421,1481,549
1114.png,99,57,Smoke,1771,391,1870,448
1114.png,55,80,Smoke,546,424,601,504
1114.png,23,113,Smoke,1214,470,1237,583
1114.png,57,57,Smoke,1773,313,1830,370
1115.png,80,48,Smoke,414,514,494,562
1115.png,101,107,Smoke,635,446,736,553
1115.png,97,151,Smoke,814,393,911,544
1115.png,111,246,Smoke,1031,307,1142,553
1115.png,32,158,Smoke,963,377,995,535
1115.png,29,218,Smoke,1164,329,1193,547
1115.png,124,174,Smoke,1254,377,1378,551
1115.png,179,109,Smoke,1741,457,1920,566
1115.png,76,250,Smoke,1615,390,1691,640
1115.png,99,59,Smoke,1689,575,1788,634
1115.png,50,128,Smoke,1431,421,1481,549
1115.png,99,57,Smoke,1771,391,1870,448
1115.png,55,80,Smoke,546,424,601,504
1115.png,23,113,Smoke,1214,470,1237,583
1115.png,57,57,Smoke,1773,313,1830,370
1116.png,80,48,Smoke,414,514,494,562
1116.png,101,107,Smoke,635,446,736,553
1116.png,97,151,Smoke,814,394,911,545
1116.png,111,246,Smoke,1031,308,1142,554
1116.png,32,158,Smoke,963,377,995,535
1116.png,29,218,Smoke,1164,333,1193,551
1116.png,124,174,Smoke,1254,377,1378,551
1116.png,179,109,Smoke,1741,457,1920,566
1116.png,76,250,Smoke,1615,390,1691,640
1116.png,99,59,Smoke,1690,575,1789,634
1116.png,50,128,Smoke,1431,421,1481,549
1116.png,99,57,Smoke,1771,391,1870,448
1116.png,55,80,Smoke,546,424,601,504
1116.png,23,113,Smoke,1214,469,1237,582
1116.png,57,57,Smoke,1773,313,1830,370
1117.png,80,48,Smoke,414,514,494,562
1117.png,101,107,Smoke,635,446,736,553
1117.png,97,151,Smoke,814,393,911,544
1117.png,111,246,Smoke,1031,307,1142,553
1117.png,32,158,Smoke,963,376,995,534
1117.png,29,218,Smoke,1164,333,1193,551
1117.png,124,174,Smoke,1254,377,1378,551
1117.png,179,109,Smoke,1741,457,1920,566
1117.png,76,250,Smoke,1615,390,1691,640
1117.png,99,59,Smoke,1689,574,1788,633
1117.png,50,128,Smoke,1431,421,1481,549
1117.png,99,57,Smoke,1771,391,1870,448
1117.png,55,80,Smoke,546,424,601,504
1117.png,23,113,Smoke,1214,471,1237,584
1117.png,57,57,Smoke,1773,313,1830,370
1118.png,80,48,Smoke,414,514,494,562
1118.png,101,107,Smoke,635,446,736,553
1118.png,97,151,Smoke,814,394,911,545
1118.png,111,246,Smoke,1031,306,1142,552
1118.png,32,158,Smoke,963,376,995,534
1118.png,29,218,Smoke,1164,333,1193,551
1118.png,124,174,Smoke,1254,377,1378,551
1118.png,179,109,Smoke,1741,457,1920,566
1118.png,76,250,Smoke,1615,390,1691,640
1118.png,99,59,Smoke,1689,575,1788,634
1118.png,50,128,Smoke,1431,421,1481,549
1118.png,99,57,Smoke,1771,391,1870,448
1118.png,55,80,Smoke,546,424,601,504
1118.png,23,113,Smoke,1214,470,1237,583
1118.png,57,57,Smoke,1773,313,1830,370
1119.png,80,48,Smoke,414,514,494,562
1119.png,101,107,Smoke,635,446,736,553
1119.png,97,151,Smoke,814,393,911,544
1119.png,111,246,Smoke,1032,305,1143,551
1119.png,32,158,Smoke,963,377,995,535
1119.png,29,218,Smoke,1164,331,1193,549
1119.png,124,174,Smoke,1254,377,1378,551
1119.png,179,109,Smoke,1741,457,1920,566
1119.png,76,250,Smoke,1615,390,1691,640
1119.png,99,59,Smoke,1689,574,1788,633
1119.png,50,128,Smoke,1431,421,1481,549
1119.png,99,57,Smoke,1771,391,1870,448
1119.png,55,80,Smoke,546,424,601,504
1119.png,23,113,Smoke,1214,469,1237,582
1119.png,57,57,Smoke,1773,313,1830,370
1120.png,80,48,Smoke,414,514,494,562
1120.png,101,107,Smoke,635,446,736,553
1120.png,97,151,Smoke,814,394,911,545
1120.png,111,246,Smoke,1030,308,1141,554
1120.png,32,158,Smoke,963,376,995,534
1120.png,29,218,Smoke,1164,331,1193,549
1120.png,124,174,Smoke,1254,377,1378,551
1120.png,179,109,Smoke,1741,457,1920,566
1120.png,76,250,Smoke,1615,390,1691,640
1120.png,99,59,Smoke,1688,574,1787,633
1120.png,50,128,Smoke,1431,421,1481,549
1120.png,99,57,Smoke,1771,391,1870,448
1120.png,55,80,Smoke,546,424,601,504
1120.png,23,113,Smoke,1214,470,1237,583
1120.png,57,57,Smoke,1773,313,1830,370
1121.png,80,48,Smoke,414,514,494,562
1121.png,101,107,Smoke,635,446,736,553
1121.png,97,151,Smoke,814,393,911,544
1121.png,111,246,Smoke,1030,307,1141,553
1121.png,32,158,Smoke,963,376,995,534
1121.png,29,218,Smoke,1164,333,1193,551
1121.png,124,174,Smoke,1254,377,1378,551
1121.png,179,109,Smoke,1741,457,1920,566
1121.png,76,250,Smoke,1614,390,1690,640
1121.png,99,59,Smoke,1688,574,1787,633
1121.png,50,128,Smoke,1431,421,1481,549
1121.png,99,57,Smoke,1771,391,1870,448
1121.png,55,80,Smoke,546,424,601,504
1121.png,23,113,Smoke,1214,470,1237,583
1121.png,57,57,Smoke,1773,313,1830,370
1121.png,55,80,Smoke,546,424,601,504
1121.png,23,113,Smoke,1214,469,1237,582
1122.png,80,48,Smoke,414,514,494,562
1122.png,101,107,Smoke,635,446,736,553
1122.png,97,151,Smoke,814,393,911,544
1122.png,111,246,Smoke,1030,308,1141,554
1122.png,32,158,Smoke,963,376,995,534
1122.png,29,218,Smoke,1164,331,1193,549
1122.png,124,174,Smoke,1254,377,1378,551
1122.png,182,109,Smoke,1738,455,1920,564
1122.png,76,250,Smoke,1613,390,1689,640
1122.png,99,59,Smoke,1688,574,1787,633
1122.png,50,128,Smoke,1431,421,1481,549
1122.png,99,57,Smoke,1771,391,1870,448
1122.png,57,57,Smoke,1773,313,1830,370
1122.png,55,80,Smoke,546,424,601,504
1122.png,23,113,Smoke,1214,470,1237,583
1123.png,80,48,Smoke,414,514,494,562
1123.png,101,107,Smoke,635,446,736,553
1123.png,97,151,Smoke,814,395,911,546
1123.png,111,246,Smoke,1030,306,1141,552
1123.png,32,158,Smoke,963,376,995,534
1123.png,29,218,Smoke,1164,331,1193,549
1123.png,124,174,Smoke,1254,377,1378,551
1123.png,179,109,Smoke,1741,457,1920,566
1123.png,76,250,Smoke,1613,390,1689,640
1123.png,99,59,Smoke,1688,574,1787,633
1123.png,50,128,Smoke,1431,421,1481,549
1123.png,99,57,Smoke,1771,391,1870,448
1123.png,57,57,Smoke,1773,313,1830,370
1124.png,80,48,Smoke,414,514,494,562
1124.png,101,107,Smoke,635,446,736,553
1124.png,97,151,Smoke,814,394,911,545
1124.png,111,246,Smoke,1030,306,1141,552
1124.png,32,158,Smoke,963,376,995,534
1124.png,29,218,Smoke,1164,331,1193,549
1124.png,124,174,Smoke,1254,377,1378,551
1124.png,179,109,Smoke,1741,457,1920,566
1124.png,76,250,Smoke,1613,390,1689,640
1124.png,99,59,Smoke,1688,574,1787,633
1124.png,50,128,Smoke,1431,421,1481,549
1124.png,99,57,Smoke,1771,391,1870,448
1124.png,55,80,Smoke,546,424,601,504
1124.png,23,113,Smoke,1214,471,1237,584
1124.png,57,57,Smoke,1773,313,1830,370
1125.png,80,48,Smoke,414,514,494,562
1125.png,101,107,Smoke,635,446,736,553
1125.png,97,151,Smoke,814,395,911,546
1125.png,111,246,Smoke,1030,307,1141,553
1125.png,32,158,Smoke,963,376,995,534
1125.png,29,218,Smoke,1164,331,1193,549
1125.png,124,174,Smoke,1254,377,1378,551
1125.png,179,109,Smoke,1741,457,1920,566
1125.png,76,250,Smoke,1613,390,1689,640
1125.png,99,59,Smoke,1688,574,1787,633
1125.png,50,128,Smoke,1431,421,1481,549
1125.png,99,57,Smoke,1771,391,1870,448
1125.png,55,80,Smoke,546,424,601,504
1125.png,23,113,Smoke,1214,470,1237,583
1125.png,57,57,Smoke,1773,313,1830,370
1126.png,80,48,Smoke,414,514,494,562
1126.png,101,107,Smoke,635,446,736,553
1126.png,97,151,Smoke,814,394,911,545
1126.png,111,246,Smoke,1030,308,1141,554
1126.png,32,158,Smoke,963,376,995,534
1126.png,29,218,Smoke,1164,333,1193,551
1126.png,124,174,Smoke,1254,377,1378,551
1126.png,179,109,Smoke,1741,457,1920,566
1126.png,76,250,Smoke,1614,390,1690,640
1126.png,99,59,Smoke,1688,574,1787,633
1126.png,50,128,Smoke,1431,421,1481,549
1126.png,99,57,Smoke,1771,391,1870,448
1126.png,55,80,Smoke,546,424,601,504
1126.png,23,113,Smoke,1214,470,1237,583
1126.png,57,57,Smoke,1773,313,1830,370
1127.png,80,48,Smoke,414,514,494,562
1127.png,101,107,Smoke,635,446,736,553
1127.png,97,151,Smoke,814,395,911,546
1127.png,111,246,Smoke,1030,307,1141,553
1127.png,32,158,Smoke,963,376,995,534
1127.png,29,218,Smoke,1164,331,1193,549
1127.png,124,174,Smoke,1254,377,1378,551
1127.png,179,109,Smoke,1741,457,1920,566
1127.png,76,250,Smoke,1614,390,1690,640
1127.png,99,59,Smoke,1688,574,1787,633
1127.png,50,128,Smoke,1431,421,1481,549
1127.png,99,57,Smoke,1771,391,1870,448
1127.png,55,80,Smoke,546,424,601,504
1127.png,23,113,Smoke,1214,470,1237,583
1127.png,57,57,Smoke,1773,313,1830,370
1128.png,80,48,Smoke,414,514,494,562
1128.png,101,107,Smoke,635,446,736,553
1128.png,97,151,Smoke,814,394,911,545
1128.png,111,246,Smoke,1030,308,1141,554
1128.png,32,158,Smoke,963,376,995,534
1128.png,29,218,Smoke,1164,331,1193,549
1128.png,124,174,Smoke,1254,377,1378,551
1128.png,179,109,Smoke,1741,457,1920,566
1128.png,76,250,Smoke,1614,390,1690,640
1128.png,99,59,Smoke,1688,574,1787,633
1128.png,50,128,Smoke,1431,421,1481,549
1128.png,99,57,Smoke,1771,391,1870,448
1128.png,55,80,Smoke,546,424,601,504
1128.png,23,113,Smoke,1214,470,1237,583
1128.png,57,57,Smoke,1773,313,1830,370
1129.png,80,48,Smoke,414,514,494,562
1129.png,101,107,Smoke,635,446,736,553
1129.png,97,151,Smoke,814,393,911,544
1129.png,111,246,Smoke,1030,307,1141,553
1129.png,32,158,Smoke,963,376,995,534
1129.png,29,218,Smoke,1164,331,1193,549
1129.png,124,174,Smoke,1254,377,1378,551
1129.png,179,109,Smoke,1741,457,1920,566
1129.png,76,250,Smoke,1614,390,1690,640
1129.png,99,59,Smoke,1688,574,1787,633
1129.png,50,128,Smoke,1431,421,1481,549
1129.png,99,57,Smoke,1771,391,1870,448
1129.png,55,80,Smoke,546,424,601,504
1129.png,23,113,Smoke,1214,471,1237,584
1129.png,57,57,Smoke,1773,313,1830,370
1130.png,80,48,Smoke,414,514,494,562
1130.png,101,107,Smoke,635,446,736,553
1130.png,97,151,Smoke,814,394,911,545
1130.png,111,246,Smoke,1030,308,1141,554
1130.png,32,158,Smoke,963,376,995,534
1130.png,29,218,Smoke,1164,331,1193,549
1130.png,124,174,Smoke,1254,377,1378,551
1130.png,179,109,Smoke,1741,457,1920,566
1130.png,76,250,Smoke,1614,390,1690,640
1130.png,99,59,Smoke,1688,574,1787,633
1130.png,50,128,Smoke,1431,421,1481,549
1130.png,99,57,Smoke,1771,391,1870,448
1130.png,55,80,Smoke,546,424,601,504
1130.png,23,113,Smoke,1214,470,1237,583
1130.png,57,57,Smoke,1773,313,1830,370
1131.png,80,48,Smoke,414,514,494,562
1131.png,101,107,Smoke,635,446,736,553
1131.png,97,151,Smoke,814,393,911,544
1131.png,111,246,Smoke,1030,307,1141,553
1131.png,32,158,Smoke,963,376,995,534
1131.png,29,218,Smoke,1164,331,1193,549
1131.png,124,174,Smoke,1254,377,1378,551
1131.png,179,109,Smoke,1741,457,1920,566
1131.png,76,250,Smoke,1614,390,1690,640
1131.png,99,59,Smoke,1688,574,1787,633
1131.png,50,128,Smoke,1431,421,1481,549
1131.png,99,57,Smoke,1771,391,1870,448
1131.png,55,80,Smoke,546,424,601,504
1131.png,23,113,Smoke,1215,470,1238,583
1131.png,57,57,Smoke,1773,313,1830,370
1131.png,55,80,Smoke,546,424,601,504
1131.png,23,113,Smoke,1214,470,1237,583
1132.png,80,48,Smoke,414,514,494,562
1132.png,101,107,Smoke,635,446,736,553
1132.png,97,151,Smoke,814,392,911,543
1132.png,111,246,Smoke,1030,307,1141,553
1132.png,32,158,Smoke,963,376,995,534
1132.png,29,218,Smoke,1164,331,1193,549
1132.png,124,174,Smoke,1254,377,1378,551
1132.png,179,109,Smoke,1741,457,1920,566
1132.png,76,250,Smoke,1614,390,1690,640
1132.png,99,59,Smoke,1688,574,1787,633
1132.png,50,128,Smoke,1431,421,1481,549
1132.png,99,57,Smoke,1771,391,1870,448
1132.png,57,57,Smoke,1773,313,1830,370
1132.png,55,80,Smoke,546,424,601,504
1132.png,23,113,Smoke,1213,472,1236,585
1133.png,80,48,Smoke,414,514,494,562
1133.png,101,107,Smoke,635,446,736,553
1133.png,97,151,Smoke,814,393,911,544
1133.png,111,246,Smoke,1030,307,1141,553
1133.png,32,158,Smoke,963,376,995,534
1133.png,29,218,Smoke,1164,331,1193,549
1133.png,124,174,Smoke,1254,377,1378,551
1133.png,179,109,Smoke,1741,457,1920,566
1133.png,76,250,Smoke,1614,390,1690,640
1133.png,99,59,Smoke,1688,574,1787,633
1133.png,50,128,Smoke,1431,420,1481,548
1133.png,99,57,Smoke,1771,391,1870,448
1133.png,57,57,Smoke,1773,313,1830,370
1134.png,80,48,Smoke,414,514,494,562
1134.png,101,107,Smoke,635,446,736,553
1134.png,97,151,Smoke,814,392,911,543
1134.png,111,246,Smoke,1030,307,1141,553
1134.png,32,158,Smoke,963,376,995,534
1134.png,29,218,Smoke,1164,333,1193,551
1134.png,124,174,Smoke,1254,377,1378,551
1134.png,179,109,Smoke,1741,457,1920,566
1134.png,76,250,Smoke,1614,390,1690,640
1134.png,99,59,Smoke,1688,573,1787,632
1134.png,50,128,Smoke,1431,421,1481,549
1134.png,99,57,Smoke,1771,391,1870,448
1134.png,55,80,Smoke,546,424,601,504
1134.png,23,113,Smoke,1213,471,1236,584
1134.png,57,57,Smoke,1773,313,1830,370
1135.png,80,48,Smoke,414,514,494,562
1135.png,101,107,Smoke,635,446,736,553
1135.png,97,151,Smoke,814,393,911,544
1135.png,111,246,Smoke,1030,307,1141,553
1135.png,32,158,Smoke,963,376,995,534
1135.png,29,218,Smoke,1164,329,1193,547
1135.png,124,174,Smoke,1254,377,1378,551
1135.png,179,109,Smoke,1741,455,1920,564
1135.png,76,250,Smoke,1614,390,1690,640
1135.png,99,59,Smoke,1688,573,1787,632
1135.png,50,128,Smoke,1431,421,1481,549
1135.png,99,57,Smoke,1771,391,1870,448
1135.png,55,80,Smoke,546,424,601,504
1135.png,23,113,Smoke,1214,471,1237,584
1135.png,57,57,Smoke,1773,313,1830,370
1136.png,80,48,Smoke,414,514,494,562
1136.png,101,107,Smoke,635,446,736,553
1136.png,97,151,Smoke,814,391,911,542
1136.png,111,246,Smoke,1030,307,1141,553
1136.png,32,158,Smoke,963,376,995,534
1136.png,29,218,Smoke,1164,331,1193,549
1136.png,124,174,Smoke,1254,377,1378,551
1136.png,179,109,Smoke,1741,458,1920,567
1136.png,76,250,Smoke,1614,390,1690,640
1136.png,99,59,Smoke,1688,573,1787,632
1136.png,50,128,Smoke,1431,421,1481,549
1136.png,99,57,Smoke,1771,391,1870,448
1136.png,55,80,Smoke,546,424,601,504
1136.png,23,113,Smoke,1213,473,1236,586
1136.png,57,57,Smoke,1773,313,1830,370
1137.png,80,48,Smoke,414,514,494,562
1137.png,101,107,Smoke,635,446,736,553
1137.png,97,151,Smoke,814,393,911,544
1137.png,111,246,Smoke,1030,307,1141,553
1137.png,32,158,Smoke,963,376,995,534
1137.png,29,218,Smoke,1164,331,1193,549
1137.png,124,174,Smoke,1254,377,1378,551
1137.png,179,109,Smoke,1741,458,1920,567
1137.png,76,250,Smoke,1614,390,1690,640
1137.png,99,59,Smoke,1688,573,1787,632
1137.png,50,128,Smoke,1431,421,1481,549
1137.png,99,57,Smoke,1771,391,1870,448
1137.png,55,80,Smoke,546,424,601,504
1137.png,23,113,Smoke,1214,471,1237,584
1137.png,57,57,Smoke,1773,313,1830,370
1138.png,80,48,Smoke,414,514,494,562
1138.png,101,107,Smoke,635,446,736,553
1138.png,97,151,Smoke,814,390,911,541
1138.png,111,246,Smoke,1030,306,1141,552
1138.png,32,158,Smoke,963,376,995,534
1138.png,29,218,Smoke,1164,331,1193,549
1138.png,124,174,Smoke,1254,377,1378,551
1138.png,179,109,Smoke,1741,456,1920,565
1138.png,76,250,Smoke,1614,390,1690,640
1138.png,99,59,Smoke,1688,574,1787,633
1138.png,50,128,Smoke,1431,420,1481,548
1138.png,99,57,Smoke,1771,391,1870,448
1138.png,55,80,Smoke,546,424,601,504
1138.png,23,113,Smoke,1214,471,1237,584
1138.png,57,57,Smoke,1773,313,1830,370
1139.png,80,48,Smoke,414,514,494,562
1139.png,101,107,Smoke,635,446,736,553
1139.png,97,151,Smoke,814,390,911,541
1139.png,111,246,Smoke,1030,307,1141,553
1139.png,32,158,Smoke,963,376,995,534
1139.png,29,218,Smoke,1164,331,1193,549
1139.png,124,174,Smoke,1254,377,1378,551
1139.png,179,109,Smoke,1741,457,1920,566
1139.png,76,250,Smoke,1614,390,1690,640
1139.png,99,59,Smoke,1688,574,1787,633
1139.png,50,128,Smoke,1431,420,1481,548
1139.png,99,57,Smoke,1771,391,1870,448
1139.png,55,80,Smoke,546,424,601,504
1139.png,23,113,Smoke,1213,472,1236,585
1139.png,57,57,Smoke,1773,313,1830,370
1140.png,80,48,Smoke,414,514,494,562
1140.png,101,107,Smoke,635,446,736,553
1140.png,97,151,Smoke,814,390,911,541
1140.png,111,246,Smoke,1030,307,1141,553
1140.png,32,158,Smoke,963,376,995,534
1140.png,29,218,Smoke,1164,331,1193,549
1140.png,124,174,Smoke,1254,377,1378,551
1140.png,179,109,Smoke,1741,458,1920,567
1140.png,76,250,Smoke,1614,390,1690,640
1140.png,99,59,Smoke,1688,574,1787,633
1140.png,50,128,Smoke,1431,421,1481,549
1140.png,99,57,Smoke,1771,390,1870,447
1140.png,55,80,Smoke,546,424,601,504
1140.png,23,113,Smoke,1213,472,1236,585
1140.png,57,57,Smoke,1773,313,1830,370
1141.png,80,48,Smoke,414,514,494,562
1141.png,101,107,Smoke,635,446,736,553
1141.png,97,151,Smoke,815,393,912,544
1141.png,111,246,Smoke,1030,307,1141,553
1141.png,32,158,Smoke,963,376,995,534
1141.png,29,218,Smoke,1164,331,1193,549
1141.png,124,174,Smoke,1254,377,1378,551
1141.png,179,109,Smoke,1741,457,1920,566
1141.png,76,250,Smoke,1614,390,1690,640
1141.png,99,59,Smoke,1688,574,1787,633
1141.png,50,128,Smoke,1431,421,1481,549
1141.png,99,57,Smoke,1771,391,1870,448
1141.png,55,80,Smoke,546,424,601,504
1141.png,23,113,Smoke,1213,471,1236,584
1141.png,57,57,Smoke,1773,313,1830,370
1141.png,55,80,Smoke,546,424,601,504
1141.png,23,113,Smoke,1213,472,1236,585
1142.png,80,48,Smoke,414,514,494,562
1142.png,101,107,Smoke,635,446,736,553
1142.png,97,151,Smoke,815,393,912,544
1142.png,111,246,Smoke,1030,307,1141,553
1142.png,32,158,Smoke,963,376,995,534
1142.png,29,218,Smoke,1164,331,1193,549
1142.png,124,174,Smoke,1254,377,1378,551
1142.png,179,109,Smoke,1741,457,1920,566
1142.png,76,250,Smoke,1614,390,1690,640
1142.png,99,59,Smoke,1688,574,1787,633
1142.png,50,128,Smoke,1431,421,1481,549
1142.png,84,67,Smoke,1762,378,1846,445
1142.png,57,57,Smoke,1773,313,1830,370
1142.png,55,80,Smoke,546,424,601,504
1142.png,23,113,Smoke,1213,473,1236,586
1143.png,80,48,Smoke,414,514,494,562
1143.png,101,107,Smoke,635,446,736,553
1143.png,97,151,Smoke,815,393,912,544
1143.png,111,246,Smoke,1030,307,1141,553
1143.png,32,158,Smoke,963,376,995,534
1143.png,29,218,Smoke,1164,331,1193,549
1143.png,124,174,Smoke,1254,377,1378,551
1143.png,179,109,Smoke,1741,457,1920,566
1143.png,76,250,Smoke,1613,389,1689,639
1143.png,99,59,Smoke,1688,574,1787,633
1143.png,50,128,Smoke,1431,422,1481,550
1143.png,84,67,Smoke,1762,378,1846,445
1143.png,57,57,Smoke,1773,313,1830,370
1144.png,80,48,Smoke,414,514,494,562
1144.png,101,107,Smoke,635,446,736,553
1144.png,97,151,Smoke,815,392,912,543
1144.png,111,246,Smoke,1030,307,1141,553
1144.png,32,158,Smoke,963,376,995,534
1144.png,29,218,Smoke,1164,331,1193,549
1144.png,124,174,Smoke,1254,377,1378,551
1144.png,179,109,Smoke,1741,457,1920,566
1144.png,76,250,Smoke,1614,389,1690,639
1144.png,99,59,Smoke,1688,574,1787,633
1144.png,50,128,Smoke,1431,421,1481,549
1144.png,84,67,Smoke,1762,378,1846,445
1144.png,55,80,Smoke,546,424,601,504
1144.png,23,113,Smoke,1213,473,1236,586
1144.png,57,57,Smoke,1773,313,1830,370
1145.png,80,48,Smoke,414,514,494,562
1145.png,101,107,Smoke,635,446,736,553
1145.png,97,151,Smoke,815,393,912,544
1145.png,111,246,Smoke,1030,307,1141,553
1145.png,32,158,Smoke,963,376,995,534
1145.png,29,218,Smoke,1164,331,1193,549
1145.png,124,174,Smoke,1254,377,1378,551
1145.png,179,109,Smoke,1741,457,1920,566
1145.png,76,250,Smoke,1614,389,1690,639
1145.png,99,59,Smoke,1688,574,1787,633
1145.png,50,128,Smoke,1431,421,1481,549
1145.png,84,67,Smoke,1762,378,1846,445
1145.png,55,80,Smoke,546,424,601,504
1145.png,23,113,Smoke,1213,473,1236,586
1145.png,57,57,Smoke,1773,313,1830,370
1146.png,80,48,Smoke,414,514,494,562
1146.png,101,107,Smoke,635,446,736,553
1146.png,97,151,Smoke,815,394,912,545
1146.png,111,246,Smoke,1030,307,1141,553
1146.png,32,158,Smoke,963,376,995,534
1146.png,29,218,Smoke,1164,331,1193,549
1146.png,124,174,Smoke,1254,378,1378,552
1146.png,179,109,Smoke,1741,458,1920,567
1146.png,76,250,Smoke,1614,390,1690,640
1146.png,99,59,Smoke,1688,574,1787,633
1146.png,50,128,Smoke,1431,421,1481,549
1146.png,84,67,Smoke,1762,378,1846,445
1146.png,55,80,Smoke,546,424,601,504
1146.png,23,113,Smoke,1213,473,1236,586
1146.png,57,57,Smoke,1773,313,1830,370
1147.png,80,48,Smoke,414,514,494,562
1147.png,101,107,Smoke,635,446,736,553
1147.png,97,151,Smoke,815,393,912,544
1147.png,111,246,Smoke,1030,308,1141,554
1147.png,32,158,Smoke,963,376,995,534
1147.png,29,218,Smoke,1164,331,1193,549
1147.png,124,174,Smoke,1254,378,1378,552
1147.png,179,109,Smoke,1741,457,1920,566
1147.png,76,250,Smoke,1614,389,1690,639
1147.png,99,59,Smoke,1688,574,1787,633
1147.png,50,128,Smoke,1431,421,1481,549
1147.png,84,67,Smoke,1762,378,1846,445
1147.png,55,80,Smoke,546,424,601,504
1147.png,23,113,Smoke,1213,472,1236,585
1147.png,57,57,Smoke,1773,313,1830,370
1148.png,80,48,Smoke,414,514,494,562
1148.png,101,107,Smoke,635,446,736,553
1148.png,97,151,Smoke,815,392,912,543
1148.png,111,246,Smoke,1029,307,1140,553
1148.png,32,158,Smoke,963,376,995,534
1148.png,29,218,Smoke,1164,331,1193,549
1148.png,124,174,Smoke,1254,378,1378,552
1148.png,179,109,Smoke,1741,457,1920,566
1148.png,76,250,Smoke,1614,389,1690,639
1148.png,99,59,Smoke,1688,574,1787,633
1148.png,50,128,Smoke,1431,421,1481,549
1148.png,84,67,Smoke,1762,378,1846,445
1148.png,55,80,Smoke,546,424,601,504
1148.png,23,113,Smoke,1212,473,1235,586
1148.png,57,57,Smoke,1773,313,1830,370
1149.png,80,48,Smoke,414,514,494,562
1149.png,101,107,Smoke,635,446,736,553
1149.png,97,151,Smoke,815,393,912,544
1149.png,111,246,Smoke,1029,308,1140,554
1149.png,32,158,Smoke,963,376,995,534
1149.png,29,218,Smoke,1164,331,1193,549
1149.png,124,174,Smoke,1254,378,1378,552
1149.png,179,109,Smoke,1741,457,1920,566
1149.png,76,250,Smoke,1614,389,1690,639
1149.png,99,59,Smoke,1688,574,1787,633
1149.png,50,128,Smoke,1431,421,1481,549
1149.png,84,67,Smoke,1762,378,1846,445
1149.png,55,80,Smoke,546,424,601,504
1149.png,23,113,Smoke,1212,472,1235,585
1149.png,57,57,Smoke,1773,313,1830,370
1150.png,80,48,Smoke,414,514,494,562
1150.png,101,107,Smoke,635,446,736,553
1150.png,97,151,Smoke,815,394,912,545
1150.png,111,246,Smoke,1029,308,1140,554
1150.png,32,158,Smoke,963,376,995,534
1150.png,29,218,Smoke,1164,331,1193,549
1150.png,124,174,Smoke,1254,379,1378,553
1150.png,179,109,Smoke,1741,457,1920,566
1150.png,76,250,Smoke,1615,389,1691,639
1150.png,99,59,Smoke,1688,574,1787,633
1150.png,50,128,Smoke,1431,421,1481,549
1150.png,84,67,Smoke,1762,378,1846,445
1150.png,55,80,Smoke,546,424,601,504
1150.png,23,113,Smoke,1212,473,1235,586
1150.png,57,57,Smoke,1773,313,1830,370
1151.png,80,48,Smoke,414,514,494,562
1151.png,101,107,Smoke,635,446,736,553
1151.png,97,151,Smoke,815,393,912,544
1151.png,111,246,Smoke,1029,307,1140,553
1151.png,32,158,Smoke,963,376,995,534
1151.png,29,218,Smoke,1164,331,1193,549
1151.png,124,174,Smoke,1254,377,1378,551
1151.png,179,109,Smoke,1741,457,1920,566
1151.png,76,250,Smoke,1613,390,1689,640
1151.png,99,59,Smoke,1688,574,1787,633
1151.png,50,128,Smoke,1431,421,1481,549
1151.png,84,67,Smoke,1762,378,1846,445
1151.png,55,80,Smoke,546,424,601,504
1151.png,23,113,Smoke,1212,471,1235,584
1151.png,57,57,Smoke,1773,313,1830,370
1151.png,55,80,Smoke,546,424,601,504
1151.png,23,113,Smoke,1213,473,1236,586
1152.png,80,48,Smoke,414,514,494,562
1152.png,101,107,Smoke,635,446,736,553
1152.png,97,151,Smoke,815,394,912,545
1152.png,111,246,Smoke,1029,308,1140,554
1152.png,32,158,Smoke,963,376,995,534
1152.png,29,218,Smoke,1164,329,1193,547
1152.png,124,174,Smoke,1254,377,1378,551
1152.png,179,109,Smoke,1741,457,1920,566
1152.png,76,250,Smoke,1612,390,1688,640
1152.png,99,59,Smoke,1688,574,1787,633
1152.png,50,128,Smoke,1431,420,1481,548
1152.png,84,67,Smoke,1762,378,1846,445
1152.png,57,57,Smoke,1773,313,1830,370
1152.png,55,80,Smoke,546,424,601,504
1152.png,23,113,Smoke,1213,471,1236,584
1153.png,80,48,Smoke,414,514,494,562
1153.png,101,107,Smoke,635,446,736,553
1153.png,97,151,Smoke,815,393,912,544
1153.png,111,246,Smoke,1029,307,1140,553
1153.png,32,158,Smoke,963,376,995,534
1153.png,29,218,Smoke,1164,331,1193,549
1153.png,124,174,Smoke,1254,377,1378,551
1153.png,179,109,Smoke,1741,458,1920,567
1153.png,76,250,Smoke,1613,390,1689,640
1153.png,99,59,Smoke,1688,574,1787,633
1153.png,50,128,Smoke,1431,421,1481,549
1153.png,84,67,Smoke,1761,378,1845,445
1153.png,57,57,Smoke,1773,313,1830,370
1154.png,80,48,Smoke,414,514,494,562
1154.png,101,107,Smoke,635,446,736,553
1154.png,97,151,Smoke,815,394,912,545
1154.png,111,246,Smoke,1029,307,1140,553
1154.png,32,158,Smoke,963,376,995,534
1154.png,29,218,Smoke,1164,331,1193,549
1154.png,124,174,Smoke,1254,377,1378,551
1154.png,179,109,Smoke,1741,457,1920,566
1154.png,76,250,Smoke,1613,390,1689,640
1154.png,99,59,Smoke,1688,574,1787,633
1154.png,50,128,Smoke,1431,421,1481,549
1154.png,84,67,Smoke,1762,378,1846,445
1154.png,55,80,Smoke,546,424,601,504
1154.png,23,113,Smoke,1213,471,1236,584
1154.png,57,57,Smoke,1773,313,1830,370
1155.png,80,48,Smoke,414,514,494,562
1155.png,101,107,Smoke,635,446,736,553
1155.png,97,151,Smoke,815,393,912,544
1155.png,111,246,Smoke,1029,307,1140,553
1155.png,32,158,Smoke,963,376,995,534
1155.png,29,218,Smoke,1164,331,1193,549
1155.png,124,174,Smoke,1254,377,1378,551
1155.png,179,109,Smoke,1741,458,1920,567
1155.png,76,250,Smoke,1613,390,1689,640
1155.png,99,59,Smoke,1688,574,1787,633
1155.png,50,128,Smoke,1431,422,1481,550
1155.png,84,67,Smoke,1761,378,1845,445
1155.png,55,80,Smoke,546,424,601,504
1155.png,23,113,Smoke,1214,471,1237,584
1155.png,57,57,Smoke,1773,313,1830,370
1156.png,80,48,Smoke,414,514,494,562
1156.png,101,107,Smoke,635,446,736,553
1156.png,97,151,Smoke,815,394,912,545
1156.png,111,246,Smoke,1029,308,1140,554
1156.png,32,158,Smoke,963,376,995,534
1156.png,29,218,Smoke,1164,331,1193,549
1156.png,124,174,Smoke,1254,377,1378,551
1156.png,179,109,Smoke,1741,457,1920,566
1156.png,76,250,Smoke,1613,390,1689,640
1156.png,99,59,Smoke,1688,574,1787,633
1156.png,50,128,Smoke,1431,422,1481,550
1156.png,84,67,Smoke,1762,377,1846,444
1156.png,55,80,Smoke,546,424,601,504
1156.png,23,113,Smoke,1214,471,1237,584
1156.png,57,57,Smoke,1773,313,1830,370
1157.png,80,48,Smoke,414,514,494,562
1157.png,101,107,Smoke,635,446,736,553
1157.png,97,151,Smoke,815,393,912,544
1157.png,111,246,Smoke,1030,307,1141,553
1157.png,32,158,Smoke,963,376,995,534
1157.png,29,218,Smoke,1164,333,1193,551
1157.png,124,174,Smoke,1254,377,1378,551
1157.png,179,109,Smoke,1741,457,1920,566
1157.png,76,250,Smoke,1613,390,1689,640
1157.png,99,59,Smoke,1688,574,1787,633
1157.png,50,128,Smoke,1431,422,1481,550
1157.png,84,67,Smoke,1761,378,1845,445
1157.png,55,80,Smoke,546,424,601,504
1157.png,23,113,Smoke,1213,472,1236,585
1157.png,57,57,Smoke,1773,313,1830,370
1158.png,80,48,Smoke,414,514,494,562
1158.png,101,107,Smoke,635,446,736,553
1158.png,97,151,Smoke,815,392,912,543
1158.png,111,246,Smoke,1030,307,1141,553
1158.png,32,158,Smoke,963,374,995,532
1158.png,29,218,Smoke,1164,333,1193,551
1158.png,124,174,Smoke,1254,377,1378,551
1158.png,179,109,Smoke,1741,457,1920,566
1158.png,76,250,Smoke,1613,390,1689,640
1158.png,99,59,Smoke,1688,574,1787,633
1158.png,50,128,Smoke,1431,421,1481,549
1158.png,84,67,Smoke,1762,377,1846,444
1158.png,55,80,Smoke,546,424,601,504
1158.png,23,113,Smoke,1213,472,1236,585
1158.png,57,57,Smoke,1773,313,1830,370
1159.png,80,48,Smoke,414,514,494,562
1159.png,101,107,Smoke,635,446,736,553
1159.png,97,151,Smoke,815,393,912,544
1159.png,111,246,Smoke,1030,307,1141,553
1159.png,32,158,Smoke,963,376,995,534
1159.png,29,218,Smoke,1164,333,1193,551
1159.png,124,174,Smoke,1254,377,1378,551
1159.png,179,109,Smoke,1741,457,1920,566
1159.png,76,250,Smoke,1613,390,1689,640
1159.png,99,59,Smoke,1688,574,1787,633
1159.png,50,128,Smoke,1431,421,1481,549
1159.png,84,67,Smoke,1761,378,1845,445
1159.png,55,80,Smoke,546,424,601,504
1159.png,23,113,Smoke,1213,472,1236,585
1159.png,57,57,Smoke,1773,313,1830,370
1160.png,80,48,Smoke,414,514,494,562
1160.png,101,107,Smoke,635,446,736,553
1160.png,97,151,Smoke,815,392,912,543
1160.png,111,246,Smoke,1030,307,1141,553
1160.png,32,158,Smoke,963,376,995,534
1160.png,29,218,Smoke,1164,333,1193,551
1160.png,124,174,Smoke,1254,377,1378,551
1160.png,179,109,Smoke,1741,457,1920,566
1160.png,76,250,Smoke,1613,390,1689,640
1160.png,99,59,Smoke,1688,574,1787,633
1160.png,50,128,Smoke,1431,421,1481,549
1160.png,84,67,Smoke,1761,378,1845,445
1160.png,55,80,Smoke,546,424,601,504
1160.png,23,113,Smoke,1214,471,1237,584
1160.png,57,57,Smoke,1773,313,1830,370
1161.png,80,48,Smoke,414,514,494,562
1161.png,101,107,Smoke,635,446,736,553
1161.png,97,151,Smoke,816,393,913,544
1161.png,111,246,Smoke,1030,307,1141,553
1161.png,32,158,Smoke,963,376,995,534
1161.png,29,218,Smoke,1164,333,1193,551
1161.png,124,174,Smoke,1254,377,1378,551
1161.png,179,109,Smoke,1741,457,1920,566
1161.png,76,250,Smoke,1613,390,1689,640
1161.png,99,59,Smoke,1688,574,1787,633
1161.png,50,128,Smoke,1431,420,1481,548
1161.png,84,67,Smoke,1761,378,1845,445
1161.png,55,80,Smoke,546,424,601,504
1161.png,23,113,Smoke,1213,472,1236,585
1161.png,57,57,Smoke,1773,313,1830,370
1161.png,55,80,Smoke,546,424,601,504
1161.png,23,113,Smoke,1213,471,1236,584
1162.png,80,48,Smoke,414,514,494,562
1162.png,101,107,Smoke,635,446,736,553
1162.png,97,151,Smoke,816,393,913,544
1162.png,111,246,Smoke,1030,307,1141,553
1162.png,32,158,Smoke,963,376,995,534
1162.png,29,218,Smoke,1164,333,1193,551
1162.png,124,174,Smoke,1254,377,1378,551
1162.png,179,109,Smoke,1741,457,1920,566
1162.png,76,250,Smoke,1613,390,1689,640
1162.png,99,59,Smoke,1688,574,1787,633
1162.png,50,128,Smoke,1431,420,1481,548
1162.png,84,67,Smoke,1761,378,1845,445
1162.png,57,57,Smoke,1773,313,1830,370
1162.png,55,80,Smoke,546,424,601,504
1162.png,23,113,Smoke,1213,471,1236,584
1163.png,80,48,Smoke,414,514,494,562
1163.png,101,107,Smoke,635,446,736,553
1163.png,97,151,Smoke,816,393,913,544
1163.png,111,246,Smoke,1030,307,1141,553
1163.png,32,158,Smoke,963,376,995,534
1163.png,29,218,Smoke,1164,333,1193,551
1163.png,124,174,Smoke,1254,377,1378,551
1163.png,179,109,Smoke,1741,457,1920,566
1163.png,76,250,Smoke,1613,390,1689,640
1163.png,99,59,Smoke,1688,574,1787,633
1163.png,50,128,Smoke,1431,420,1481,548
1163.png,84,67,Smoke,1761,378,1845,445
1163.png,57,57,Smoke,1773,313,1830,370
1164.png,80,48,Smoke,414,514,494,562
1164.png,101,107,Smoke,635,446,736,553
1164.png,97,151,Smoke,816,394,913,545
1164.png,111,246,Smoke,1030,307,1141,553
1164.png,32,158,Smoke,963,376,995,534
1164.png,29,218,Smoke,1164,333,1193,551
1164.png,124,174,Smoke,1254,377,1378,551
1164.png,179,109,Smoke,1741,457,1920,566
1164.png,76,250,Smoke,1613,390,1689,640
1164.png,99,59,Smoke,1688,574,1787,633
1164.png,50,128,Smoke,1431,420,1481,548
1164.png,84,67,Smoke,1761,378,1845,445
1164.png,55,80,Smoke,546,424,601,504
1164.png,23,113,Smoke,1213,471,1236,584
1164.png,57,57,Smoke,1773,313,1830,370
1165.png,80,48,Smoke,414,514,494,562
1165.png,101,107,Smoke,635,446,736,553
1165.png,97,151,Smoke,816,393,913,544
1165.png,111,246,Smoke,1030,307,1141,553
1165.png,32,158,Smoke,963,376,995,534
1165.png,29,218,Smoke,1164,333,1193,551
1165.png,124,174,Smoke,1254,378,1378,552
1165.png,179,109,Smoke,1741,457,1920,566
1165.png,76,250,Smoke,1613,390,1689,640
1165.png,99,59,Smoke,1688,574,1787,633
1165.png,50,128,Smoke,1431,420,1481,548
1165.png,84,67,Smoke,1761,378,1845,445
1165.png,55,80,Smoke,546,424,601,504
1165.png,23,113,Smoke,1213,471,1236,584
1165.png,57,57,Smoke,1773,313,1830,370
1166.png,80,48,Smoke,414,514,494,562
1166.png,101,107,Smoke,635,446,736,553
1166.png,97,151,Smoke,816,392,913,543
1166.png,111,246,Smoke,1031,307,1142,553
1166.png,32,158,Smoke,963,376,995,534
1166.png,29,218,Smoke,1164,333,1193,551
1166.png,124,174,Smoke,1254,377,1378,551
1166.png,179,109,Smoke,1741,457,1920,566
1166.png,76,250,Smoke,1613,390,1689,640
1166.png,99,59,Smoke,1688,574,1787,633
1166.png,50,128,Smoke,1431,420,1481,548
1166.png,84,67,Smoke,1761,378,1845,445
1166.png,55,80,Smoke,546,424,601,504
1166.png,23,113,Smoke,1213,471,1236,584
1166.png,57,57,Smoke,1773,313,1830,370
1167.png,80,48,Smoke,414,514,494,562
1167.png,101,107,Smoke,635,446,736,553
1167.png,97,151,Smoke,816,393,913,544
1167.png,111,246,Smoke,1030,307,1141,553
1167.png,32,158,Smoke,963,376,995,534
1167.png,29,218,Smoke,1164,333,1193,551
1167.png,124,174,Smoke,1254,377,1378,551
1167.png,179,109,Smoke,1741,457,1920,566
1167.png,76,250,Smoke,1613,390,1689,640
1167.png,99,59,Smoke,1688,574,1787,633
1167.png,50,128,Smoke,1431,419,1481,547
1167.png,84,67,Smoke,1761,378,1845,445
1167.png,55,80,Smoke,546,424,601,504
1167.png,23,113,Smoke,1213,471,1236,584
1167.png,57,57,Smoke,1773,313,1830,370
1168.png,80,48,Smoke,414,514,494,562
1168.png,101,107,Smoke,635,446,736,553
1168.png,97,151,Smoke,817,393,914,544
1168.png,111,246,Smoke,1031,307,1142,553
1168.png,32,158,Smoke,963,376,995,534
1168.png,29,218,Smoke,1164,333,1193,551
1168.png,124,174,Smoke,1254,377,1378,551
1168.png,179,109,Smoke,1741,457,1920,566
1168.png,76,250,Smoke,1613,390,1689,640
1168.png,99,59,Smoke,1688,574,1787,633
1168.png,50,128,Smoke,1431,420,1481,548
1168.png,84,67,Smoke,1761,378,1845,445
1168.png,55,80,Smoke,546,424,601,504
1168.png,23,113,Smoke,1213,471,1236,584
1168.png,57,57,Smoke,1773,313,1830,370
1169.png,80,48,Smoke,414,514,494,562
1169.png,101,107,Smoke,635,446,736,553
1169.png,97,151,Smoke,815,393,912,544
1169.png,111,246,Smoke,1029,307,1140,553
1169.png,32,158,Smoke,963,376,995,534
1169.png,29,218,Smoke,1164,333,1193,551
1169.png,124,174,Smoke,1254,377,1378,551
1169.png,179,109,Smoke,1741,457,1920,566
1169.png,76,250,Smoke,1613,390,1689,640
1169.png,99,59,Smoke,1688,574,1787,633
1169.png,50,128,Smoke,1430,420,1480,548
1169.png,84,67,Smoke,1761,378,1845,445
1169.png,55,80,Smoke,546,424,601,504
1169.png,23,113,Smoke,1213,471,1236,584
1169.png,57,57,Smoke,1773,313,1830,370
1170.png,80,48,Smoke,414,514,494,562
1170.png,101,107,Smoke,635,446,736,553
1170.png,97,151,Smoke,817,393,914,544
1170.png,111,246,Smoke,1029,308,1140,554
1170.png,32,158,Smoke,963,376,995,534
1170.png,29,218,Smoke,1164,333,1193,551
1170.png,124,174,Smoke,1254,377,1378,551
1170.png,179,109,Smoke,1741,457,1920,566
1170.png,76,250,Smoke,1613,390,1689,640
1170.png,99,59,Smoke,1688,574,1787,633
1170.png,50,128,Smoke,1431,420,1481,548
1170.png,84,67,Smoke,1761,378,1845,445
1170.png,55,80,Smoke,546,424,601,504
1170.png,23,113,Smoke,1213,471,1236,584
1170.png,57,57,Smoke,1773,313,1830,370
1171.png,80,48,Smoke,414,514,494,562
1171.png,101,107,Smoke,635,446,736,553
1171.png,97,151,Smoke,816,392,913,543
1171.png,111,246,Smoke,1031,307,1142,553
1171.png,32,158,Smoke,963,376,995,534
1171.png,29,218,Smoke,1164,333,1193,551
1171.png,124,174,Smoke,1254,377,1378,551
1171.png,179,109,Smoke,1741,457,1920,566
1171.png,76,250,Smoke,1613,390,1689,640
1171.png,99,59,Smoke,1688,573,1787,632
1171.png,50,128,Smoke,1431,420,1481,548
1171.png,84,67,Smoke,1761,378,1845,445
1171.png,55,80,Smoke,546,424,601,504
1171.png,23,113,Smoke,1213,473,1236,586
1171.png,57,57,Smoke,1773,313,1830,370
1171.png,55,80,Smoke,546,424,601,504
1171.png,23,113,Smoke,1213,471,1236,584
1172.png,80,48,Smoke,414,514,494,562
1172.png,101,107,Smoke,635,446,736,553
1172.png,97,151,Smoke,816,392,913,543
1172.png,111,246,Smoke,1031,307,1142,553
1172.png,32,158,Smoke,963,376,995,534
1172.png,29,218,Smoke,1164,333,1193,551
1172.png,124,174,Smoke,1254,377,1378,551
1172.png,179,109,Smoke,1741,457,1920,566
1172.png,76,250,Smoke,1613,390,1689,640
1172.png,99,59,Smoke,1688,573,1787,632
1172.png,50,128,Smoke,1431,420,1481,548
1172.png,84,67,Smoke,1761,378,1845,445
1172.png,57,57,Smoke,1773,313,1830,370
1172.png,55,80,Smoke,546,424,601,504
1172.png,23,113,Smoke,1213,470,1236,583
1173.png,80,48,Smoke,414,514,494,562
1173.png,101,107,Smoke,635,446,736,553
1173.png,97,151,Smoke,816,392,913,543
1173.png,111,246,Smoke,1031,307,1142,553
1173.png,32,158,Smoke,963,376,995,534
1173.png,29,218,Smoke,1164,333,1193,551
1173.png,124,174,Smoke,1254,377,1378,551
1173.png,179,109,Smoke,1741,457,1920,566
1173.png,76,250,Smoke,1613,390,1689,640
1173.png,99,59,Smoke,1688,573,1787,632
1173.png,50,128,Smoke,1431,420,1481,548
1173.png,84,67,Smoke,1761,378,1845,445
1173.png,57,57,Smoke,1773,313,1830,370
1174.png,80,48,Smoke,414,514,494,562
1174.png,101,107,Smoke,635,446,736,553
1174.png,97,151,Smoke,816,393,913,544
1174.png,111,246,Smoke,1031,306,1142,552
1174.png,32,158,Smoke,963,376,995,534
1174.png,29,218,Smoke,1164,333,1193,551
1174.png,124,174,Smoke,1254,377,1378,551
1174.png,179,109,Smoke,1741,457,1920,566
1174.png,76,250,Smoke,1613,390,1689,640
1174.png,99,59,Smoke,1688,573,1787,632
1174.png,50,128,Smoke,1431,420,1481,548
1174.png,84,67,Smoke,1761,378,1845,445
1174.png,55,80,Smoke,546,424,601,504
1174.png,23,113,Smoke,1213,470,1236,583
1174.png,57,57,Smoke,1773,313,1830,370
1175.png,80,48,Smoke,414,514,494,562
1175.png,101,107,Smoke,635,446,736,553
1175.png,97,151,Smoke,816,392,913,543
1175.png,111,246,Smoke,1031,307,1142,553
1175.png,32,158,Smoke,963,376,995,534
1175.png,29,218,Smoke,1164,333,1193,551
1175.png,124,174,Smoke,1254,377,1378,551
1175.png,179,109,Smoke,1741,457,1920,566
1175.png,76,250,Smoke,1613,390,1689,640
1175.png,99,59,Smoke,1688,573,1787,632
1175.png,50,128,Smoke,1431,420,1481,548
1175.png,84,67,Smoke,1761,378,1845,445
1175.png,55,80,Smoke,546,424,601,504
1175.png,23,113,Smoke,1213,470,1236,583
1175.png,57,57,Smoke,1773,313,1830,370
1176.png,80,48,Smoke,414,514,494,562
1176.png,101,107,Smoke,635,446,736,553
1176.png,97,151,Smoke,816,393,913,544
1176.png,111,246,Smoke,1031,306,1142,552
1176.png,32,158,Smoke,963,376,995,534
1176.png,29,218,Smoke,1164,333,1193,551
1176.png,124,174,Smoke,1254,377,1378,551
1176.png,179,109,Smoke,1741,457,1920,566
1176.png,76,250,Smoke,1613,389,1689,639
1176.png,99,59,Smoke,1688,573,1787,632
1176.png,50,128,Smoke,1431,420,1481,548
1176.png,84,67,Smoke,1761,378,1845,445
1176.png,55,80,Smoke,546,424,601,504
1176.png,23,113,Smoke,1213,470,1236,583
1176.png,57,57,Smoke,1773,313,1830,370
1177.png,80,48,Smoke,414,514,494,562
1177.png,101,107,Smoke,635,446,736,553
1177.png,97,151,Smoke,816,392,913,543
1177.png,111,246,Smoke,1031,306,1142,552
1177.png,32,158,Smoke,963,376,995,534
1177.png,29,218,Smoke,1164,333,1193,551
1177.png,124,174,Smoke,1254,377,1378,551
1177.png,179,109,Smoke,1741,457,1920,566
1177.png,76,250,Smoke,1612,390,1688,640
1177.png,99,59,Smoke,1688,573,1787,632
1177.png,50,128,Smoke,1431,420,1481,548
1177.png,84,67,Smoke,1761,378,1845,445
1177.png,55,80,Smoke,546,424,601,504
1177.png,23,113,Smoke,1213,469,1236,582
1177.png,57,57,Smoke,1773,313,1830,370
1178.png,80,48,Smoke,414,514,494,562
1178.png,101,107,Smoke,635,446,736,553
1178.png,97,151,Smoke,816,393,913,544
1178.png,111,246,Smoke,1031,306,1142,552
1178.png,32,158,Smoke,963,376,995,534
1178.png,29,218,Smoke,1164,331,1193,549
1178.png,124,174,Smoke,1254,377,1378,551
1178.png,179,109,Smoke,1741,457,1920,566
1178.png,76,250,Smoke,1613,390,1689,640
1178.png,99,59,Smoke,1688,573,1787,632
1178.png,50,128,Smoke,1431,420,1481,548
1178.png,84,67,Smoke,1761,378,1845,445
1178.png,55,80,Smoke,546,424,601,504
1178.png,23,113,Smoke,1213,469,1236,582
1178.png,57,57,Smoke,1773,313,1830,370
1179.png,80,48,Smoke,414,514,494,562
1179.png,101,107,Smoke,635,446,736,553
1179.png,97,151,Smoke,816,392,913,543
1179.png,111,246,Smoke,1032,307,1143,553
1179.png,32,158,Smoke,963,376,995,534
1179.png,29,218,Smoke,1164,331,1193,549
1179.png,124,174,Smoke,1254,377,1378,551
1179.png,179,109,Smoke,1741,457,1920,566
1179.png,76,250,Smoke,1613,390,1689,640
1179.png,99,59,Smoke,1688,573,1787,632
1179.png,50,128,Smoke,1431,420,1481,548
1179.png,84,67,Smoke,1761,378,1845,445
1179.png,55,80,Smoke,546,424,601,504
1179.png,23,113,Smoke,1213,469,1236,582
1179.png,57,57,Smoke,1773,313,1830,370
1180.png,80,48,Smoke,414,514,494,562
1180.png,101,107,Smoke,635,446,736,553
1180.png,97,151,Smoke,816,393,913,544
1180.png,111,246,Smoke,1032,306,1143,552
1180.png,32,158,Smoke,963,376,995,534
1180.png,29,218,Smoke,1164,333,1193,551
1180.png,124,174,Smoke,1254,377,1378,551
1180.png,179,109,Smoke,1741,457,1920,566
1180.png,76,250,Smoke,1613,391,1689,641
1180.png,99,59,Smoke,1688,573,1787,632
1180.png,50,128,Smoke,1431,420,1481,548
1180.png,84,67,Smoke,1761,378,1845,445
1180.png,55,80,Smoke,546,424,601,504
1180.png,23,113,Smoke,1213,470,1236,583
1180.png,57,57,Smoke,1773,313,1830,370
1181.png,80,48,Smoke,414,514,494,562
1181.png,101,107,Smoke,635,446,736,553
1181.png,97,151,Smoke,816,392,913,543
1181.png,111,246,Smoke,1032,307,1143,553
1181.png,32,158,Smoke,963,376,995,534
1181.png,29,218,Smoke,1164,331,1193,549
1181.png,124,174,Smoke,1254,377,1378,551
1181.png,179,109,Smoke,1741,457,1920,566
1181.png,76,250,Smoke,1613,390,1689,640
1181.png,99,59,Smoke,1688,573,1787,632
1181.png,50,128,Smoke,1431,420,1481,548
1181.png,84,67,Smoke,1761,378,1845,445
1181.png,55,80,Smoke,546,424,601,504
1181.png,23,113,Smoke,1213,470,1236,583
1181.png,57,57,Smoke,1773,313,1830,370
1181.png,55,80,Smoke,546,424,601,504
1181.png,23,113,Smoke,1213,470,1236,583
1182.png,80,48,Smoke,414,514,494,562
1182.png,101,107,Smoke,635,446,736,553
1182.png,97,151,Smoke,816,393,913,544
1182.png,111,246,Smoke,1032,307,1143,553
1182.png,32,158,Smoke,963,376,995,534
1182.png,29,218,Smoke,1164,331,1193,549
1182.png,124,174,Smoke,1253,377,1377,551
1182.png,180,109,Smoke,1740,459,1920,568
1182.png,76,250,Smoke,1613,390,1689,640
1182.png,99,59,Smoke,1688,573,1787,632
1182.png,50,128,Smoke,1431,420,1481,548
1182.png,84,67,Smoke,1761,377,1845,444
1182.png,57,57,Smoke,1773,313,1830,370
1182.png,55,80,Smoke,546,424,601,504
1182.png,23,113,Smoke,1213,469,1236,582
1183.png,80,48,Smoke,414,514,494,562
1183.png,101,107,Smoke,635,446,736,553
1183.png,97,151,Smoke,816,392,913,543
1183.png,111,246,Smoke,1032,307,1143,553
1183.png,32,158,Smoke,963,376,995,534
1183.png,29,218,Smoke,1164,327,1193,545
1183.png,124,174,Smoke,1253,377,1377,551
1183.png,179,109,Smoke,1741,457,1920,566
1183.png,76,250,Smoke,1613,390,1689,640
1183.png,99,59,Smoke,1688,573,1787,632
1183.png,50,128,Smoke,1431,420,1481,548
1183.png,84,67,Smoke,1761,378,1845,445
1183.png,57,57,Smoke,1773,313,1830,370
1184.png,80,48,Smoke,414,514,494,562
1184.png,101,107,Smoke,635,446,736,553
1184.png,97,151,Smoke,816,391,913,542
1184.png,111,246,Smoke,1032,308,1143,554
1184.png,32,158,Smoke,963,376,995,534
1184.png,29,218,Smoke,1164,327,1193,545
1184.png,124,174,Smoke,1253,377,1377,551
1184.png,179,109,Smoke,1741,457,1920,566
1184.png,76,250,Smoke,1613,390,1689,640
1184.png,99,59,Smoke,1688,573,1787,632
1184.png,50,128,Smoke,1431,420,1481,548
1184.png,84,67,Smoke,1761,377,1845,444
1184.png,55,80,Smoke,546,424,601,504
1184.png,23,113,Smoke,1213,469,1236,582
1184.png,57,57,Smoke,1773,313,1830,370
1185.png,80,48,Smoke,414,514,494,562
1185.png,101,107,Smoke,635,446,736,553
1185.png,97,151,Smoke,816,392,913,543
1185.png,111,246,Smoke,1032,307,1143,553
1185.png,32,158,Smoke,963,376,995,534
1185.png,29,218,Smoke,1164,333,1193,551
1185.png,124,174,Smoke,1253,377,1377,551
1185.png,179,109,Smoke,1741,457,1920,566
1185.png,76,250,Smoke,1613,390,1689,640
1185.png,99,59,Smoke,1688,572,1787,631
1185.png,50,128,Smoke,1431,420,1481,548
1185.png,84,67,Smoke,1761,378,1845,445
1185.png,55,80,Smoke,546,424,601,504
1185.png,23,113,Smoke,1213,468,1236,581
1185.png,57,57,Smoke,1773,313,1830,370
1186.png,80,48,Smoke,414,514,494,562
1186.png,101,107,Smoke,635,446,736,553
1186.png,97,151,Smoke,816,392,913,543
1186.png,111,246,Smoke,1032,307,1143,553
1186.png,32,158,Smoke,963,376,995,534
1186.png,29,218,Smoke,1164,333,1193,551
1186.png,124,174,Smoke,1254,377,1378,551
1186.png,179,109,Smoke,1741,456,1920,565
1186.png,76,250,Smoke,1613,390,1689,640
1186.png,99,59,Smoke,1688,572,1787,631
1186.png,50,128,Smoke,1431,421,1481,549
1186.png,84,67,Smoke,1760,378,1844,445
1186.png,55,80,Smoke,546,424,601,504
1186.png,23,113,Smoke,1213,469,1236,582
1186.png,57,57,Smoke,1773,313,1830,370
1187.png,80,48,Smoke,414,514,494,562
1187.png,101,107,Smoke,635,446,736,553
1187.png,97,151,Smoke,816,392,913,543
1187.png,111,246,Smoke,1032,307,1143,553
1187.png,32,158,Smoke,963,376,995,534
1187.png,29,218,Smoke,1164,333,1193,551
1187.png,124,174,Smoke,1254,377,1378,551
1187.png,179,109,Smoke,1741,457,1920,566
1187.png,76,250,Smoke,1613,390,1689,640
1187.png,99,59,Smoke,1688,572,1787,631
1187.png,50,128,Smoke,1431,420,1481,548
1187.png,84,67,Smoke,1761,378,1845,445
1187.png,55,80,Smoke,546,424,601,504
1187.png,23,113,Smoke,1213,469,1236,582
1187.png,57,57,Smoke,1773,313,1830,370
1188.png,80,48,Smoke,414,514,494,562
1188.png,101,107,Smoke,635,446,736,553
1188.png,97,151,Smoke,816,392,913,543
1188.png,111,246,Smoke,1032,307,1143,553
1188.png,32,158,Smoke,963,376,995,534
1188.png,29,218,Smoke,1164,333,1193,551
1188.png,124,174,Smoke,1254,377,1378,551
1188.png,179,109,Smoke,1741,457,1920,566
1188.png,76,250,Smoke,1613,390,1689,640
1188.png,99,59,Smoke,1687,572,1786,631
1188.png,50,128,Smoke,1430,420,1480,548
1188.png,84,67,Smoke,1761,378,1845,445
1188.png,55,80,Smoke,546,424,601,504
1188.png,23,113,Smoke,1213,469,1236,582
1188.png,57,57,Smoke,1773,313,1830,370
1189.png,80,48,Smoke,414,514,494,562
1189.png,101,107,Smoke,635,446,736,553
1189.png,97,151,Smoke,816,392,913,543
1189.png,111,246,Smoke,1032,307,1143,553
1189.png,32,158,Smoke,963,376,995,534
1189.png,29,218,Smoke,1164,333,1193,551
1189.png,124,174,Smoke,1254,377,1378,551
1189.png,179,109,Smoke,1741,457,1920,566
1189.png,76,250,Smoke,1613,390,1689,640
1189.png,99,59,Smoke,1688,571,1787,630
1189.png,50,128,Smoke,1430,420,1480,548
1189.png,84,67,Smoke,1761,378,1845,445
1189.png,55,80,Smoke,546,424,601,504
1189.png,23,113,Smoke,1213,470,1236,583
1189.png,57,57,Smoke,1773,313,1830,370
1190.png,80,48,Smoke,414,514,494,562
1190.png,101,107,Smoke,635,446,736,553
1190.png,97,151,Smoke,816,392,913,543
1190.png,111,246,Smoke,1031,306,1142,552
1190.png,32,158,Smoke,963,376,995,534
1190.png,29,218,Smoke,1164,333,1193,551
1190.png,124,174,Smoke,1254,377,1378,551
1190.png,179,109,Smoke,1741,457,1920,566
1190.png,76,250,Smoke,1613,390,1689,640
1190.png,99,59,Smoke,1687,572,1786,631
1190.png,50,128,Smoke,1431,421,1481,549
1190.png,84,67,Smoke,1760,378,1844,445
1190.png,55,80,Smoke,546,424,601,504
1190.png,23,113,Smoke,1213,469,1236,582
1190.png,57,57,Smoke,1773,313,1830,370
1191.png,80,48,Smoke,414,514,494,562
1191.png,101,107,Smoke,635,446,736,553
1191.png,97,151,Smoke,816,393,913,544
1191.png,111,246,Smoke,1032,307,1143,553
1191.png,32,158,Smoke,963,376,995,534
1191.png,29,218,Smoke,1164,333,1193,551
1191.png,124,174,Smoke,1254,377,1378,551
1191.png,179,109,Smoke,1741,457,1920,566
1191.png,76,250,Smoke,1613,390,1689,640
1191.png,99,59,Smoke,1687,573,1786,632
1191.png,50,128,Smoke,1431,420,1481,548
1191.png,84,67,Smoke,1761,377,1845,444
1191.png,55,80,Smoke,546,424,601,504
1191.png,23,113,Smoke,1213,469,1236,582
1191.png,57,57,Smoke,1773,313,1830,370
1191.png,55,80,Smoke,546,424,601,504
1191.png,23,113,Smoke,1213,469,1236,582
1192.png,80,48,Smoke,414,514,494,562
1192.png,101,107,Smoke,635,446,736,553
1192.png,97,151,Smoke,816,394,913,545
1192.png,111,246,Smoke,1032,306,1143,552
1192.png,32,158,Smoke,963,376,995,534
1192.png,29,218,Smoke,1164,331,1193,549
1192.png,124,174,Smoke,1254,377,1378,551
1192.png,179,109,Smoke,1741,459,1920,568
1192.png,76,250,Smoke,1613,390,1689,640
1192.png,99,59,Smoke,1687,574,1786,633
1192.png,50,128,Smoke,1432,419,1482,547
1192.png,84,67,Smoke,1761,376,1845,443
1192.png,57,57,Smoke,1773,313,1830,370
1192.png,55,80,Smoke,546,424,601,504
1192.png,23,113,Smoke,1213,469,1236,582
1193.png,80,48,Smoke,414,514,494,562
1193.png,101,107,Smoke,635,446,736,553
1193.png,97,151,Smoke,816,393,913,544
1193.png,111,246,Smoke,1032,307,1143,553
1193.png,32,158,Smoke,963,376,995,534
1193.png,29,218,Smoke,1164,334,1193,552
1193.png,124,174,Smoke,1254,377,1378,551
1193.png,179,109,Smoke,1741,458,1920,567
1193.png,76,250,Smoke,1613,390,1689,640
1193.png,99,59,Smoke,1687,573,1786,632
1193.png,50,128,Smoke,1431,420,1481,548
1193.png,84,67,Smoke,1761,377,1845,444
1193.png,57,57,Smoke,1773,313,1830,370
1194.png,80,48,Smoke,414,514,494,562
1194.png,101,107,Smoke,635,446,736,553
1194.png,97,151,Smoke,816,392,913,543
1194.png,111,246,Smoke,1032,308,1143,554
1194.png,32,158,Smoke,963,376,995,534
1194.png,29,218,Smoke,1164,333,1193,551
1194.png,124,174,Smoke,1254,377,1378,551
1194.png,179,109,Smoke,1741,458,1920,567
1194.png,76,250,Smoke,1613,390,1689,640
1194.png,99,59,Smoke,1687,574,1786,633
1194.png,50,128,Smoke,1431,420,1481,548
1194.png,84,67,Smoke,1761,377,1845,444
1194.png,55,80,Smoke,546,424,601,504
1194.png,23,113,Smoke,1213,469,1236,582
1194.png,57,57,Smoke,1773,313,1830,370
1195.png,80,48,Smoke,414,514,494,562
1195.png,101,107,Smoke,635,446,736,553
1195.png,97,151,Smoke,816,393,913,544
1195.png,111,246,Smoke,1032,307,1143,553
1195.png,32,158,Smoke,963,376,995,534
1195.png,29,218,Smoke,1164,333,1193,551
1195.png,124,174,Smoke,1254,377,1378,551
1195.png,179,109,Smoke,1741,457,1920,566
1195.png,76,250,Smoke,1613,390,1689,640
1195.png,99,59,Smoke,1687,573,1786,632
1195.png,50,128,Smoke,1431,420,1481,548
1195.png,84,67,Smoke,1761,377,1845,444
1195.png,55,80,Smoke,546,424,601,504
1195.png,23,113,Smoke,1213,469,1236,582
1195.png,57,57,Smoke,1773,313,1830,370
1196.png,80,48,Smoke,414,514,494,562
1196.png,101,107,Smoke,635,446,736,553
1196.png,97,151,Smoke,816,392,913,543
1196.png,111,246,Smoke,1033,306,1144,552
1196.png,32,158,Smoke,963,376,995,534
1196.png,29,218,Smoke,1164,333,1193,551
1196.png,124,174,Smoke,1254,377,1378,551
1196.png,179,109,Smoke,1741,458,1920,567
1196.png,76,250,Smoke,1613,390,1689,640
1196.png,99,59,Smoke,1687,573,1786,632
1196.png,50,128,Smoke,1431,420,1481,548
1196.png,84,67,Smoke,1761,377,1845,444
1196.png,55,80,Smoke,546,424,601,504
1196.png,23,113,Smoke,1213,469,1236,582
1196.png,57,57,Smoke,1773,313,1830,370
1197.png,80,48,Smoke,414,514,494,562
1197.png,101,107,Smoke,635,446,736,553
1197.png,97,151,Smoke,816,393,913,544
1197.png,111,246,Smoke,1033,307,1144,553
1197.png,32,158,Smoke,963,376,995,534
1197.png,29,218,Smoke,1164,333,1193,551
1197.png,124,174,Smoke,1254,377,1378,551
1197.png,179,109,Smoke,1741,458,1920,567
1197.png,76,250,Smoke,1613,390,1689,640
1197.png,99,59,Smoke,1687,574,1786,633
1197.png,50,128,Smoke,1431,420,1481,548
1197.png,84,67,Smoke,1761,377,1845,444
1197.png,55,80,Smoke,546,424,601,504
1197.png,23,113,Smoke,1213,469,1236,582
1197.png,57,57,Smoke,1773,313,1830,370
1198.png,80,48,Smoke,414,514,494,562
1198.png,101,107,Smoke,635,446,736,553
1198.png,97,151,Smoke,816,394,913,545
1198.png,111,246,Smoke,1033,308,1144,554
1198.png,32,158,Smoke,963,376,995,534
1198.png,29,218,Smoke,1164,333,1193,551
1198.png,124,174,Smoke,1254,377,1378,551
1198.png,179,109,Smoke,1741,457,1920,566
1198.png,76,250,Smoke,1613,390,1689,640
1198.png,99,59,Smoke,1687,573,1786,632
1198.png,50,128,Smoke,1431,420,1481,548
1198.png,84,67,Smoke,1761,377,1845,444
1198.png,55,80,Smoke,546,424,601,504
1198.png,23,113,Smoke,1213,469,1236,582
1198.png,57,57,Smoke,1773,313,1830,370
1199.png,80,48,Smoke,414,514,494,562
1199.png,101,107,Smoke,635,446,736,553
1199.png,97,151,Smoke,816,393,913,544
1199.png,111,246,Smoke,1032,308,1143,554
1199.png,32,158,Smoke,963,376,995,534
1199.png,29,218,Smoke,1164,333,1193,551
1199.png,124,174,Smoke,1254,377,1378,551
1199.png,179,109,Smoke,1741,457,1920,566
1199.png,76,250,Smoke,1613,390,1689,640
1199.png,99,59,Smoke,1687,573,1786,632
1199.png,50,128,Smoke,1431,420,1481,548
1199.png,84,67,Smoke,1761,377,1845,444
1199.png,55,80,Smoke,546,424,601,504
1199.png,23,113,Smoke,1213,469,1236,582
1199.png,57,57,Smoke,1773,313,1830,370
1200.png,80,48,Smoke,414,514,494,562
1200.png,101,107,Smoke,635,446,736,553
1200.png,97,151,Smoke,816,394,913,545
1200.png,111,246,Smoke,1032,307,1143,553
1200.png,32,158,Smoke,963,376,995,534
1200.png,29,218,Smoke,1164,333,1193,551
1200.png,124,174,Smoke,1254,377,1378,551
1200.png,179,109,Smoke,1741,458,1920,567
1200.png,76,250,Smoke,1613,390,1689,640
1200.png,99,59,Smoke,1687,573,1786,632
1200.png,50,128,Smoke,1431,420,1481,548
1200.png,84,67,Smoke,1761,377,1845,444
1200.png,55,80,Smoke,546,424,601,504
1200.png,23,113,Smoke,1213,469,1236,582
1200.png,57,57,Smoke,1773,313,1830,370
1201.png,80,48,Smoke,414,514,494,562
1201.png,101,107,Smoke,635,446,736,553
1201.png,97,151,Smoke,816,393,913,544
1201.png,111,246,Smoke,1032,307,1143,553
1201.png,32,158,Smoke,963,376,995,534
1201.png,29,218,Smoke,1164,333,1193,551
1201.png,124,174,Smoke,1254,377,1378,551
1201.png,179,109,Smoke,1741,458,1920,567
1201.png,76,250,Smoke,1613,390,1689,640
1201.png,99,59,Smoke,1687,574,1786,633
1201.png,50,128,Smoke,1431,420,1481,548
1201.png,84,67,Smoke,1761,377,1845,444
1201.png,55,80,Smoke,546,424,601,504
1201.png,23,113,Smoke,1213,469,1236,582
1201.png,57,57,Smoke,1773,313,1830,370
1201.png,55,80,Smoke,546,424,601,504
1201.png,23,113,Smoke,1213,469,1236,582
1202.png,80,48,Smoke,414,514,494,562
1202.png,101,107,Smoke,635,446,736,553
1202.png,97,151,Smoke,816,394,913,545
1202.png,111,246,Smoke,1032,306,1143,552
1202.png,32,158,Smoke,963,376,995,534
1202.png,29,218,Smoke,1164,333,1193,551
1202.png,124,174,Smoke,1254,377,1378,551
1202.png,179,109,Smoke,1741,458,1920,567
1202.png,76,250,Smoke,1613,390,1689,640
1202.png,99,59,Smoke,1687,574,1786,633
1202.png,50,128,Smoke,1431,420,1481,548
1202.png,84,67,Smoke,1761,377,1845,444
1202.png,57,57,Smoke,1773,313,1830,370
1202.png,55,80,Smoke,546,424,601,504
1202.png,23,113,Smoke,1213,469,1236,582
1203.png,80,48,Smoke,414,514,494,562
1203.png,101,107,Smoke,635,446,736,553
1203.png,97,151,Smoke,816,393,913,544
1203.png,111,246,Smoke,1032,307,1143,553
1203.png,32,158,Smoke,963,376,995,534
1203.png,29,218,Smoke,1164,333,1193,551
1203.png,124,174,Smoke,1255,377,1379,551
1203.png,179,109,Smoke,1741,458,1920,567
1203.png,76,250,Smoke,1613,390,1689,640
1203.png,99,59,Smoke,1687,574,1786,633
1203.png,50,128,Smoke,1431,421,1481,549
1203.png,84,67,Smoke,1761,377,1845,444
1203.png,57,57,Smoke,1773,313,1830,370
1204.png,80,48,Smoke,414,514,494,562
1204.png,101,107,Smoke,635,446,736,553
1204.png,97,151,Smoke,816,392,913,543
1204.png,111,246,Smoke,1032,307,1143,553
1204.png,32,158,Smoke,963,376,995,534
1204.png,29,218,Smoke,1164,333,1193,551
1204.png,124,174,Smoke,1255,377,1379,551
1204.png,179,109,Smoke,1741,458,1920,567
1204.png,76,250,Smoke,1613,390,1689,640
1204.png,99,59,Smoke,1687,574,1786,633
1204.png,50,128,Smoke,1431,421,1481,549
1204.png,84,67,Smoke,1761,377,1845,444
1204.png,55,80,Smoke,546,424,601,504
1204.png,23,113,Smoke,1213,469,1236,582
1204.png,57,57,Smoke,1773,313,1830,370
1205.png,80,48,Smoke,414,514,494,562
1205.png,101,107,Smoke,635,446,736,553
1205.png,97,151,Smoke,816,393,913,544
1205.png,111,246,Smoke,1032,307,1143,553
1205.png,32,158,Smoke,963,376,995,534
1205.png,29,218,Smoke,1164,333,1193,551
1205.png,124,174,Smoke,1255,377,1379,551
1205.png,179,109,Smoke,1741,458,1920,567
1205.png,76,250,Smoke,1613,390,1689,640
1205.png,99,59,Smoke,1687,574,1786,633
1205.png,50,128,Smoke,1431,421,1481,549
1205.png,84,67,Smoke,1761,377,1845,444
1205.png,55,80,Smoke,546,424,601,504
1205.png,23,113,Smoke,1213,469,1236,582
1205.png,57,57,Smoke,1773,313,1830,370
1206.png,80,48,Smoke,414,514,494,562
1206.png,101,107,Smoke,635,446,736,553
1206.png,97,151,Smoke,816,392,913,543
1206.png,111,246,Smoke,1032,306,1143,552
1206.png,32,158,Smoke,963,376,995,534
1206.png,29,218,Smoke,1164,333,1193,551
1206.png,124,174,Smoke,1255,377,1379,551
1206.png,179,109,Smoke,1741,458,1920,567
1206.png,76,250,Smoke,1613,390,1689,640
1206.png,99,59,Smoke,1687,574,1786,633
1206.png,50,128,Smoke,1431,421,1481,549
1206.png,84,67,Smoke,1761,377,1845,444
1206.png,55,80,Smoke,546,424,601,504
1206.png,23,113,Smoke,1213,469,1236,582
1206.png,57,57,Smoke,1773,313,1830,370
1207.png,80,48,Smoke,414,514,494,562
1207.png,101,107,Smoke,635,446,736,553
1207.png,97,151,Smoke,816,393,913,544
1207.png,111,246,Smoke,1032,307,1143,553
1207.png,32,158,Smoke,963,376,995,534
1207.png,29,218,Smoke,1164,331,1193,549
1207.png,124,174,Smoke,1254,377,1378,551
1207.png,179,109,Smoke,1741,458,1920,567
1207.png,76,250,Smoke,1613,390,1689,640
1207.png,99,59,Smoke,1687,574,1786,633
1207.png,50,128,Smoke,1431,421,1481,549
1207.png,84,67,Smoke,1761,377,1845,444
1207.png,55,80,Smoke,546,424,601,504
1207.png,23,113,Smoke,1213,469,1236,582
1207.png,57,57,Smoke,1773,313,1830,370
1208.png,80,48,Smoke,414,514,494,562
1208.png,101,107,Smoke,635,446,736,553
1208.png,97,151,Smoke,816,392,913,543
1208.png,111,246,Smoke,1032,306,1143,552
1208.png,32,158,Smoke,963,376,995,534
1208.png,29,218,Smoke,1164,333,1193,551
1208.png,124,174,Smoke,1255,377,1379,551
1208.png,179,109,Smoke,1741,458,1920,567
1208.png,76,250,Smoke,1613,390,1689,640
1208.png,99,59,Smoke,1687,574,1786,633
1208.png,50,128,Smoke,1432,420,1482,548
1208.png,84,67,Smoke,1761,377,1845,444
1208.png,55,80,Smoke,546,424,601,504
1208.png,23,113,Smoke,1213,470,1236,583
1208.png,57,57,Smoke,1773,313,1830,370
1209.png,80,48,Smoke,414,514,494,562
1209.png,101,107,Smoke,635,446,736,553
1209.png,97,151,Smoke,816,393,913,544
1209.png,111,246,Smoke,1032,307,1143,553
1209.png,32,158,Smoke,963,376,995,534
1209.png,29,218,Smoke,1164,333,1193,551
1209.png,124,174,Smoke,1255,377,1379,551
1209.png,179,109,Smoke,1741,458,1920,567
1209.png,76,250,Smoke,1613,390,1689,640
1209.png,99,59,Smoke,1687,574,1786,633
1209.png,50,128,Smoke,1431,421,1481,549
1209.png,84,67,Smoke,1761,377,1845,444
1209.png,55,80,Smoke,546,424,601,504
1209.png,23,113,Smoke,1213,470,1236,583
1209.png,57,57,Smoke,1773,313,1830,370
1210.png,80,48,Smoke,414,514,494,562
1210.png,101,107,Smoke,635,446,736,553
1210.png,97,151,Smoke,816,394,913,545
1210.png,111,246,Smoke,1032,306,1143,552
1210.png,32,158,Smoke,963,376,995,534
1210.png,29,218,Smoke,1164,333,1193,551
1210.png,124,174,Smoke,1255,377,1379,551
1210.png,179,109,Smoke,1741,458,1920,567
1210.png,76,250,Smoke,1613,390,1689,640
1210.png,99,59,Smoke,1687,574,1786,633
1210.png,50,128,Smoke,1431,421,1481,549
1210.png,84,67,Smoke,1761,377,1845,444
1210.png,55,80,Smoke,546,424,601,504
1210.png,23,113,Smoke,1213,469,1236,582
1210.png,57,57,Smoke,1773,313,1830,370
1211.png,80,48,Smoke,414,514,494,562
1211.png,101,107,Smoke,635,446,736,553
1211.png,97,151,Smoke,816,393,913,544
1211.png,111,246,Smoke,1032,307,1143,553
1211.png,32,158,Smoke,963,376,995,534
1211.png,29,218,Smoke,1164,333,1193,551
1211.png,124,174,Smoke,1255,377,1379,551
1211.png,179,109,Smoke,1741,458,1920,567
1211.png,76,250,Smoke,1613,390,1689,640
1211.png,99,59,Smoke,1687,574,1786,633
1211.png,50,128,Smoke,1431,421,1481,549
1211.png,84,67,Smoke,1760,377,1844,444
1211.png,55,80,Smoke,546,424,601,504
1211.png,23,113,Smoke,1213,469,1236,582
1211.png,57,57,Smoke,1773,313,1830,370
1211.png,55,80,Smoke,546,424,601,504
1211.png,23,113,Smoke,1213,468,1236,581
1212.png,80,48,Smoke,414,514,494,562
1212.png,101,107,Smoke,635,446,736,553
1212.png,97,151,Smoke,816,393,913,544
1212.png,111,246,Smoke,1032,307,1143,553
1212.png,32,158,Smoke,963,376,995,534
1212.png,29,218,Smoke,1164,333,1193,551
1212.png,124,174,Smoke,1255,377,1379,551
1212.png,179,109,Smoke,1741,458,1920,567
1212.png,76,250,Smoke,1613,390,1689,640
1212.png,99,59,Smoke,1687,574,1786,633
1212.png,50,128,Smoke,1431,421,1481,549
1212.png,84,67,Smoke,1760,377,1844,444
1212.png,57,57,Smoke,1773,313,1830,370
1212.png,55,80,Smoke,546,424,601,504
1212.png,23,113,Smoke,1213,468,1236,581
1213.png,80,48,Smoke,414,514,494,562
1213.png,101,107,Smoke,635,446,736,553
1213.png,97,151,Smoke,816,393,913,544
1213.png,111,246,Smoke,1032,307,1143,553
1213.png,32,158,Smoke,963,376,995,534
1213.png,29,218,Smoke,1164,333,1193,551
1213.png,124,174,Smoke,1255,377,1379,551
1213.png,179,109,Smoke,1741,458,1920,567
1213.png,76,250,Smoke,1613,390,1689,640
1213.png,99,59,Smoke,1687,574,1786,633
1213.png,50,128,Smoke,1431,420,1481,548
1213.png,84,67,Smoke,1760,377,1844,444
1213.png,57,57,Smoke,1773,313,1830,370
1214.png,80,48,Smoke,414,514,494,562
1214.png,101,107,Smoke,635,446,736,553
1214.png,97,151,Smoke,816,394,913,545
1214.png,111,246,Smoke,1032,308,1143,554
1214.png,32,158,Smoke,963,376,995,534
1214.png,29,218,Smoke,1164,335,1193,553
1214.png,124,174,Smoke,1255,377,1379,551
1214.png,179,109,Smoke,1741,458,1920,567
1214.png,76,250,Smoke,1613,390,1689,640
1214.png,99,59,Smoke,1687,574,1786,633
1214.png,50,128,Smoke,1431,420,1481,548
1214.png,84,67,Smoke,1760,377,1844,444
1214.png,55,80,Smoke,546,424,601,504
1214.png,23,113,Smoke,1213,468,1236,581
1214.png,57,57,Smoke,1773,313,1830,370
1215.png,80,48,Smoke,414,514,494,562
1215.png,101,107,Smoke,635,446,736,553
1215.png,97,151,Smoke,816,393,913,544
1215.png,111,246,Smoke,1032,307,1143,553
1215.png,32,158,Smoke,963,376,995,534
1215.png,29,218,Smoke,1164,335,1193,553
1215.png,124,174,Smoke,1255,377,1379,551
1215.png,179,109,Smoke,1741,458,1920,567
1215.png,76,250,Smoke,1613,390,1689,640
1215.png,99,59,Smoke,1687,574,1786,633
1215.png,50,128,Smoke,1431,420,1481,548
1215.png,84,67,Smoke,1760,377,1844,444
1215.png,55,80,Smoke,546,424,601,504
1215.png,23,113,Smoke,1213,468,1236,581
1215.png,57,57,Smoke,1773,313,1830,370
1216.png,80,48,Smoke,414,514,494,562
1216.png,101,107,Smoke,635,446,736,553
1216.png,97,151,Smoke,816,394,913,545
1216.png,111,246,Smoke,1032,308,1143,554
1216.png,32,158,Smoke,963,376,995,534
1216.png,29,218,Smoke,1164,333,1193,551
1216.png,124,174,Smoke,1255,377,1379,551
1216.png,179,109,Smoke,1741,458,1920,567
1216.png,76,250,Smoke,1614,390,1690,640
1216.png,99,59,Smoke,1687,574,1786,633
1216.png,50,128,Smoke,1430,421,1480,549
1216.png,84,67,Smoke,1760,376,1844,443
1216.png,55,80,Smoke,546,424,601,504
1216.png,23,113,Smoke,1213,468,1236,581
1216.png,57,57,Smoke,1773,313,1830,370
1217.png,80,48,Smoke,414,514,494,562
1217.png,101,107,Smoke,635,446,736,553
1217.png,97,151,Smoke,816,393,913,544
1217.png,111,246,Smoke,1032,307,1143,553
1217.png,32,158,Smoke,963,376,995,534
1217.png,29,218,Smoke,1164,333,1193,551
1217.png,124,174,Smoke,1255,377,1379,551
1217.png,179,109,Smoke,1741,458,1920,567
1217.png,76,250,Smoke,1614,390,1690,640
1217.png,99,59,Smoke,1687,574,1786,633
1217.png,50,128,Smoke,1431,419,1481,547
1217.png,84,67,Smoke,1760,376,1844,443
1217.png,55,80,Smoke,546,424,601,504
1217.png,23,113,Smoke,1213,468,1236,581
1217.png,57,57,Smoke,1773,313,1830,370
1218.png,80,48,Smoke,414,514,494,562
1218.png,101,107,Smoke,635,446,736,553
1218.png,97,151,Smoke,816,394,913,545
1218.png,111,246,Smoke,1032,308,1143,554
1218.png,32,158,Smoke,963,376,995,534
1218.png,29,218,Smoke,1164,335,1193,553
1218.png,124,174,Smoke,1255,377,1379,551
1218.png,179,109,Smoke,1741,458,1920,567
1218.png,76,250,Smoke,1614,390,1690,640
1218.png,99,59,Smoke,1687,574,1786,633
1218.png,50,128,Smoke,1430,421,1480,549
1218.png,84,67,Smoke,1760,376,1844,443
1218.png,55,80,Smoke,546,424,601,504
1218.png,23,113,Smoke,1213,468,1236,581
1218.png,57,57,Smoke,1773,313,1830,370
1219.png,80,48,Smoke,414,514,494,562
1219.png,101,107,Smoke,635,446,736,553
1219.png,97,151,Smoke,816,393,913,544
1219.png,111,246,Smoke,1032,307,1143,553
1219.png,32,158,Smoke,963,376,995,534
1219.png,29,218,Smoke,1164,335,1193,553
1219.png,124,174,Smoke,1255,377,1379,551
1219.png,179,109,Smoke,1741,458,1920,567
1219.png,76,250,Smoke,1614,389,1690,639
1219.png,99,59,Smoke,1687,574,1786,633
1219.png,50,128,Smoke,1430,421,1480,549
1219.png,84,67,Smoke,1760,377,1844,444
1219.png,55,80,Smoke,546,424,601,504
1219.png,23,113,Smoke,1213,468,1236,581
1219.png,57,57,Smoke,1773,313,1830,370
1220.png,80,48,Smoke,414,514,494,562
1220.png,101,107,Smoke,635,446,736,553
1220.png,97,151,Smoke,816,394,913,545
1220.png,111,246,Smoke,1032,308,1143,554
1220.png,32,158,Smoke,963,376,995,534
1220.png,29,218,Smoke,1164,335,1193,553
1220.png,124,174,Smoke,1255,377,1379,551
1220.png,179,109,Smoke,1741,458,1920,567
1220.png,76,250,Smoke,1614,389,1690,639
1220.png,99,59,Smoke,1687,574,1786,633
1220.png,50,128,Smoke,1431,420,1481,548
1220.png,84,67,Smoke,1760,376,1844,443
1220.png,55,80,Smoke,546,424,601,504
1220.png,23,113,Smoke,1213,468,1236,581
1220.png,57,57,Smoke,1773,313,1830,370
1221.png,80,48,Smoke,414,514,494,562
1221.png,101,107,Smoke,635,446,736,553
1221.png,97,151,Smoke,816,393,913,544
1221.png,111,246,Smoke,1032,307,1143,553
1221.png,32,158,Smoke,963,376,995,534
1221.png,29,218,Smoke,1164,333,1193,551
1221.png,124,174,Smoke,1255,377,1379,551
1221.png,179,109,Smoke,1741,458,1920,567
1221.png,76,250,Smoke,1614,389,1690,639
1221.png,99,59,Smoke,1687,574,1786,633
1221.png,50,128,Smoke,1431,420,1481,548
1221.png,84,67,Smoke,1760,376,1844,443
1221.png,55,80,Smoke,546,424,601,504
1221.png,23,113,Smoke,1213,468,1236,581
1221.png,57,57,Smoke,1773,313,1830,370
1221.png,55,80,Smoke,546,424,601,504
1221.png,23,113,Smoke,1213,467,1236,580
1222.png,80,48,Smoke,414,514,494,562
1222.png,101,107,Smoke,635,446,736,553
1222.png,97,151,Smoke,816,393,913,544
1222.png,111,246,Smoke,1032,306,1143,552
1222.png,32,158,Smoke,963,376,995,534
1222.png,29,218,Smoke,1164,333,1193,551
1222.png,124,174,Smoke,1255,377,1379,551
1222.png,179,109,Smoke,1741,458,1920,567
1222.png,76,250,Smoke,1614,389,1690,639
1222.png,99,59,Smoke,1687,574,1786,633
1222.png,50,128,Smoke,1431,420,1481,548
1222.png,84,67,Smoke,1760,376,1844,443
1222.png,57,57,Smoke,1773,313,1830,370
1222.png,55,80,Smoke,546,424,601,504
1222.png,23,113,Smoke,1213,467,1236,580
1223.png,80,48,Smoke,414,514,494,562
1223.png,101,107,Smoke,635,446,736,553
1223.png,97,151,Smoke,816,393,913,544
1223.png,111,246,Smoke,1032,307,1143,553
1223.png,32,158,Smoke,963,376,995,534
1223.png,29,218,Smoke,1164,333,1193,551
1223.png,124,174,Smoke,1255,377,1379,551
1223.png,179,109,Smoke,1741,458,1920,567
1223.png,76,250,Smoke,1614,389,1690,639
1223.png,99,59,Smoke,1687,574,1786,633
1223.png,50,128,Smoke,1431,420,1481,548
1223.png,84,67,Smoke,1760,376,1844,443
1223.png,57,57,Smoke,1773,313,1830,370
1224.png,80,48,Smoke,414,514,494,562
1224.png,101,107,Smoke,635,446,736,553
1224.png,97,151,Smoke,816,394,913,545
1224.png,111,246,Smoke,1032,306,1143,552
1224.png,32,158,Smoke,963,376,995,534
1224.png,29,218,Smoke,1164,333,1193,551
1224.png,124,174,Smoke,1255,377,1379,551
1224.png,179,109,Smoke,1741,458,1920,567
1224.png,76,250,Smoke,1615,388,1691,638
1224.png,99,59,Smoke,1687,574,1786,633
1224.png,50,128,Smoke,1431,420,1481,548
1224.png,84,67,Smoke,1760,376,1844,443
1224.png,55,80,Smoke,546,424,601,504
1224.png,23,113,Smoke,1213,467,1236,580
1224.png,57,57,Smoke,1773,313,1830,370
1225.png,80,48,Smoke,414,514,494,562
1225.png,101,107,Smoke,635,446,736,553
1225.png,97,151,Smoke,816,393,913,544
1225.png,111,246,Smoke,1032,306,1143,552
1225.png,32,158,Smoke,963,376,995,534
1225.png,29,218,Smoke,1164,333,1193,551
1225.png,124,174,Smoke,1255,377,1379,551
1225.png,179,109,Smoke,1741,458,1920,567
1225.png,76,250,Smoke,1614,389,1690,639
1225.png,99,59,Smoke,1687,574,1786,633
1225.png,50,128,Smoke,1431,420,1481,548
1225.png,84,67,Smoke,1760,376,1844,443
1225.png,55,80,Smoke,546,424,601,504
1225.png,23,113,Smoke,1213,467,1236,580
1225.png,57,57,Smoke,1773,313,1830,370
1226.png,80,48,Smoke,414,514,494,562
1226.png,101,107,Smoke,635,446,736,553
1226.png,97,151,Smoke,816,392,913,543
1226.png,111,246,Smoke,1032,306,1143,552
1226.png,32,158,Smoke,963,376,995,534
1226.png,29,218,Smoke,1164,333,1193,551
1226.png,124,174,Smoke,1255,377,1379,551
1226.png,179,109,Smoke,1741,458,1920,567
1226.png,76,250,Smoke,1614,389,1690,639
1226.png,99,59,Smoke,1687,574,1786,633
1226.png,50,128,Smoke,1431,420,1481,548
1226.png,84,67,Smoke,1760,376,1844,443
1226.png,55,80,Smoke,546,424,601,504
1226.png,23,113,Smoke,1213,467,1236,580
1226.png,57,57,Smoke,1773,313,1830,370
1227.png,80,48,Smoke,414,514,494,562
1227.png,101,107,Smoke,635,446,736,553
1227.png,97,151,Smoke,816,393,913,544
1227.png,111,246,Smoke,1032,307,1143,553
1227.png,32,158,Smoke,963,376,995,534
1227.png,29,218,Smoke,1164,333,1193,551
1227.png,124,174,Smoke,1255,377,1379,551
1227.png,179,109,Smoke,1741,459,1920,568
1227.png,76,250,Smoke,1614,389,1690,639
1227.png,99,59,Smoke,1687,574,1786,633
1227.png,50,128,Smoke,1431,420,1481,548
1227.png,84,67,Smoke,1760,376,1844,443
1227.png,55,80,Smoke,546,424,601,504
1227.png,23,113,Smoke,1213,467,1236,580
1227.png,57,57,Smoke,1773,313,1830,370
1228.png,80,48,Smoke,414,514,494,562
1228.png,101,107,Smoke,635,446,736,553
1228.png,97,151,Smoke,816,394,913,545
1228.png,111,246,Smoke,1032,308,1143,554
1228.png,32,158,Smoke,963,376,995,534
1228.png,29,218,Smoke,1164,333,1193,551
1228.png,124,174,Smoke,1255,377,1379,551
1228.png,179,109,Smoke,1741,459,1920,568
1228.png,76,250,Smoke,1614,389,1690,639
1228.png,99,59,Smoke,1687,574,1786,633
1228.png,50,128,Smoke,1431,420,1481,548
1228.png,84,67,Smoke,1760,376,1844,443
1228.png,55,80,Smoke,546,424,601,504
1228.png,23,113,Smoke,1213,467,1236,580
1228.png,57,57,Smoke,1773,313,1830,370
1229.png,80,48,Smoke,414,514,494,562
1229.png,101,107,Smoke,635,446,736,553
1229.png,97,151,Smoke,816,393,913,544
1229.png,111,246,Smoke,1032,307,1143,553
1229.png,32,158,Smoke,963,376,995,534
1229.png,29,218,Smoke,1164,333,1193,551
1229.png,124,174,Smoke,1255,377,1379,551
1229.png,179,109,Smoke,1741,458,1920,567
1229.png,76,250,Smoke,1614,389,1690,639
1229.png,99,59,Smoke,1687,574,1786,633
1229.png,50,128,Smoke,1431,419,1481,547
1229.png,84,67,Smoke,1760,376,1844,443
1229.png,55,80,Smoke,546,424,601,504
1229.png,23,113,Smoke,1213,467,1236,580
1229.png,57,57,Smoke,1773,313,1830,370
1230.png,80,48,Smoke,414,514,494,562
1230.png,101,107,Smoke,635,446,736,553
1230.png,97,151,Smoke,816,392,913,543
1230.png,111,246,Smoke,1032,306,1143,552
1230.png,32,158,Smoke,963,376,995,534
1230.png,29,218,Smoke,1164,333,1193,551
1230.png,124,174,Smoke,1255,377,1379,551
1230.png,179,109,Smoke,1741,458,1920,567
1230.png,76,250,Smoke,1614,389,1690,639
1230.png,99,59,Smoke,1687,574,1786,633
1230.png,50,128,Smoke,1431,419,1481,547
1230.png,84,67,Smoke,1760,376,1844,443
1230.png,55,80,Smoke,546,424,601,504
1230.png,23,113,Smoke,1213,467,1236,580
1230.png,57,57,Smoke,1773,313,1830,370
1231.png,80,48,Smoke,414,514,494,562
1231.png,101,107,Smoke,635,446,736,553
1231.png,97,151,Smoke,816,393,913,544
1231.png,111,246,Smoke,1032,307,1143,553
1231.png,32,158,Smoke,963,376,995,534
1231.png,29,218,Smoke,1164,333,1193,551
1231.png,124,174,Smoke,1255,377,1379,551
1231.png,179,109,Smoke,1741,458,1920,567
1231.png,76,250,Smoke,1614,389,1690,639
1231.png,99,59,Smoke,1687,574,1786,633
1231.png,50,128,Smoke,1431,419,1481,547
1231.png,84,67,Smoke,1760,376,1844,443
1231.png,55,80,Smoke,546,424,601,504
1231.png,23,113,Smoke,1213,467,1236,580
1231.png,57,57,Smoke,1773,313,1830,370
1231.png,55,80,Smoke,546,424,601,504
1231.png,23,113,Smoke,1213,468,1236,581
1232.png,80,48,Smoke,414,514,494,562
1232.png,101,107,Smoke,635,446,736,553
1232.png,97,151,Smoke,816,394,913,545
1232.png,111,246,Smoke,1032,306,1143,552
1232.png,32,158,Smoke,963,376,995,534
1232.png,29,218,Smoke,1164,333,1193,551
1232.png,124,174,Smoke,1255,377,1379,551
1232.png,180,109,Smoke,1740,457,1920,566
1232.png,76,250,Smoke,1614,388,1690,638
1232.png,99,59,Smoke,1687,574,1786,633
1232.png,50,128,Smoke,1431,419,1481,547
1232.png,84,67,Smoke,1760,376,1844,443
1232.png,57,57,Smoke,1773,313,1830,370
1232.png,55,80,Smoke,546,424,601,504
1232.png,23,113,Smoke,1213,467,1236,580
1233.png,80,48,Smoke,414,514,494,562
1233.png,101,107,Smoke,635,446,736,553
1233.png,97,151,Smoke,816,393,913,544
1233.png,111,246,Smoke,1032,309,1143,555
1233.png,32,158,Smoke,963,376,995,534
1233.png,29,218,Smoke,1164,335,1193,553
1233.png,124,174,Smoke,1255,377,1379,551
1233.png,179,109,Smoke,1741,458,1920,567
1233.png,76,250,Smoke,1614,389,1690,639
1233.png,99,59,Smoke,1687,574,1786,633
1233.png,50,128,Smoke,1431,419,1481,547
1233.png,84,67,Smoke,1761,376,1845,443
1233.png,57,57,Smoke,1773,313,1830,370
1234.png,80,48,Smoke,414,514,494,562
1234.png,101,107,Smoke,635,446,736,553
1234.png,97,151,Smoke,816,392,913,543
1234.png,111,246,Smoke,1032,308,1143,554
1234.png,32,158,Smoke,963,376,995,534
1234.png,29,218,Smoke,1164,335,1193,553
1234.png,124,174,Smoke,1255,377,1379,551
1234.png,179,109,Smoke,1741,458,1920,567
1234.png,76,250,Smoke,1614,389,1690,639
1234.png,99,59,Smoke,1687,574,1786,633
1234.png,50,128,Smoke,1431,419,1481,547
1234.png,84,67,Smoke,1761,376,1845,443
1234.png,55,80,Smoke,546,424,601,504
1234.png,23,113,Smoke,1214,467,1237,580
1234.png,57,57,Smoke,1773,313,1830,370
1235.png,80,48,Smoke,414,514,494,562
1235.png,101,107,Smoke,635,446,736,553
1235.png,97,151,Smoke,816,392,913,543
1235.png,111,246,Smoke,1032,309,1143,555
1235.png,32,158,Smoke,963,376,995,534
1235.png,29,218,Smoke,1164,335,1193,553
1235.png,124,174,Smoke,1255,377,1379,551
1235.png,179,109,Smoke,1741,458,1920,567
1235.png,76,250,Smoke,1614,389,1690,639
1235.png,99,59,Smoke,1687,574,1786,633
1235.png,50,128,Smoke,1431,419,1481,547
1235.png,84,67,Smoke,1761,376,1845,443
1235.png,55,80,Smoke,546,424,601,504
1235.png,23,113,Smoke,1214,467,1237,580
1235.png,57,57,Smoke,1773,313,1830,370
1236.png,80,48,Smoke,414,514,494,562
1236.png,101,107,Smoke,635,446,736,553
1236.png,97,151,Smoke,816,392,913,543
1236.png,111,246,Smoke,1032,308,1143,554
1236.png,32,158,Smoke,963,376,995,534
1236.png,29,218,Smoke,1164,329,1193,547
1236.png,124,174,Smoke,1255,377,1379,551
1236.png,179,109,Smoke,1741,458,1920,567
1236.png,76,250,Smoke,1614,389,1690,639
1236.png,99,59,Smoke,1687,574,1786,633
1236.png,50,128,Smoke,1431,419,1481,547
1236.png,84,67,Smoke,1761,376,1845,443
1236.png,55,80,Smoke,546,424,601,504
1236.png,23,113,Smoke,1214,467,1237,580
1236.png,57,57,Smoke,1773,313,1830,370
1237.png,80,48,Smoke,414,514,494,562
1237.png,101,107,Smoke,635,446,736,553
1237.png,97,151,Smoke,816,393,913,544
1237.png,111,246,Smoke,1032,309,1143,555
1237.png,32,158,Smoke,963,376,995,534
1237.png,29,218,Smoke,1164,329,1193,547
1237.png,124,174,Smoke,1255,377,1379,551
1237.png,179,109,Smoke,1741,458,1920,567
1237.png,76,250,Smoke,1614,389,1690,639
1237.png,99,59,Smoke,1687,574,1786,633
1237.png,50,128,Smoke,1431,419,1481,547
1237.png,84,67,Smoke,1761,376,1845,443
1237.png,55,80,Smoke,546,424,601,504
1237.png,23,113,Smoke,1214,467,1237,580
1237.png,57,57,Smoke,1773,313,1830,370
1238.png,80,48,Smoke,414,514,494,562
1238.png,101,107,Smoke,635,446,736,553
1238.png,97,82,Smoke,815,460,912,542
1238.png,111,246,Smoke,1032,308,1143,554
1238.png,32,158,Smoke,963,376,995,534
1238.png,29,218,Smoke,1164,329,1193,547
1238.png,124,174,Smoke,1255,377,1379,551
1238.png,179,109,Smoke,1741,458,1920,567
1238.png,76,250,Smoke,1614,389,1690,639
1238.png,99,59,Smoke,1687,574,1786,633
1238.png,50,128,Smoke,1431,419,1481,547
1238.png,84,67,Smoke,1760,377,1844,444
1238.png,55,80,Smoke,546,424,601,504
1238.png,23,113,Smoke,1212,466,1235,579
1238.png,57,57,Smoke,1773,313,1830,370
1239.png,80,48,Smoke,414,514,494,562
1239.png,101,107,Smoke,635,446,736,553
1239.png,97,82,Smoke,815,460,912,542
1239.png,111,246,Smoke,1032,309,1143,555
1239.png,32,158,Smoke,963,376,995,534
1239.png,29,218,Smoke,1164,329,1193,547
1239.png,124,174,Smoke,1255,377,1379,551
1239.png,179,109,Smoke,1741,458,1920,567
1239.png,76,250,Smoke,1614,389,1690,639
1239.png,99,59,Smoke,1688,575,1787,634
1239.png,50,128,Smoke,1431,419,1481,547
1239.png,84,67,Smoke,1760,376,1844,443
1239.png,55,80,Smoke,546,424,601,504
1239.png,23,113,Smoke,1212,466,1235,579
1239.png,57,57,Smoke,1773,313,1830,370
1240.png,80,48,Smoke,414,514,494,562
1240.png,101,107,Smoke,635,446,736,553
1240.png,97,82,Smoke,815,460,912,542
1240.png,111,246,Smoke,1032,308,1143,554
1240.png,32,158,Smoke,963,376,995,534
1240.png,29,218,Smoke,1164,329,1193,547
1240.png,124,174,Smoke,1255,377,1379,551
1240.png,179,109,Smoke,1741,458,1920,567
1240.png,76,250,Smoke,1613,390,1689,640
1240.png,99,59,Smoke,1688,574,1787,633
1240.png,50,128,Smoke,1431,419,1481,547
1240.png,84,67,Smoke,1760,376,1844,443
1240.png,55,80,Smoke,546,424,601,504
1240.png,23,113,Smoke,1213,467,1236,580
1240.png,57,57,Smoke,1773,313,1830,370
1241.png,80,48,Smoke,414,514,494,562
1241.png,101,107,Smoke,635,446,736,553
1241.png,97,82,Smoke,815,460,912,542
1241.png,111,246,Smoke,1032,309,1143,555
1241.png,32,158,Smoke,963,376,995,534
1241.png,29,218,Smoke,1164,331,1193,549
1241.png,124,174,Smoke,1255,377,1379,551
1241.png,179,109,Smoke,1741,458,1920,567
1241.png,76,250,Smoke,1613,389,1689,639
1241.png,99,59,Smoke,1688,575,1787,634
1241.png,50,128,Smoke,1431,419,1481,547
1241.png,84,67,Smoke,1760,376,1844,443
1241.png,55,80,Smoke,546,424,601,504
1241.png,23,113,Smoke,1213,466,1236,579
1241.png,57,57,Smoke,1773,313,1830,370
1241.png,55,80,Smoke,546,424,601,504
1241.png,23,113,Smoke,1212,467,1235,580
1242.png,80,48,Smoke,414,514,494,562
1242.png,101,107,Smoke,635,446,736,553
1242.png,97,82,Smoke,815,460,912,542
1242.png,111,246,Smoke,1032,309,1143,555
1242.png,32,158,Smoke,963,376,995,534
1242.png,29,218,Smoke,1164,335,1193,553
1242.png,124,174,Smoke,1255,376,1379,550
1242.png,179,109,Smoke,1741,458,1920,567
1242.png,76,250,Smoke,1613,389,1689,639
1242.png,99,59,Smoke,1688,575,1787,634
1242.png,50,128,Smoke,1431,418,1481,546
1242.png,84,67,Smoke,1760,376,1844,443
1242.png,57,57,Smoke,1773,313,1830,370
1242.png,55,80,Smoke,546,424,601,504
1242.png,23,113,Smoke,1212,466,1235,579
1243.png,80,48,Smoke,414,514,494,562
1243.png,101,107,Smoke,635,446,736,553
1243.png,97,82,Smoke,815,460,912,542
1243.png,111,246,Smoke,1032,309,1143,555
1243.png,32,158,Smoke,963,376,995,534
1243.png,29,218,Smoke,1164,337,1193,555
1243.png,124,174,Smoke,1255,375,1379,549
1243.png,182,109,Smoke,1738,457,1920,566
1243.png,76,250,Smoke,1613,389,1689,639
1243.png,99,59,Smoke,1689,575,1788,634
1243.png,50,128,Smoke,1431,419,1481,547
1243.png,84,67,Smoke,1760,375,1844,442
1243.png,57,57,Smoke,1773,313,1830,370
1244.png,80,48,Smoke,414,514,494,562
1244.png,101,107,Smoke,635,446,736,553
1244.png,97,82,Smoke,815,460,912,542
1244.png,111,246,Smoke,1032,309,1143,555
1244.png,32,158,Smoke,963,376,995,534
1244.png,29,218,Smoke,1163,331,1192,549
1244.png,124,174,Smoke,1255,375,1379,549
1244.png,179,109,Smoke,1741,458,1920,567
1244.png,76,250,Smoke,1613,389,1689,639
1244.png,99,59,Smoke,1689,575,1788,634
1244.png,50,128,Smoke,1431,419,1481,547
1244.png,84,67,Smoke,1760,375,1844,442
1244.png,55,80,Smoke,546,424,601,504
1244.png,23,113,Smoke,1212,467,1235,580
1244.png,57,57,Smoke,1773,313,1830,370
1245.png,80,48,Smoke,414,514,494,562
1245.png,101,107,Smoke,635,446,736,553
1245.png,97,82,Smoke,816,460,913,542
1245.png,111,246,Smoke,1032,309,1143,555
1245.png,32,158,Smoke,963,376,995,534
1245.png,29,218,Smoke,1164,337,1193,555
1245.png,124,174,Smoke,1255,375,1379,549
1245.png,179,109,Smoke,1741,458,1920,567
1245.png,76,250,Smoke,1613,388,1689,638
1245.png,99,59,Smoke,1689,575,1788,634
1245.png,50,128,Smoke,1431,419,1481,547
1245.png,84,67,Smoke,1760,375,1844,442
1245.png,55,80,Smoke,546,424,601,504
1245.png,23,113,Smoke,1212,466,1235,579
1245.png,57,57,Smoke,1773,313,1830,370
1246.png,80,48,Smoke,414,514,494,562
1246.png,101,107,Smoke,635,446,736,553
1246.png,97,82,Smoke,815,460,912,542
1246.png,111,246,Smoke,1032,308,1143,554
1246.png,32,158,Smoke,963,376,995,534
1246.png,29,218,Smoke,1164,337,1193,555
1246.png,124,174,Smoke,1255,377,1379,551
1246.png,179,109,Smoke,1741,458,1920,567
1246.png,76,250,Smoke,1613,388,1689,638
1246.png,99,59,Smoke,1688,575,1787,634
1246.png,50,128,Smoke,1431,419,1481,547
1246.png,84,67,Smoke,1760,375,1844,442
1246.png,55,80,Smoke,546,424,601,504
1246.png,23,113,Smoke,1212,466,1235,579
1246.png,57,57,Smoke,1773,313,1830,370
1247.png,80,48,Smoke,414,514,494,562
1247.png,101,107,Smoke,635,446,736,553
1247.png,97,82,Smoke,815,460,912,542
1247.png,111,246,Smoke,1032,309,1143,555
1247.png,32,158,Smoke,963,376,995,534
1247.png,29,218,Smoke,1164,339,1193,557
1247.png,124,174,Smoke,1255,377,1379,551
1247.png,179,109,Smoke,1741,458,1920,567
1247.png,76,250,Smoke,1614,389,1690,639
1247.png,99,59,Smoke,1689,575,1788,634
1247.png,50,128,Smoke,1431,419,1481,547
1247.png,84,67,Smoke,1760,376,1844,443
1247.png,55,80,Smoke,546,424,601,504
1247.png,23,113,Smoke,1212,466,1235,579
1247.png,57,57,Smoke,1773,313,1830,370
1248.png,80,48,Smoke,414,514,494,562
1248.png,101,107,Smoke,635,446,736,553
1248.png,97,82,Smoke,815,460,912,542
1248.png,111,246,Smoke,1032,308,1143,554
1248.png,32,158,Smoke,963,376,995,534
1248.png,29,218,Smoke,1164,335,1193,553
1248.png,124,174,Smoke,1255,377,1379,551
1248.png,179,109,Smoke,1741,458,1920,567
1248.png,76,250,Smoke,1614,389,1690,639
1248.png,99,59,Smoke,1688,574,1787,633
1248.png,50,128,Smoke,1431,419,1481,547
1248.png,84,67,Smoke,1760,376,1844,443
1248.png,55,80,Smoke,546,424,601,504
1248.png,23,113,Smoke,1212,466,1235,579
1248.png,57,57,Smoke,1773,313,1830,370
1249.png,80,48,Smoke,414,514,494,562
1249.png,101,107,Smoke,635,446,736,553
1249.png,97,82,Smoke,815,460,912,542
1249.png,111,246,Smoke,1032,309,1143,555
1249.png,32,158,Smoke,963,376,995,534
1249.png,29,218,Smoke,1164,335,1193,553
1249.png,124,174,Smoke,1255,377,1379,551
1249.png,179,109,Smoke,1741,458,1920,567
1249.png,76,250,Smoke,1614,388,1690,638
1249.png,99,59,Smoke,1688,575,1787,634
1249.png,50,128,Smoke,1431,419,1481,547
1249.png,84,67,Smoke,1760,375,1844,442
1249.png,55,80,Smoke,546,424,601,504
1249.png,23,113,Smoke,1212,466,1235,579
1249.png,57,57,Smoke,1773,313,1830,370
1250.png,80,48,Smoke,414,514,494,562
1250.png,101,107,Smoke,635,446,736,553
1250.png,97,82,Smoke,815,460,912,542
1250.png,111,246,Smoke,1032,308,1143,554
1250.png,32,158,Smoke,963,376,995,534
1250.png,29,218,Smoke,1164,335,1193,553
1250.png,124,174,Smoke,1255,377,1379,551
1250.png,179,109,Smoke,1741,458,1920,567
1250.png,76,250,Smoke,1613,388,1689,638
1250.png,99,59,Smoke,1688,575,1787,634
1250.png,50,128,Smoke,1431,419,1481,547
1250.png,84,67,Smoke,1760,375,1844,442
1250.png,55,80,Smoke,546,424,601,504
1250.png,23,113,Smoke,1212,466,1235,579
1250.png,57,57,Smoke,1773,313,1830,370
1251.png,80,48,Smoke,414,514,494,562
1251.png,101,107,Smoke,635,446,736,553
1251.png,97,82,Smoke,815,460,912,542
1251.png,111,246,Smoke,1032,309,1143,555
1251.png,32,158,Smoke,963,376,995,534
1251.png,29,218,Smoke,1164,335,1193,553
1251.png,124,174,Smoke,1255,377,1379,551
1251.png,179,109,Smoke,1741,458,1920,567
1251.png,76,250,Smoke,1614,387,1690,637
1251.png,99,59,Smoke,1689,575,1788,634
1251.png,50,128,Smoke,1431,417,1481,545
1251.png,84,67,Smoke,1760,375,1844,442
1251.png,55,80,Smoke,546,424,601,504
1251.png,23,113,Smoke,1213,466,1236,579
1251.png,57,57,Smoke,1773,313,1830,370
1251.png,55,80,Smoke,546,424,601,504
1251.png,23,113,Smoke,1212,466,1235,579
1252.png,80,48,Smoke,414,514,494,562
1252.png,101,107,Smoke,635,446,736,553
1252.png,97,82,Smoke,815,460,912,542
1252.png,111,246,Smoke,1032,308,1143,554
1252.png,32,158,Smoke,963,376,995,534
1252.png,29,218,Smoke,1164,336,1193,554
1252.png,124,174,Smoke,1255,377,1379,551
1252.png,179,109,Smoke,1741,458,1920,567
1252.png,76,250,Smoke,1614,386,1690,636
1252.png,99,59,Smoke,1689,575,1788,634
1252.png,50,128,Smoke,1431,416,1481,544
1252.png,84,67,Smoke,1760,375,1844,442
1252.png,57,57,Smoke,1773,313,1830,370
1252.png,55,80,Smoke,546,424,601,504
1252.png,23,113,Smoke,1212,466,1235,579
1253.png,80,48,Smoke,414,514,494,562
1253.png,101,107,Smoke,635,446,736,553
1253.png,97,82,Smoke,815,459,912,541
1253.png,111,246,Smoke,1032,309,1143,555
1253.png,32,158,Smoke,963,376,995,534
1253.png,29,218,Smoke,1164,335,1193,553
1253.png,124,174,Smoke,1255,377,1379,551
1253.png,179,109,Smoke,1741,456,1920,565
1253.png,76,250,Smoke,1614,386,1690,636
1253.png,99,59,Smoke,1689,575,1788,634
1253.png,50,128,Smoke,1432,417,1482,545
1253.png,84,67,Smoke,1760,375,1844,442
1253.png,57,57,Smoke,1773,313,1830,370
1254.png,80,48,Smoke,414,514,494,562
1254.png,101,107,Smoke,635,446,736,553
1254.png,97,82,Smoke,815,460,912,542
1254.png,111,246,Smoke,1032,309,1143,555
1254.png,32,158,Smoke,963,376,995,534
1254.png,29,218,Smoke,1164,335,1193,553
1254.png,124,174,Smoke,1255,377,1379,551
1254.png,179,109,Smoke,1741,456,1920,565
1254.png,76,250,Smoke,1614,387,1690,637
1254.png,99,59,Smoke,1689,575,1788,634
1254.png,50,128,Smoke,1431,417,1481,545
1254.png,84,67,Smoke,1760,375,1844,442
1254.png,55,80,Smoke,546,424,601,504
1254.png,23,113,Smoke,1212,466,1235,579
1254.png,57,57,Smoke,1773,313,1830,370
1255.png,80,48,Smoke,414,514,494,562
1255.png,101,107,Smoke,635,446,736,553
1255.png,97,82,Smoke,815,459,912,541
1255.png,111,246,Smoke,1032,309,1143,555
1255.png,32,158,Smoke,963,376,995,534
1255.png,29,218,Smoke,1164,335,1193,553
1255.png,124,174,Smoke,1255,377,1379,551
1255.png,179,109,Smoke,1741,458,1920,567
1255.png,76,250,Smoke,1614,387,1690,637
1255.png,99,59,Smoke,1689,575,1788,634
1255.png,50,128,Smoke,1431,417,1481,545
1255.png,84,67,Smoke,1760,375,1844,442
1255.png,55,80,Smoke,546,424,601,504
1255.png,23,113,Smoke,1212,466,1235,579
1255.png,57,57,Smoke,1773,313,1830,370
1256.png,80,48,Smoke,414,514,494,562
1256.png,101,107,Smoke,635,446,736,553
1256.png,97,82,Smoke,815,459,912,541
1256.png,111,246,Smoke,1032,308,1143,554
1256.png,32,158,Smoke,963,376,995,534
1256.png,29,218,Smoke,1164,336,1193,554
1256.png,124,174,Smoke,1255,377,1379,551
1256.png,179,109,Smoke,1741,458,1920,567
1256.png,76,250,Smoke,1615,387,1691,637
1256.png,99,59,Smoke,1689,575,1788,634
1256.png,50,128,Smoke,1431,417,1481,545
1256.png,84,67,Smoke,1760,375,1844,442
1256.png,55,80,Smoke,546,424,601,504
1256.png,23,113,Smoke,1212,466,1235,579
1256.png,57,57,Smoke,1773,313,1830,370
1257.png,80,48,Smoke,414,514,494,562
1257.png,101,107,Smoke,635,446,736,553
1257.png,97,82,Smoke,815,460,912,542
1257.png,130,227,Smoke,1015,328,1145,555
1257.png,32,158,Smoke,963,376,995,534
1257.png,29,218,Smoke,1164,335,1193,553
1257.png,124,174,Smoke,1255,377,1379,551
1257.png,179,109,Smoke,1741,458,1920,567
1257.png,76,250,Smoke,1614,387,1690,637
1257.png,99,59,Smoke,1689,575,1788,634
1257.png,50,128,Smoke,1431,417,1481,545
1257.png,84,67,Smoke,1760,375,1844,442
1257.png,55,80,Smoke,546,424,601,504
1257.png,23,113,Smoke,1212,466,1235,579
1257.png,57,57,Smoke,1773,313,1830,370
1258.png,80,48,Smoke,414,514,494,562
1258.png,101,107,Smoke,635,446,736,553
1258.png,97,82,Smoke,815,459,912,541
1258.png,130,227,Smoke,1015,328,1145,555
1258.png,32,158,Smoke,963,376,995,534
1258.png,29,218,Smoke,1164,335,1193,553
1258.png,124,174,Smoke,1255,377,1379,551
1258.png,179,109,Smoke,1741,458,1920,567
1258.png,76,250,Smoke,1613,387,1689,637
1258.png,99,59,Smoke,1689,575,1788,634
1258.png,50,128,Smoke,1431,417,1481,545
1258.png,84,67,Smoke,1760,375,1844,442
1258.png,55,80,Smoke,546,424,601,504
1258.png,23,113,Smoke,1212,466,1235,579
1258.png,57,57,Smoke,1773,313,1830,370
1259.png,80,48,Smoke,414,514,494,562
1259.png,101,107,Smoke,635,446,736,553
1259.png,97,82,Smoke,815,460,912,542
1259.png,130,227,Smoke,1015,328,1145,555
1259.png,32,158,Smoke,963,376,995,534
1259.png,29,218,Smoke,1164,337,1193,555
1259.png,124,174,Smoke,1255,377,1379,551
1259.png,179,109,Smoke,1741,458,1920,567
1259.png,76,250,Smoke,1613,387,1689,637
1259.png,99,59,Smoke,1689,575,1788,634
1259.png,50,128,Smoke,1431,417,1481,545
1259.png,84,67,Smoke,1760,375,1844,442
1259.png,55,80,Smoke,546,424,601,504
1259.png,23,113,Smoke,1212,466,1235,579
1259.png,57,57,Smoke,1773,313,1830,370
1260.png,80,48,Smoke,414,514,494,562
1260.png,101,107,Smoke,635,446,736,553
1260.png,97,82,Smoke,815,459,912,541
1260.png,130,227,Smoke,1015,329,1145,556
1260.png,32,158,Smoke,963,376,995,534
1260.png,29,218,Smoke,1164,335,1193,553
1260.png,124,174,Smoke,1255,377,1379,551
1260.png,179,109,Smoke,1741,458,1920,567
1260.png,76,250,Smoke,1613,387,1689,637
1260.png,99,59,Smoke,1689,575,1788,634
1260.png,50,128,Smoke,1431,417,1481,545
1260.png,84,67,Smoke,1760,374,1844,441
1260.png,55,80,Smoke,546,424,601,504
1260.png,23,113,Smoke,1212,466,1235,579
1260.png,57,57,Smoke,1773,313,1830,370
1261.png,80,48,Smoke,414,514,494,562
1261.png,101,107,Smoke,635,446,736,553
1261.png,97,82,Smoke,815,459,912,541
1261.png,130,227,Smoke,1015,328,1145,555
1261.png,32,158,Smoke,963,376,995,534
1261.png,29,218,Smoke,1164,335,1193,553
1261.png,124,174,Smoke,1255,377,1379,551
1261.png,179,109,Smoke,1741,458,1920,567
1261.png,76,250,Smoke,1614,387,1690,637
1261.png,99,59,Smoke,1689,575,1788,634
1261.png,50,128,Smoke,1431,417,1481,545
1261.png,84,67,Smoke,1760,375,1844,442
1261.png,55,80,Smoke,546,424,601,504
1261.png,23,113,Smoke,1212,466,1235,579
1261.png,57,57,Smoke,1773,313,1830,370
1261.png,55,80,Smoke,546,424,601,504
1261.png,23,113,Smoke,1212,466,1235,579
1262.png,80,48,Smoke,414,514,494,562
1262.png,101,107,Smoke,635,446,736,553
1262.png,97,82,Smoke,815,459,912,541
1262.png,130,227,Smoke,1016,328,1146,555
1262.png,32,158,Smoke,963,376,995,534
1262.png,29,218,Smoke,1164,335,1193,553
1262.png,124,174,Smoke,1255,377,1379,551
1262.png,179,109,Smoke,1741,458,1920,567
1262.png,76,250,Smoke,1614,387,1690,637
1262.png,99,59,Smoke,1689,575,1788,634
1262.png,50,128,Smoke,1431,418,1481,546
1262.png,84,67,Smoke,1760,375,1844,442
1262.png,57,57,Smoke,1773,313,1830,370
1262.png,55,80,Smoke,546,424,601,504
1262.png,23,113,Smoke,1212,466,1235,579
1263.png,80,48,Smoke,414,514,494,562
1263.png,101,107,Smoke,635,446,736,553
1263.png,97,82,Smoke,814,459,911,541
1263.png,130,227,Smoke,1016,328,1146,555
1263.png,32,158,Smoke,963,376,995,534
1263.png,29,218,Smoke,1164,335,1193,553
1263.png,124,174,Smoke,1255,377,1379,551
1263.png,179,109,Smoke,1741,458,1920,567
1263.png,76,250,Smoke,1614,387,1690,637
1263.png,99,59,Smoke,1689,575,1788,634
1263.png,50,128,Smoke,1431,417,1481,545
1263.png,84,67,Smoke,1760,375,1844,442
1263.png,57,57,Smoke,1773,313,1830,370
1264.png,80,48,Smoke,414,514,494,562
1264.png,101,107,Smoke,635,446,736,553
1264.png,97,82,Smoke,815,459,912,541
1264.png,130,227,Smoke,1017,328,1147,555
1264.png,32,158,Smoke,963,376,995,534
1264.png,29,218,Smoke,1164,337,1193,555
1264.png,124,174,Smoke,1255,377,1379,551
1264.png,179,109,Smoke,1741,458,1920,567
1264.png,76,250,Smoke,1614,387,1690,637
1264.png,99,59,Smoke,1689,575,1788,634
1264.png,50,128,Smoke,1431,417,1481,545
1264.png,84,67,Smoke,1760,375,1844,442
1264.png,55,80,Smoke,546,424,601,504
1264.png,23,113,Smoke,1212,466,1235,579
1264.png,57,57,Smoke,1773,313,1830,370
1265.png,80,48,Smoke,414,514,494,562
1265.png,101,107,Smoke,635,446,736,553
1265.png,97,82,Smoke,815,458,912,540
1265.png,130,227,Smoke,1016,328,1146,555
1265.png,32,158,Smoke,963,376,995,534
1265.png,29,218,Smoke,1164,337,1193,555
1265.png,124,174,Smoke,1255,377,1379,551
1265.png,179,109,Smoke,1741,458,1920,567
1265.png,76,250,Smoke,1614,387,1690,637
1265.png,99,59,Smoke,1689,575,1788,634
1265.png,50,128,Smoke,1431,417,1481,545
1265.png,84,67,Smoke,1760,375,1844,442
1265.png,55,80,Smoke,546,424,601,504
1265.png,23,113,Smoke,1212,466,1235,579
1265.png,57,57,Smoke,1773,313,1830,370
1266.png,80,48,Smoke,414,514,494,562
1266.png,101,107,Smoke,635,446,736,553
1266.png,97,82,Smoke,815,458,912,540
1266.png,130,227,Smoke,1016,328,1146,555
1266.png,32,158,Smoke,963,376,995,534
1266.png,29,218,Smoke,1164,335,1193,553
1266.png,124,174,Smoke,1255,377,1379,551
1266.png,179,109,Smoke,1741,458,1920,567
1266.png,76,250,Smoke,1614,387,1690,637
1266.png,99,59,Smoke,1689,575,1788,634
1266.png,50,128,Smoke,1431,417,1481,545
1266.png,84,67,Smoke,1760,375,1844,442
1266.png,55,80,Smoke,546,424,601,504
1266.png,23,113,Smoke,1212,466,1235,579
1266.png,57,57,Smoke,1773,313,1830,370
1267.png,80,48,Smoke,414,514,494,562
1267.png,101,107,Smoke,635,446,736,553
1267.png,97,82,Smoke,815,459,912,541
1267.png,130,227,Smoke,1016,328,1146,555
1267.png,32,158,Smoke,963,376,995,534
1267.png,29,218,Smoke,1164,335,1193,553
1267.png,124,174,Smoke,1255,377,1379,551
1267.png,179,109,Smoke,1741,458,1920,567
1267.png,76,250,Smoke,1614,387,1690,637
1267.png,99,59,Smoke,1689,575,1788,634
1267.png,50,128,Smoke,1431,417,1481,545
1267.png,84,67,Smoke,1760,375,1844,442
1267.png,55,80,Smoke,546,424,601,504
1267.png,23,113,Smoke,1212,466,1235,579
1267.png,57,57,Smoke,1773,313,1830,370
1268.png,80,48,Smoke,414,514,494,562
1268.png,101,107,Smoke,635,446,736,553
1268.png,97,82,Smoke,815,459,912,541
1268.png,130,227,Smoke,1016,328,1146,555
1268.png,32,158,Smoke,963,376,995,534
1268.png,29,218,Smoke,1164,335,1193,553
1268.png,124,174,Smoke,1255,377,1379,551
1268.png,179,109,Smoke,1741,458,1920,567
1268.png,76,250,Smoke,1614,387,1690,637
1268.png,99,59,Smoke,1689,575,1788,634
1268.png,50,128,Smoke,1431,417,1481,545
1268.png,84,67,Smoke,1760,375,1844,442
1268.png,55,80,Smoke,546,424,601,504
1268.png,23,113,Smoke,1212,466,1235,579
1268.png,57,57,Smoke,1773,313,1830,370
1269.png,80,48,Smoke,414,514,494,562
1269.png,101,107,Smoke,635,446,736,553
1269.png,97,82,Smoke,815,459,912,541
1269.png,130,227,Smoke,1016,330,1146,557
1269.png,32,158,Smoke,963,376,995,534
1269.png,29,218,Smoke,1164,335,1193,553
1269.png,124,174,Smoke,1255,377,1379,551
1269.png,179,109,Smoke,1741,458,1920,567
1269.png,76,250,Smoke,1614,387,1690,637
1269.png,99,59,Smoke,1689,575,1788,634
1269.png,50,128,Smoke,1431,417,1481,545
1269.png,84,67,Smoke,1760,375,1844,442
1269.png,55,80,Smoke,546,424,601,504
1269.png,23,113,Smoke,1212,467,1235,580
1269.png,57,57,Smoke,1773,313,1830,370
1270.png,80,48,Smoke,414,514,494,562
1270.png,101,107,Smoke,635,446,736,553
1270.png,97,82,Smoke,815,458,912,540
1270.png,130,227,Smoke,1016,327,1146,554
1270.png,32,158,Smoke,963,376,995,534
1270.png,29,218,Smoke,1164,335,1193,553
1270.png,124,174,Smoke,1255,377,1379,551
1270.png,179,109,Smoke,1741,458,1920,567
1270.png,76,250,Smoke,1614,387,1690,637
1270.png,99,59,Smoke,1689,574,1788,633
1270.png,50,128,Smoke,1431,417,1481,545
1270.png,84,67,Smoke,1760,375,1844,442
1270.png,55,80,Smoke,546,424,601,504
1270.png,23,113,Smoke,1212,467,1235,580
1270.png,57,57,Smoke,1773,313,1830,370
1271.png,80,48,Smoke,414,514,494,562
1271.png,101,107,Smoke,635,446,736,553
1271.png,97,82,Smoke,815,458,912,540
1271.png,130,227,Smoke,1016,327,1146,554
1271.png,32,158,Smoke,963,376,995,534
1271.png,29,218,Smoke,1164,335,1193,553
1271.png,124,174,Smoke,1255,377,1379,551
1271.png,179,109,Smoke,1741,458,1920,567
1271.png,76,250,Smoke,1615,387,1691,637
1271.png,99,59,Smoke,1689,574,1788,633
1271.png,50,128,Smoke,1431,417,1481,545
1271.png,84,67,Smoke,1760,375,1844,442
1271.png,55,80,Smoke,546,424,601,504
1271.png,23,113,Smoke,1212,467,1235,580
1271.png,57,57,Smoke,1773,313,1830,370
1271.png,55,80,Smoke,546,424,601,504
1271.png,23,113,Smoke,1212,467,1235,580
1272.png,80,48,Smoke,414,514,494,562
1272.png,101,107,Smoke,635,446,736,553
1272.png,97,82,Smoke,815,458,912,540
1272.png,130,227,Smoke,1016,327,1146,554
1272.png,32,158,Smoke,963,376,995,534
1272.png,29,218,Smoke,1164,335,1193,553
1272.png,124,174,Smoke,1255,377,1379,551
1272.png,179,109,Smoke,1741,458,1920,567
1272.png,76,250,Smoke,1616,387,1692,637
1272.png,99,59,Smoke,1689,574,1788,633
1272.png,50,128,Smoke,1432,417,1482,545
1272.png,84,67,Smoke,1760,375,1844,442
1272.png,57,57,Smoke,1773,313,1830,370
1272.png,55,80,Smoke,546,424,601,504
1272.png,23,113,Smoke,1212,467,1235,580
1273.png,80,48,Smoke,414,514,494,562
1273.png,101,107,Smoke,635,446,736,553
1273.png,97,82,Smoke,815,458,912,540
1273.png,130,227,Smoke,1016,327,1146,554
1273.png,32,158,Smoke,963,376,995,534
1273.png,29,218,Smoke,1164,335,1193,553
1273.png,124,174,Smoke,1255,377,1379,551
1273.png,179,109,Smoke,1741,458,1920,567
1273.png,76,250,Smoke,1615,387,1691,637
1273.png,99,59,Smoke,1689,574,1788,633
1273.png,50,128,Smoke,1431,417,1481,545
1273.png,84,67,Smoke,1760,375,1844,442
1273.png,57,57,Smoke,1773,313,1830,370
1274.png,80,48,Smoke,414,514,494,562
1274.png,101,107,Smoke,635,446,736,553
1274.png,97,82,Smoke,815,458,912,540
1274.png,130,227,Smoke,1016,327,1146,554
1274.png,32,158,Smoke,963,376,995,534
1274.png,29,218,Smoke,1164,335,1193,553
1274.png,124,174,Smoke,1255,377,1379,551
1274.png,179,109,Smoke,1741,458,1920,567
1274.png,76,250,Smoke,1615,387,1691,637
1274.png,99,59,Smoke,1689,574,1788,633
1274.png,50,128,Smoke,1431,417,1481,545
1274.png,84,67,Smoke,1760,375,1844,442
1274.png,55,80,Smoke,546,424,601,504
1274.png,23,113,Smoke,1212,467,1235,580
1274.png,57,57,Smoke,1773,313,1830,370
1275.png,80,48,Smoke,414,514,494,562
1275.png,101,107,Smoke,635,446,736,553
1275.png,97,82,Smoke,815,458,912,540
1275.png,130,227,Smoke,1016,327,1146,554
1275.png,32,158,Smoke,963,376,995,534
1275.png,29,218,Smoke,1164,335,1193,553
1275.png,124,174,Smoke,1255,377,1379,551
1275.png,179,109,Smoke,1741,458,1920,567
1275.png,76,250,Smoke,1615,387,1691,637
1275.png,99,59,Smoke,1689,574,1788,633
1275.png,50,128,Smoke,1431,418,1481,546
1275.png,84,67,Smoke,1760,375,1844,442
1275.png,55,80,Smoke,546,424,601,504
1275.png,23,113,Smoke,1212,467,1235,580
1275.png,57,57,Smoke,1773,313,1830,370
1276.png,80,48,Smoke,414,514,494,562
1276.png,101,107,Smoke,635,446,736,553
1276.png,97,82,Smoke,815,458,912,540
1276.png,130,227,Smoke,1017,327,1147,554
1276.png,32,158,Smoke,963,376,995,534
1276.png,29,218,Smoke,1164,335,1193,553
1276.png,124,174,Smoke,1255,377,1379,551
1276.png,179,109,Smoke,1741,458,1920,567
1276.png,76,250,Smoke,1616,387,1692,637
1276.png,99,59,Smoke,1689,574,1788,633
1276.png,50,128,Smoke,1431,417,1481,545
1276.png,84,67,Smoke,1760,375,1844,442
1276.png,55,80,Smoke,546,424,601,504
1276.png,23,113,Smoke,1212,467,1235,580
1276.png,57,57,Smoke,1773,313,1830,370
1277.png,80,48,Smoke,414,514,494,562
1277.png,101,107,Smoke,635,446,736,553
1277.png,90,67,Smoke,815,492,905,559
1277.png,130,227,Smoke,1017,327,1147,554
1277.png,32,158,Smoke,963,376,995,534
1277.png,29,218,Smoke,1164,335,1193,553
1277.png,124,174,Smoke,1255,377,1379,551
1277.png,179,109,Smoke,1741,458,1920,567
1277.png,76,250,Smoke,1615,388,1691,638
1277.png,99,59,Smoke,1689,574,1788,633
1277.png,50,128,Smoke,1431,417,1481,545
1277.png,84,67,Smoke,1760,375,1844,442
1277.png,55,80,Smoke,546,424,601,504
1277.png,23,113,Smoke,1212,469,1235,582
1277.png,57,57,Smoke,1773,313,1830,370
1278.png,80,48,Smoke,414,514,494,562
1278.png,101,107,Smoke,635,446,736,553
1278.png,90,67,Smoke,815,492,905,559
1278.png,130,227,Smoke,1017,327,1147,554
1278.png,32,158,Smoke,963,376,995,534
1278.png,29,218,Smoke,1164,335,1193,553
1278.png,124,174,Smoke,1255,377,1379,551
1278.png,179,109,Smoke,1741,458,1920,567
1278.png,76,250,Smoke,1615,387,1691,637
1278.png,99,59,Smoke,1689,574,1788,633
1278.png,50,128,Smoke,1431,417,1481,545
1278.png,84,67,Smoke,1760,375,1844,442
1278.png,55,80,Smoke,546,424,601,504
1278.png,23,113,Smoke,1212,467,1235,580
1278.png,57,57,Smoke,1773,313,1830,370
1279.png,80,48,Smoke,414,514,494,562
1279.png,101,107,Smoke,635,446,736,553
1279.png,90,67,Smoke,815,493,905,560
1279.png,130,227,Smoke,1017,326,1147,553
1279.png,32,158,Smoke,963,376,995,534
1279.png,29,218,Smoke,1164,335,1193,553
1279.png,124,174,Smoke,1255,377,1379,551
1279.png,179,109,Smoke,1741,458,1920,567
1279.png,76,250,Smoke,1615,387,1691,637
1279.png,99,59,Smoke,1689,573,1788,632
1279.png,50,128,Smoke,1431,418,1481,546
1279.png,84,67,Smoke,1760,375,1844,442
1279.png,55,80,Smoke,546,424,601,504
1279.png,23,113,Smoke,1212,467,1235,580
1279.png,57,57,Smoke,1773,313,1830,370
1280.png,80,48,Smoke,414,514,494,562
1280.png,101,107,Smoke,635,446,736,553
1280.png,90,67,Smoke,815,491,905,558
1280.png,130,227,Smoke,1017,326,1147,553
1280.png,32,158,Smoke,963,376,995,534
1280.png,29,218,Smoke,1164,335,1193,553
1280.png,124,174,Smoke,1255,377,1379,551
1280.png,179,109,Smoke,1741,458,1920,567
1280.png,76,250,Smoke,1615,386,1691,636
1280.png,99,59,Smoke,1689,574,1788,633
1280.png,50,128,Smoke,1431,418,1481,546
1280.png,84,67,Smoke,1760,375,1844,442
1280.png,55,80,Smoke,546,424,601,504
1280.png,23,113,Smoke,1212,466,1235,579
1280.png,57,57,Smoke,1773,313,1830,370
1281.png,80,48,Smoke,414,514,494,562
1281.png,101,107,Smoke,635,446,736,553
1281.png,90,67,Smoke,815,493,905,560
1281.png,130,227,Smoke,1017,327,1147,554
1281.png,32,158,Smoke,963,376,995,534
1281.png,29,218,Smoke,1164,335,1193,553
1281.png,124,174,Smoke,1255,377,1379,551
1281.png,179,109,Smoke,1741,458,1920,567
1281.png,76,250,Smoke,1616,387,1692,637
1281.png,99,59,Smoke,1689,574,1788,633
1281.png,50,128,Smoke,1431,418,1481,546
1281.png,84,67,Smoke,1760,375,1844,442
1281.png,55,80,Smoke,546,424,601,504
1281.png,23,113,Smoke,1212,466,1235,579
1281.png,57,57,Smoke,1773,313,1830,370
1281.png,55,80,Smoke,546,424,601,504
1281.png,23,113,Smoke,1212,466,1235,579
1282.png,80,48,Smoke,414,514,494,562
1282.png,101,107,Smoke,635,446,736,553
1282.png,90,67,Smoke,815,493,905,560
1282.png,130,227,Smoke,1017,326,1147,553
1282.png,32,158,Smoke,963,376,995,534
1282.png,29,218,Smoke,1164,335,1193,553
1282.png,124,174,Smoke,1255,377,1379,551
1282.png,179,109,Smoke,1741,458,1920,567
1282.png,76,250,Smoke,1617,387,1693,637
1282.png,99,59,Smoke,1689,574,1788,633
1282.png,50,128,Smoke,1431,418,1481,546
1282.png,84,67,Smoke,1760,375,1844,442
1282.png,57,57,Smoke,1773,313,1830,370
1282.png,55,80,Smoke,546,424,601,504
1282.png,23,113,Smoke,1212,466,1235,579
1283.png,80,48,Smoke,414,514,494,562
1283.png,101,107,Smoke,635,446,736,553
1283.png,90,67,Smoke,815,493,905,560
1283.png,130,227,Smoke,1017,327,1147,554
1283.png,32,158,Smoke,963,376,995,534
1283.png,29,218,Smoke,1164,335,1193,553
1283.png,124,174,Smoke,1255,377,1379,551
1283.png,179,109,Smoke,1741,458,1920,567
1283.png,76,250,Smoke,1617,387,1693,637
1283.png,99,59,Smoke,1689,574,1788,633
1283.png,50,128,Smoke,1431,418,1481,546
1283.png,84,67,Smoke,1760,375,1844,442
1283.png,57,57,Smoke,1773,313,1830,370
1284.png,80,48,Smoke,414,514,494,562
1284.png,101,107,Smoke,635,446,736,553
1284.png,90,67,Smoke,815,494,905,561
1284.png,130,227,Smoke,1017,326,1147,553
1284.png,32,158,Smoke,963,376,995,534
1284.png,29,218,Smoke,1164,335,1193,553
1284.png,124,174,Smoke,1255,377,1379,551
1284.png,179,109,Smoke,1741,458,1920,567
1284.png,76,250,Smoke,1616,387,1692,637
1284.png,99,59,Smoke,1689,574,1788,633
1284.png,50,128,Smoke,1431,418,1481,546
1284.png,84,67,Smoke,1760,375,1844,442
1284.png,55,80,Smoke,546,424,601,504
1284.png,23,113,Smoke,1212,466,1235,579
1284.png,57,57,Smoke,1773,313,1830,370
1285.png,80,48,Smoke,414,514,494,562
1285.png,101,107,Smoke,635,446,736,553
1285.png,90,67,Smoke,815,492,905,559
1285.png,130,227,Smoke,1017,329,1147,556
1285.png,32,158,Smoke,963,376,995,534
1285.png,29,218,Smoke,1164,335,1193,553
1285.png,124,174,Smoke,1255,377,1379,551
1285.png,179,109,Smoke,1741,458,1920,567
1285.png,76,250,Smoke,1616,386,1692,636
1285.png,99,59,Smoke,1689,574,1788,633
1285.png,50,128,Smoke,1431,418,1481,546
1285.png,84,67,Smoke,1760,375,1844,442
1285.png,55,80,Smoke,546,424,601,504
1285.png,23,113,Smoke,1212,466,1235,579
1285.png,57,57,Smoke,1773,313,1830,370
1286.png,80,48,Smoke,414,514,494,562
1286.png,101,107,Smoke,635,446,736,553
1286.png,90,67,Smoke,815,492,905,559
1286.png,130,227,Smoke,1017,330,1147,557
1286.png,32,170,Smoke,962,376,994,546
1286.png,29,218,Smoke,1164,335,1193,553
1286.png,124,174,Smoke,1255,377,1379,551
1286.png,179,109,Smoke,1741,458,1920,567
1286.png,76,250,Smoke,1615,385,1691,635
1286.png,99,59,Smoke,1689,574,1788,633
1286.png,50,128,Smoke,1431,418,1481,546
1286.png,84,67,Smoke,1760,375,1844,442
1286.png,55,80,Smoke,546,424,601,504
1286.png,23,113,Smoke,1212,466,1235,579
1286.png,57,57,Smoke,1773,313,1830,370
1287.png,80,48,Smoke,414,514,494,562
1287.png,101,107,Smoke,635,446,736,553
1287.png,90,67,Smoke,815,492,905,559
1287.png,130,227,Smoke,1017,329,1147,556
1287.png,32,170,Smoke,962,376,994,546
1287.png,29,218,Smoke,1164,335,1193,553
1287.png,124,174,Smoke,1255,377,1379,551
1287.png,179,109,Smoke,1741,458,1920,567
1287.png,76,250,Smoke,1615,385,1691,635
1287.png,99,59,Smoke,1689,574,1788,633
1287.png,50,128,Smoke,1431,418,1481,546
1287.png,84,67,Smoke,1760,375,1844,442
1287.png,55,80,Smoke,546,424,601,504
1287.png,23,113,Smoke,1212,466,1235,579
1287.png,57,57,Smoke,1773,313,1830,370
1288.png,80,48,Smoke,414,514,494,562
1288.png,101,107,Smoke,635,446,736,553
1288.png,90,67,Smoke,815,491,905,558
1288.png,130,227,Smoke,1017,328,1147,555
1288.png,32,170,Smoke,962,376,994,546
1288.png,29,218,Smoke,1164,335,1193,553
1288.png,124,174,Smoke,1255,377,1379,551
1288.png,179,109,Smoke,1741,458,1920,567
1288.png,76,250,Smoke,1615,385,1691,635
1288.png,99,59,Smoke,1689,575,1788,634
1288.png,50,128,Smoke,1431,418,1481,546
1288.png,84,67,Smoke,1760,375,1844,442
1288.png,55,80,Smoke,546,424,601,504
1288.png,23,113,Smoke,1212,466,1235,579
1288.png,57,57,Smoke,1773,313,1830,370
1289.png,80,48,Smoke,414,514,494,562
1289.png,101,107,Smoke,635,446,736,553
1289.png,90,67,Smoke,815,492,905,559
1289.png,130,227,Smoke,1017,327,1147,554
1289.png,32,170,Smoke,962,376,994,546
1289.png,29,218,Smoke,1164,335,1193,553
1289.png,124,174,Smoke,1255,377,1379,551
1289.png,179,109,Smoke,1741,458,1920,567
1289.png,76,250,Smoke,1615,385,1691,635
1289.png,99,59,Smoke,1689,575,1788,634
1289.png,50,128,Smoke,1431,418,1481,546
1289.png,84,67,Smoke,1760,375,1844,442
1289.png,55,80,Smoke,546,424,601,504
1289.png,23,113,Smoke,1212,466,1235,579
1289.png,57,57,Smoke,1773,313,1830,370
1290.png,80,48,Smoke,414,514,494,562
1290.png,101,107,Smoke,635,446,736,553
1290.png,90,67,Smoke,815,492,905,559
1290.png,130,227,Smoke,1018,324,1148,551
1290.png,32,170,Smoke,962,376,994,546
1290.png,29,218,Smoke,1164,335,1193,553
1290.png,124,174,Smoke,1255,377,1379,551
1290.png,179,109,Smoke,1741,458,1920,567
1290.png,76,250,Smoke,1615,385,1691,635
1290.png,99,59,Smoke,1689,575,1788,634
1290.png,50,128,Smoke,1431,418,1481,546
1290.png,84,67,Smoke,1760,375,1844,442
1290.png,55,80,Smoke,546,424,601,504
1290.png,23,113,Smoke,1212,466,1235,579
1290.png,57,57,Smoke,1773,313,1830,370
1291.png,80,48,Smoke,414,514,494,562
1291.png,101,107,Smoke,635,446,736,553
1291.png,90,67,Smoke,815,492,905,559
1291.png,130,227,Smoke,1017,327,1147,554
1291.png,32,170,Smoke,962,376,994,546
1291.png,29,218,Smoke,1164,335,1193,553
1291.png,124,174,Smoke,1255,377,1379,551
1291.png,179,109,Smoke,1741,458,1920,567
1291.png,76,250,Smoke,1616,385,1692,635
1291.png,99,59,Smoke,1689,574,1788,633
1291.png,50,128,Smoke,1431,418,1481,546
1291.png,84,67,Smoke,1760,375,1844,442
1291.png,55,80,Smoke,546,424,601,504
1291.png,23,113,Smoke,1212,466,1235,579
1291.png,57,57,Smoke,1773,313,1830,370
1291.png,55,80,Smoke,546,424,601,504
1291.png,23,113,Smoke,1212,466,1235,579
1292.png,80,48,Smoke,414,514,494,562
1292.png,101,107,Smoke,635,446,736,553
1292.png,90,67,Smoke,815,492,905,559
1292.png,130,227,Smoke,1018,326,1148,553
1292.png,32,170,Smoke,962,376,994,546
1292.png,29,218,Smoke,1164,335,1193,553
1292.png,124,174,Smoke,1255,377,1379,551
1292.png,179,109,Smoke,1741,458,1920,567
1292.png,76,250,Smoke,1616,385,1692,635
1292.png,99,59,Smoke,1689,574,1788,633
1292.png,50,128,Smoke,1431,417,1481,545
1292.png,84,67,Smoke,1760,375,1844,442
1292.png,57,57,Smoke,1773,313,1830,370
1292.png,55,80,Smoke,546,424,601,504
1292.png,23,113,Smoke,1212,466,1235,579
1293.png,80,48,Smoke,414,514,494,562
1293.png,101,107,Smoke,635,446,736,553
1293.png,90,67,Smoke,815,492,905,559
1293.png,130,227,Smoke,1017,327,1147,554
1293.png,32,170,Smoke,962,376,994,546
1293.png,29,218,Smoke,1164,335,1193,553
1293.png,124,174,Smoke,1255,377,1379,551
1293.png,179,109,Smoke,1741,458,1920,567
1293.png,76,250,Smoke,1616,385,1692,635
1293.png,99,59,Smoke,1689,574,1788,633
1293.png,50,128,Smoke,1431,418,1481,546
1293.png,84,67,Smoke,1760,375,1844,442
1293.png,57,57,Smoke,1773,313,1830,370
1294.png,80,48,Smoke,414,514,494,562
1294.png,101,107,Smoke,635,446,736,553
1294.png,90,67,Smoke,815,492,905,559
1294.png,130,227,Smoke,1017,328,1147,555
1294.png,32,170,Smoke,962,376,994,546
1294.png,29,218,Smoke,1164,335,1193,553
1294.png,124,174,Smoke,1255,377,1379,551
1294.png,179,109,Smoke,1741,458,1920,567
1294.png,76,250,Smoke,1616,384,1692,634
1294.png,99,59,Smoke,1689,574,1788,633
1294.png,50,128,Smoke,1431,417,1481,545
1294.png,84,67,Smoke,1760,375,1844,442
1294.png,55,80,Smoke,546,424,601,504
1294.png,23,113,Smoke,1212,466,1235,579
1294.png,57,57,Smoke,1773,313,1830,370
1295.png,80,48,Smoke,414,514,494,562
1295.png,101,107,Smoke,635,446,736,553
1295.png,90,67,Smoke,815,492,905,559
1295.png,130,227,Smoke,1017,327,1147,554
1295.png,32,170,Smoke,962,376,994,546
1295.png,29,218,Smoke,1164,335,1193,553
1295.png,124,174,Smoke,1255,377,1379,551
1295.png,179,109,Smoke,1741,458,1920,567
1295.png,76,250,Smoke,1617,385,1693,635
1295.png,99,59,Smoke,1689,574,1788,633
1295.png,50,128,Smoke,1431,417,1481,545
1295.png,84,67,Smoke,1760,375,1844,442
1295.png,55,80,Smoke,546,424,601,504
1295.png,23,113,Smoke,1212,465,1235,578
1295.png,57,57,Smoke,1773,313,1830,370
1296.png,80,48,Smoke,414,514,494,562
1296.png,101,107,Smoke,635,446,736,553
1296.png,90,67,Smoke,815,492,905,559
1296.png,130,227,Smoke,1017,328,1147,555
1296.png,32,170,Smoke,962,376,994,546
1296.png,29,218,Smoke,1164,335,1193,553
1296.png,124,174,Smoke,1255,377,1379,551
1296.png,179,109,Smoke,1741,458,1920,567
1296.png,76,250,Smoke,1616,384,1692,634
1296.png,99,59,Smoke,1689,574,1788,633
1296.png,50,128,Smoke,1431,417,1481,545
1296.png,84,67,Smoke,1760,375,1844,442
1296.png,55,80,Smoke,546,424,601,504
1296.png,23,113,Smoke,1212,466,1235,579
1296.png,57,57,Smoke,1773,313,1830,370
1297.png,80,48,Smoke,414,514,494,562
1297.png,101,107,Smoke,635,446,736,553
1297.png,90,67,Smoke,816,492,906,559
1297.png,130,227,Smoke,1017,327,1147,554
1297.png,32,170,Smoke,962,376,994,546
1297.png,29,218,Smoke,1164,335,1193,553
1297.png,124,174,Smoke,1255,377,1379,551
1297.png,179,109,Smoke,1741,458,1920,567
1297.png,76,250,Smoke,1617,385,1693,635
1297.png,99,59,Smoke,1689,574,1788,633
1297.png,50,128,Smoke,1431,417,1481,545
1297.png,84,67,Smoke,1760,375,1844,442
1297.png,55,80,Smoke,546,424,601,504
1297.png,23,113,Smoke,1212,466,1235,579
1297.png,57,57,Smoke,1773,313,1830,370
1298.png,80,48,Smoke,414,514,494,562
1298.png,101,107,Smoke,635,446,736,553
1298.png,90,67,Smoke,815,492,905,559
1298.png,130,227,Smoke,1017,328,1147,555
1298.png,32,170,Smoke,962,376,994,546
1298.png,29,218,Smoke,1164,335,1193,553
1298.png,124,174,Smoke,1255,377,1379,551
1298.png,179,109,Smoke,1741,458,1920,567
1298.png,76,250,Smoke,1617,385,1693,635
1298.png,99,59,Smoke,1689,574,1788,633
1298.png,50,128,Smoke,1431,418,1481,546
1298.png,84,67,Smoke,1760,375,1844,442
1298.png,55,80,Smoke,546,424,601,504
1298.png,23,113,Smoke,1212,466,1235,579
1298.png,57,57,Smoke,1773,313,1830,370
1299.png,80,48,Smoke,414,514,494,562
1299.png,101,107,Smoke,635,446,736,553
1299.png,90,67,Smoke,815,491,905,558
1299.png,130,227,Smoke,1017,327,1147,554
1299.png,32,170,Smoke,962,378,994,548
1299.png,29,218,Smoke,1164,335,1193,553
1299.png,124,174,Smoke,1255,377,1379,551
1299.png,179,109,Smoke,1741,458,1920,567
1299.png,76,250,Smoke,1617,385,1693,635
1299.png,99,59,Smoke,1689,574,1788,633
1299.png,50,128,Smoke,1431,418,1481,546
1299.png,84,67,Smoke,1760,375,1844,442
1299.png,55,80,Smoke,546,424,601,504
1299.png,23,113,Smoke,1212,465,1235,578
1299.png,57,57,Smoke,1773,313,1830,370
1300.png,80,48,Smoke,414,514,494,562
1300.png,101,107,Smoke,635,446,736,553
1300.png,90,67,Smoke,815,492,905,559
1300.png,130,227,Smoke,1017,328,1147,555
1300.png,32,170,Smoke,962,375,994,545
1300.png,29,218,Smoke,1164,335,1193,553
1300.png,124,174,Smoke,1255,377,1379,551
1300.png,179,109,Smoke,1741,458,1920,567
1300.png,76,250,Smoke,1617,385,1693,635
1300.png,99,59,Smoke,1689,574,1788,633
1300.png,50,128,Smoke,1431,418,1481,546
1300.png,84,67,Smoke,1760,375,1844,442
1300.png,55,80,Smoke,546,424,601,504
1300.png,23,113,Smoke,1212,466,1235,579
1300.png,57,57,Smoke,1773,313,1830,370
1301.png,80,48,Smoke,414,514,494,562
1301.png,101,107,Smoke,635,446,736,553
1301.png,90,67,Smoke,815,492,905,559
1301.png,130,227,Smoke,1018,325,1148,552
1301.png,32,170,Smoke,962,378,994,548
1301.png,29,218,Smoke,1164,335,1193,553
1301.png,124,174,Smoke,1255,377,1379,551
1301.png,179,109,Smoke,1741,458,1920,567
1301.png,76,250,Smoke,1617,385,1693,635
1301.png,99,59,Smoke,1689,574,1788,633
1301.png,50,128,Smoke,1431,418,1481,546
1301.png,84,67,Smoke,1760,375,1844,442
1301.png,55,80,Smoke,546,424,601,504
1301.png,23,113,Smoke,1212,466,1235,579
1301.png,57,57,Smoke,1773,313,1830,370
1301.png,55,80,Smoke,546,424,601,504
1301.png,23,113,Smoke,1212,466,1235,579
1302.png,80,48,Smoke,414,514,494,562
1302.png,101,107,Smoke,635,446,736,553
1302.png,90,67,Smoke,815,492,905,559
1302.png,130,227,Smoke,1019,324,1149,551
1302.png,32,170,Smoke,962,378,994,548
1302.png,29,218,Smoke,1164,335,1193,553
1302.png,124,174,Smoke,1255,377,1379,551
1302.png,179,109,Smoke,1741,458,1920,567
1302.png,76,250,Smoke,1618,385,1694,635
1302.png,99,59,Smoke,1689,574,1788,633
1302.png,50,128,Smoke,1431,418,1481,546
1302.png,84,67,Smoke,1760,375,1844,442
1302.png,57,57,Smoke,1773,313,1830,370
1302.png,55,80,Smoke,546,424,601,504
1302.png,23,113,Smoke,1212,466,1235,579
1303.png,80,48,Smoke,414,514,494,562
1303.png,101,107,Smoke,635,446,736,553
1303.png,90,67,Smoke,815,492,905,559
1303.png,130,227,Smoke,1019,325,1149,552
1303.png,32,170,Smoke,962,378,994,548
1303.png,29,218,Smoke,1164,335,1193,553
1303.png,124,174,Smoke,1255,377,1379,551
1303.png,179,109,Smoke,1741,458,1920,567
1303.png,76,250,Smoke,1617,384,1693,634
1303.png,99,59,Smoke,1689,574,1788,633
1303.png,50,128,Smoke,1431,418,1481,546
1303.png,84,67,Smoke,1760,375,1844,442
1303.png,57,57,Smoke,1773,313,1830,370
1304.png,80,48,Smoke,414,514,494,562
1304.png,101,107,Smoke,635,446,736,553
1304.png,90,67,Smoke,815,491,905,558
1304.png,130,227,Smoke,1019,324,1149,551
1304.png,32,170,Smoke,962,378,994,548
1304.png,29,218,Smoke,1164,335,1193,553
1304.png,124,174,Smoke,1255,377,1379,551
1304.png,179,109,Smoke,1741,458,1920,567
1304.png,76,250,Smoke,1617,384,1693,634
1304.png,99,59,Smoke,1689,574,1788,633
1304.png,50,128,Smoke,1431,418,1481,546
1304.png,84,67,Smoke,1760,375,1844,442
1304.png,55,80,Smoke,546,424,601,504
1304.png,23,113,Smoke,1212,466,1235,579
1304.png,57,57,Smoke,1773,313,1830,370
1305.png,80,48,Smoke,414,514,494,562
1305.png,101,107,Smoke,635,446,736,553
1305.png,90,67,Smoke,815,491,905,558
1305.png,130,227,Smoke,1019,325,1149,552
1305.png,32,170,Smoke,962,378,994,548
1305.png,29,218,Smoke,1164,335,1193,553
1305.png,124,174,Smoke,1255,377,1379,551
1305.png,179,109,Smoke,1741,458,1920,567
1305.png,76,250,Smoke,1618,385,1694,635
1305.png,99,59,Smoke,1689,574,1788,633
1305.png,50,128,Smoke,1431,418,1481,546
1305.png,84,67,Smoke,1760,375,1844,442
1305.png,55,80,Smoke,546,424,601,504
1305.png,23,113,Smoke,1212,466,1235,579
1305.png,57,57,Smoke,1773,313,1830,370
1306.png,80,48,Smoke,414,514,494,562
1306.png,101,107,Smoke,635,446,736,553
1306.png,90,67,Smoke,815,491,905,558
1306.png,130,227,Smoke,1019,324,1149,551
1306.png,32,170,Smoke,962,378,994,548
1306.png,29,218,Smoke,1164,335,1193,553
1306.png,124,174,Smoke,1255,377,1379,551
1306.png,179,109,Smoke,1741,458,1920,567
1306.png,76,250,Smoke,1617,384,1693,634
1306.png,99,59,Smoke,1690,574,1789,633
1306.png,50,128,Smoke,1431,418,1481,546
1306.png,84,67,Smoke,1760,375,1844,442
1306.png,55,80,Smoke,546,424,601,504
1306.png,23,113,Smoke,1212,466,1235,579
1306.png,57,57,Smoke,1773,313,1830,370
1307.png,80,48,Smoke,414,514,494,562
1307.png,101,107,Smoke,635,446,736,553
1307.png,90,67,Smoke,815,491,905,558
1307.png,130,227,Smoke,1019,325,1149,552
1307.png,32,170,Smoke,962,378,994,548
1307.png,29,218,Smoke,1164,335,1193,553
1307.png,124,174,Smoke,1255,377,1379,551
1307.png,179,109,Smoke,1741,458,1920,567
1307.png,76,250,Smoke,1618,385,1694,635
1307.png,99,59,Smoke,1690,574,1789,633
1307.png,50,128,Smoke,1431,418,1481,546
1307.png,84,67,Smoke,1760,375,1844,442
1307.png,55,80,Smoke,546,424,601,504
1307.png,23,113,Smoke,1212,466,1235,579
1307.png,57,57,Smoke,1773,313,1830,370
1308.png,80,48,Smoke,414,514,494,562
1308.png,101,107,Smoke,635,446,736,553
1308.png,90,67,Smoke,815,491,905,558
1308.png,130,227,Smoke,1020,324,1150,551
1308.png,32,170,Smoke,962,378,994,548
1308.png,29,218,Smoke,1164,335,1193,553
1308.png,124,174,Smoke,1255,377,1379,551
1308.png,179,109,Smoke,1741,458,1920,567
1308.png,76,250,Smoke,1617,384,1693,634
1308.png,99,59,Smoke,1690,574,1789,633
1308.png,50,128,Smoke,1431,419,1481,547
1308.png,84,67,Smoke,1760,375,1844,442
1308.png,55,80,Smoke,546,424,601,504
1308.png,23,113,Smoke,1212,466,1235,579
1308.png,57,57,Smoke,1773,313,1830,370
1309.png,80,48,Smoke,414,514,494,562
1309.png,101,107,Smoke,635,446,736,553
1309.png,90,67,Smoke,815,491,905,558
1309.png,130,227,Smoke,1019,325,1149,552
1309.png,32,170,Smoke,962,378,994,548
1309.png,29,218,Smoke,1164,335,1193,553
1309.png,124,174,Smoke,1255,377,1379,551
1309.png,179,109,Smoke,1741,458,1920,567
1309.png,76,250,Smoke,1618,385,1694,635
1309.png,99,59,Smoke,1689,574,1788,633
1309.png,50,128,Smoke,1431,419,1481,547
1309.png,84,67,Smoke,1760,375,1844,442
1309.png,55,80,Smoke,546,424,601,504
1309.png,23,113,Smoke,1212,466,1235,579
1309.png,57,57,Smoke,1773,313,1830,370
1310.png,80,48,Smoke,414,514,494,562
1310.png,101,107,Smoke,635,446,736,553
1310.png,90,67,Smoke,815,491,905,558
1310.png,130,227,Smoke,1019,324,1149,551
1310.png,32,170,Smoke,962,378,994,548
1310.png,29,218,Smoke,1164,335,1193,553
1310.png,124,174,Smoke,1255,377,1379,551
1310.png,179,109,Smoke,1741,458,1920,567
1310.png,76,250,Smoke,1617,384,1693,634
1310.png,99,59,Smoke,1689,574,1788,633
1310.png,50,128,Smoke,1431,419,1481,547
1310.png,84,67,Smoke,1760,375,1844,442
1310.png,55,80,Smoke,546,424,601,504
1310.png,23,113,Smoke,1212,466,1235,579
1310.png,57,57,Smoke,1773,313,1830,370
1311.png,80,48,Smoke,414,514,494,562
1311.png,101,107,Smoke,635,446,736,553
1311.png,90,67,Smoke,815,490,905,557
1311.png,130,227,Smoke,1019,325,1149,552
1311.png,32,170,Smoke,962,378,994,548
1311.png,29,218,Smoke,1164,335,1193,553
1311.png,124,174,Smoke,1255,377,1379,551
1311.png,179,109,Smoke,1741,458,1920,567
1311.png,76,250,Smoke,1617,383,1693,633
1311.png,99,59,Smoke,1689,574,1788,633
1311.png,50,128,Smoke,1431,419,1481,547
1311.png,84,67,Smoke,1760,375,1844,442
1311.png,55,80,Smoke,546,424,601,504
1311.png,23,113,Smoke,1212,466,1235,579
1311.png,57,57,Smoke,1773,313,1830,370
1311.png,55,80,Smoke,546,424,601,504
1311.png,23,113,Smoke,1212,466,1235,579
1312.png,80,48,Smoke,414,514,494,562
1312.png,101,107,Smoke,635,446,736,553
1312.png,90,67,Smoke,815,490,905,557
1312.png,130,227,Smoke,1020,324,1150,551
1312.png,32,170,Smoke,962,378,994,548
1312.png,29,218,Smoke,1164,335,1193,553
1312.png,124,174,Smoke,1255,377,1379,551
1312.png,179,109,Smoke,1741,458,1920,567
1312.png,76,250,Smoke,1616,383,1692,633
1312.png,99,59,Smoke,1689,574,1788,633
1312.png,50,128,Smoke,1431,419,1481,547
1312.png,84,67,Smoke,1760,375,1844,442
1312.png,57,57,Smoke,1773,313,1830,370
1312.png,55,80,Smoke,546,424,601,504
1312.png,23,113,Smoke,1212,466,1235,579
1313.png,80,48,Smoke,414,514,494,562
1313.png,101,107,Smoke,635,446,736,553
1313.png,90,67,Smoke,815,490,905,557
1313.png,130,227,Smoke,1019,325,1149,552
1313.png,32,170,Smoke,962,378,994,548
1313.png,29,218,Smoke,1164,335,1193,553
1313.png,124,174,Smoke,1255,377,1379,551
1313.png,179,109,Smoke,1741,458,1920,567
1313.png,76,250,Smoke,1618,383,1694,633
1313.png,99,59,Smoke,1689,574,1788,633
1313.png,50,128,Smoke,1431,419,1481,547
1313.png,84,67,Smoke,1760,375,1844,442
1313.png,57,57,Smoke,1773,313,1830,370
1314.png,80,48,Smoke,414,514,494,562
1314.png,101,107,Smoke,635,446,736,553
1314.png,90,67,Smoke,815,490,905,557
1314.png,130,227,Smoke,1020,324,1150,551
1314.png,32,170,Smoke,962,378,994,548
1314.png,29,218,Smoke,1164,335,1193,553
1314.png,124,174,Smoke,1255,377,1379,551
1314.png,179,109,Smoke,1741,458,1920,567
1314.png,76,250,Smoke,1616,383,1692,633
1314.png,99,59,Smoke,1689,574,1788,633
1314.png,50,128,Smoke,1431,419,1481,547
1314.png,84,67,Smoke,1760,375,1844,442
1314.png,55,80,Smoke,546,424,601,504
1314.png,23,113,Smoke,1212,466,1235,579
1314.png,57,57,Smoke,1773,313,1830,370
1315.png,80,48,Smoke,414,514,494,562
1315.png,101,107,Smoke,635,446,736,553
1315.png,90,67,Smoke,815,490,905,557
1315.png,130,227,Smoke,1019,325,1149,552
1315.png,32,170,Smoke,962,378,994,548
1315.png,29,218,Smoke,1164,335,1193,553
1315.png,124,174,Smoke,1255,377,1379,551
1315.png,179,109,Smoke,1741,458,1920,567
1315.png,76,250,Smoke,1616,383,1692,633
1315.png,99,59,Smoke,1689,575,1788,634
1315.png,50,128,Smoke,1431,419,1481,547
1315.png,84,67,Smoke,1760,375,1844,442
1315.png,55,80,Smoke,546,424,601,504
1315.png,23,113,Smoke,1212,466,1235,579
1315.png,57,57,Smoke,1773,313,1830,370
1316.png,80,48,Smoke,414,514,494,562
1316.png,101,107,Smoke,635,446,736,553
1316.png,90,67,Smoke,815,490,905,557
1316.png,130,227,Smoke,1019,324,1149,551
1316.png,32,170,Smoke,962,378,994,548
1316.png,29,218,Smoke,1164,335,1193,553
1316.png,124,174,Smoke,1255,377,1379,551
1316.png,179,109,Smoke,1741,458,1920,567
1316.png,76,250,Smoke,1618,383,1694,633
1316.png,99,59,Smoke,1689,575,1788,634
1316.png,50,128,Smoke,1431,419,1481,547
1316.png,84,67,Smoke,1760,375,1844,442
1316.png,55,80,Smoke,546,424,601,504
1316.png,23,113,Smoke,1212,465,1235,578
1316.png,57,57,Smoke,1773,313,1830,370
1317.png,80,48,Smoke,414,514,494,562
1317.png,101,107,Smoke,635,446,736,553
1317.png,90,67,Smoke,815,490,905,557
1317.png,130,227,Smoke,1020,323,1150,550
1317.png,32,170,Smoke,962,378,994,548
1317.png,29,218,Smoke,1164,335,1193,553
1317.png,124,174,Smoke,1255,377,1379,551
1317.png,179,109,Smoke,1741,458,1920,567
1317.png,76,250,Smoke,1618,383,1694,633
1317.png,99,59,Smoke,1690,575,1789,634
1317.png,50,128,Smoke,1431,419,1481,547
1317.png,84,67,Smoke,1760,375,1844,442
1317.png,55,80,Smoke,546,424,601,504
1317.png,23,113,Smoke,1212,465,1235,578
1317.png,57,57,Smoke,1773,313,1830,370
1318.png,80,48,Smoke,414,514,494,562
1318.png,101,107,Smoke,635,446,736,553
1318.png,90,67,Smoke,815,490,905,557
1318.png,130,227,Smoke,1019,324,1149,551
1318.png,32,170,Smoke,962,378,994,548
1318.png,29,218,Smoke,1164,335,1193,553
1318.png,124,174,Smoke,1255,377,1379,551
1318.png,179,109,Smoke,1741,459,1920,568
1318.png,76,250,Smoke,1618,383,1694,633
1318.png,99,59,Smoke,1689,575,1788,634
1318.png,50,128,Smoke,1431,419,1481,547
1318.png,84,67,Smoke,1760,375,1844,442
1318.png,55,80,Smoke,546,424,601,504
1318.png,23,113,Smoke,1212,466,1235,579
1318.png,57,57,Smoke,1773,313,1830,370
1319.png,80,48,Smoke,414,514,494,562
1319.png,101,107,Smoke,635,446,736,553
1319.png,90,67,Smoke,815,490,905,557
1319.png,130,227,Smoke,1019,325,1149,552
1319.png,32,170,Smoke,962,378,994,548
1319.png,29,218,Smoke,1164,335,1193,553
1319.png,124,174,Smoke,1255,377,1379,551
1319.png,179,109,Smoke,1741,458,1920,567
1319.png,76,250,Smoke,1618,383,1694,633
1319.png,99,59,Smoke,1689,575,1788,634
1319.png,50,128,Smoke,1431,419,1481,547
1319.png,84,67,Smoke,1760,375,1844,442
1319.png,55,80,Smoke,546,424,601,504
1319.png,23,113,Smoke,1212,466,1235,579
1319.png,57,57,Smoke,1773,313,1830,370
1320.png,80,48,Smoke,414,514,494,562
1320.png,101,107,Smoke,635,446,736,553
1320.png,90,67,Smoke,815,490,905,557
1320.png,130,227,Smoke,1019,324,1149,551
1320.png,32,170,Smoke,962,378,994,548
1320.png,29,218,Smoke,1164,335,1193,553
1320.png,124,174,Smoke,1255,377,1379,551
1320.png,179,109,Smoke,1741,458,1920,567
1320.png,76,250,Smoke,1618,383,1694,633
1320.png,99,59,Smoke,1689,575,1788,634
1320.png,50,128,Smoke,1431,419,1481,547
1320.png,84,67,Smoke,1760,375,1844,442
1320.png,55,80,Smoke,546,424,601,504
1320.png,23,113,Smoke,1212,466,1235,579
1320.png,57,57,Smoke,1773,313,1830,370
1321.png,80,48,Smoke,414,514,494,562
1321.png,101,107,Smoke,635,446,736,553
1321.png,90,67,Smoke,815,490,905,557
1321.png,130,227,Smoke,1020,323,1150,550
1321.png,32,170,Smoke,962,378,994,548
1321.png,29,218,Smoke,1164,335,1193,553
1321.png,124,174,Smoke,1255,377,1379,551
1321.png,179,109,Smoke,1741,458,1920,567
1321.png,76,250,Smoke,1616,383,1692,633
1321.png,99,59,Smoke,1689,575,1788,634
1321.png,50,128,Smoke,1431,419,1481,547
1321.png,84,67,Smoke,1760,375,1844,442
1321.png,55,80,Smoke,546,424,601,504
1321.png,23,113,Smoke,1212,465,1235,578
1321.png,57,57,Smoke,1773,313,1830,370
1321.png,55,80,Smoke,546,424,601,504
1321.png,23,151,Smoke,1212,426,1235,577
1322.png,80,48,Smoke,414,514,494,562
1322.png,101,107,Smoke,635,446,736,553
1322.png,90,67,Smoke,815,490,905,557
1322.png,130,227,Smoke,1020,324,1150,551
1322.png,32,170,Smoke,962,378,994,548
1322.png,29,218,Smoke,1164,335,1193,553
1322.png,124,174,Smoke,1255,377,1379,551
1322.png,179,109,Smoke,1741,458,1920,567
1322.png,76,250,Smoke,1616,383,1692,633
1322.png,99,59,Smoke,1689,575,1788,634
1322.png,50,128,Smoke,1431,419,1481,547
1322.png,141,67,Smoke,1760,376,1901,443
1322.png,57,57,Smoke,1773,313,1830,370
1322.png,55,80,Smoke,546,424,601,504
1322.png,23,151,Smoke,1212,427,1235,578
1323.png,80,48,Smoke,414,514,494,562
1323.png,101,107,Smoke,635,446,736,553
1323.png,90,67,Smoke,815,490,905,557
1323.png,130,227,Smoke,1021,323,1151,550
1323.png,32,170,Smoke,962,378,994,548
1323.png,29,218,Smoke,1164,335,1193,553
1323.png,124,174,Smoke,1256,377,1380,551
1323.png,179,109,Smoke,1741,458,1920,567
1323.png,76,250,Smoke,1616,383,1692,633
1323.png,99,59,Smoke,1689,575,1788,634
1323.png,50,128,Smoke,1431,419,1481,547
1323.png,141,67,Smoke,1760,376,1901,443
1323.png,57,57,Smoke,1773,313,1830,370
1324.png,80,48,Smoke,414,514,494,562
1324.png,101,107,Smoke,635,446,736,553
1324.png,90,67,Smoke,815,490,905,557
1324.png,130,227,Smoke,1021,323,1151,550
1324.png,32,170,Smoke,962,378,994,548
1324.png,29,218,Smoke,1164,335,1193,553
1324.png,124,174,Smoke,1256,377,1380,551
1324.png,179,109,Smoke,1741,458,1920,567
1324.png,76,250,Smoke,1616,382,1692,632
1324.png,99,59,Smoke,1689,575,1788,634
1324.png,50,128,Smoke,1431,419,1481,547
1324.png,141,67,Smoke,1760,376,1901,443
1324.png,55,80,Smoke,546,424,601,504
1324.png,23,151,Smoke,1212,428,1235,579
1324.png,57,57,Smoke,1773,313,1830,370
1325.png,80,48,Smoke,414,514,494,562
1325.png,101,107,Smoke,635,446,736,553
1325.png,90,67,Smoke,815,490,905,557
1325.png,130,227,Smoke,1020,323,1150,550
1325.png,32,170,Smoke,962,378,994,548
1325.png,29,218,Smoke,1164,335,1193,553
1325.png,124,174,Smoke,1256,377,1380,551
1325.png,179,109,Smoke,1741,458,1920,567
1325.png,76,250,Smoke,1616,382,1692,632
1325.png,99,59,Smoke,1689,575,1788,634
1325.png,50,128,Smoke,1431,419,1481,547
1325.png,141,67,Smoke,1760,376,1901,443
1325.png,55,80,Smoke,546,424,601,504
1325.png,23,151,Smoke,1212,427,1235,578
1325.png,57,57,Smoke,1773,313,1830,370
1326.png,80,48,Smoke,414,514,494,562
1326.png,101,107,Smoke,635,446,736,553
1326.png,90,67,Smoke,815,490,905,557
1326.png,130,227,Smoke,1021,323,1151,550
1326.png,32,170,Smoke,962,378,994,548
1326.png,29,218,Smoke,1164,335,1193,553
1326.png,124,174,Smoke,1256,377,1380,551
1326.png,179,109,Smoke,1741,458,1920,567
1326.png,76,250,Smoke,1616,383,1692,633
1326.png,99,59,Smoke,1689,575,1788,634
1326.png,50,128,Smoke,1431,419,1481,547
1326.png,141,67,Smoke,1761,375,1902,442
1326.png,55,80,Smoke,546,424,601,504
1326.png,23,151,Smoke,1212,426,1235,577
1326.png,57,57,Smoke,1773,313,1830,370
1327.png,80,48,Smoke,414,514,494,562
1327.png,101,107,Smoke,635,446,736,553
1327.png,90,67,Smoke,815,490,905,557
1327.png,130,227,Smoke,1020,323,1150,550
1327.png,32,170,Smoke,962,378,994,548
1327.png,29,218,Smoke,1164,335,1193,553
1327.png,124,174,Smoke,1256,377,1380,551
1327.png,179,109,Smoke,1741,458,1920,567
1327.png,76,250,Smoke,1616,382,1692,632
1327.png,99,59,Smoke,1689,575,1788,634
1327.png,50,128,Smoke,1431,419,1481,547
1327.png,141,67,Smoke,1759,376,1900,443
1327.png,55,80,Smoke,546,424,601,504
1327.png,23,151,Smoke,1212,427,1235,578
1327.png,57,57,Smoke,1773,313,1830,370
1328.png,80,48,Smoke,414,514,494,562
1328.png,101,107,Smoke,635,446,736,553
1328.png,90,67,Smoke,815,490,905,557
1328.png,130,227,Smoke,1021,323,1151,550
1328.png,32,170,Smoke,962,378,994,548
1328.png,29,218,Smoke,1164,335,1193,553
1328.png,124,174,Smoke,1256,377,1380,551
1328.png,179,109,Smoke,1741,458,1920,567
1328.png,76,250,Smoke,1616,382,1692,632
1328.png,99,59,Smoke,1689,575,1788,634
1328.png,50,128,Smoke,1431,419,1481,547
1328.png,141,67,Smoke,1761,375,1902,442
1328.png,55,80,Smoke,546,424,601,504
1328.png,23,151,Smoke,1212,426,1235,577
1328.png,57,57,Smoke,1773,313,1830,370
1329.png,80,48,Smoke,414,514,494,562
1329.png,101,107,Smoke,635,446,736,553
1329.png,90,67,Smoke,815,490,905,557
1329.png,130,227,Smoke,1021,323,1151,550
1329.png,32,170,Smoke,962,378,994,548
1329.png,29,218,Smoke,1164,335,1193,553
1329.png,124,174,Smoke,1256,377,1380,551
1329.png,179,109,Smoke,1741,457,1920,566
1329.png,76,250,Smoke,1617,383,1693,633
1329.png,99,59,Smoke,1689,576,1788,635
1329.png,50,128,Smoke,1432,420,1482,548
1329.png,141,67,Smoke,1761,375,1902,442
1329.png,55,80,Smoke,546,424,601,504
1329.png,23,151,Smoke,1212,427,1235,578
1329.png,57,57,Smoke,1773,313,1830,370
1330.png,80,48,Smoke,414,514,494,562
1330.png,101,107,Smoke,635,446,736,553
1330.png,90,67,Smoke,815,490,905,557
1330.png,130,227,Smoke,1022,323,1152,550
1330.png,32,170,Smoke,962,378,994,548
1330.png,29,218,Smoke,1164,335,1193,553
1330.png,124,174,Smoke,1256,377,1380,551
1330.png,179,109,Smoke,1741,458,1920,567
1330.png,76,250,Smoke,1617,383,1693,633
1330.png,99,59,Smoke,1689,575,1788,634
1330.png,50,128,Smoke,1432,420,1482,548
1330.png,141,67,Smoke,1759,375,1900,442
1330.png,55,80,Smoke,546,424,601,504
1330.png,23,151,Smoke,1212,426,1235,577
1330.png,57,57,Smoke,1773,313,1830,370
1331.png,80,48,Smoke,414,514,494,562
1331.png,101,107,Smoke,635,446,736,553
1331.png,90,67,Smoke,815,490,905,557
1331.png,130,227,Smoke,1022,323,1152,550
1331.png,32,170,Smoke,962,378,994,548
1331.png,29,218,Smoke,1164,335,1193,553
1331.png,124,174,Smoke,1256,377,1380,551
1331.png,179,109,Smoke,1741,458,1920,567
1331.png,76,250,Smoke,1616,381,1692,631
1331.png,99,59,Smoke,1689,575,1788,634
1331.png,50,128,Smoke,1431,418,1481,546
1331.png,141,67,Smoke,1759,375,1900,442
1331.png,55,80,Smoke,546,424,601,504
1331.png,23,151,Smoke,1212,427,1235,578
1331.png,57,57,Smoke,1773,313,1830,370
1331.png,55,80,Smoke,546,424,601,504
1331.png,23,151,Smoke,1212,426,1235,577
1332.png,80,48,Smoke,414,514,494,562
1332.png,101,107,Smoke,635,446,736,553
1332.png,90,67,Smoke,815,490,905,557
1332.png,130,227,Smoke,1022,323,1152,550
1332.png,32,170,Smoke,962,378,994,548
1332.png,29,218,Smoke,1164,336,1193,554
1332.png,124,174,Smoke,1256,377,1380,551
1332.png,179,109,Smoke,1741,458,1920,567
1332.png,76,250,Smoke,1617,381,1693,631
1332.png,99,59,Smoke,1689,575,1788,634
1332.png,50,128,Smoke,1431,418,1481,546
1332.png,141,67,Smoke,1759,375,1900,442
1332.png,57,57,Smoke,1773,313,1830,370
1332.png,55,80,Smoke,546,424,601,504
1332.png,23,151,Smoke,1212,425,1235,576
1333.png,80,48,Smoke,414,514,494,562
1333.png,101,107,Smoke,635,446,736,553
1333.png,90,67,Smoke,815,490,905,557
1333.png,130,227,Smoke,1022,323,1152,550
1333.png,32,170,Smoke,962,376,994,546
1333.png,29,218,Smoke,1164,335,1193,553
1333.png,124,174,Smoke,1256,377,1380,551
1333.png,179,109,Smoke,1741,459,1920,568
1333.png,76,250,Smoke,1617,381,1693,631
1333.png,99,59,Smoke,1689,574,1788,633
1333.png,50,128,Smoke,1431,418,1481,546
1333.png,141,67,Smoke,1759,376,1900,443
1333.png,57,57,Smoke,1773,313,1830,370
1334.png,80,48,Smoke,414,514,494,562
1334.png,101,107,Smoke,635,446,736,553
1334.png,90,67,Smoke,816,490,906,557
1334.png,130,227,Smoke,1022,324,1152,551
1334.png,32,170,Smoke,962,378,994,548
1334.png,29,218,Smoke,1164,336,1193,554
1334.png,124,174,Smoke,1256,377,1380,551
1334.png,179,109,Smoke,1741,457,1920,566
1334.png,76,250,Smoke,1616,381,1692,631
1334.png,99,59,Smoke,1690,575,1789,634
1334.png,50,128,Smoke,1431,418,1481,546
1334.png,141,67,Smoke,1759,376,1900,443
1334.png,57,57,Smoke,1773,314,1830,371
1334.png,55,80,Smoke,546,424,601,504
1334.png,23,151,Smoke,1212,425,1235,576
1335.png,80,48,Smoke,414,514,494,562
1335.png,101,107,Smoke,635,446,736,553
1335.png,90,67,Smoke,815,490,905,557
1335.png,130,227,Smoke,1022,323,1152,550
1335.png,32,170,Smoke,962,378,994,548
1335.png,29,218,Smoke,1164,336,1193,554
1335.png,124,174,Smoke,1256,377,1380,551
1335.png,179,109,Smoke,1741,458,1920,567
1335.png,76,250,Smoke,1616,380,1692,630
1335.png,99,59,Smoke,1690,575,1789,634
1335.png,50,128,Smoke,1431,418,1481,546
1335.png,141,67,Smoke,1759,375,1900,442
1335.png,57,57,Smoke,1773,313,1830,370
1335.png,55,80,Smoke,546,424,601,504
1335.png,23,151,Smoke,1211,425,1234,576
1336.png,80,48,Smoke,414,514,494,562
1336.png,101,107,Smoke,635,446,736,553
1336.png,90,67,Smoke,815,490,905,557
1336.png,130,227,Smoke,1022,324,1152,551
1336.png,32,170,Smoke,962,378,994,548
1336.png,29,218,Smoke,1164,337,1193,555
1336.png,124,174,Smoke,1256,377,1380,551
1336.png,179,109,Smoke,1741,458,1920,567
1336.png,76,250,Smoke,1616,381,1692,631
1336.png,99,59,Smoke,1690,575,1789,634
1336.png,50,128,Smoke,1431,418,1481,546
1336.png,141,67,Smoke,1759,375,1900,442
1336.png,57,57,Smoke,1773,313,1830,370
1336.png,55,80,Smoke,546,424,601,504
1336.png,23,151,Smoke,1211,426,1234,577
1337.png,80,48,Smoke,414,514,494,562
1337.png,101,107,Smoke,635,446,736,553
1337.png,90,67,Smoke,815,490,905,557
1337.png,130,227,Smoke,1022,323,1152,550
1337.png,32,170,Smoke,962,378,994,548
1337.png,29,218,Smoke,1164,333,1193,551
1337.png,124,174,Smoke,1256,377,1380,551
1337.png,179,109,Smoke,1741,459,1920,568
1337.png,76,250,Smoke,1616,381,1692,631
1337.png,99,59,Smoke,1690,575,1789,634
1337.png,50,128,Smoke,1431,418,1481,546
1337.png,141,67,Smoke,1759,375,1900,442
1337.png,57,57,Smoke,1773,313,1830,370
1337.png,55,80,Smoke,546,424,601,504
1337.png,23,151,Smoke,1212,427,1235,578
1338.png,80,48,Smoke,414,514,494,562
1338.png,101,107,Smoke,635,446,736,553
1338.png,90,67,Smoke,816,490,906,557
1338.png,130,227,Smoke,1022,324,1152,551
1338.png,32,170,Smoke,962,378,994,548
1338.png,29,218,Smoke,1164,333,1193,551
1338.png,124,174,Smoke,1256,377,1380,551
1338.png,179,109,Smoke,1741,459,1920,568
1338.png,76,250,Smoke,1616,380,1692,630
1338.png,99,59,Smoke,1690,575,1789,634
1338.png,50,128,Smoke,1431,418,1481,546
1338.png,141,67,Smoke,1759,375,1900,442
1338.png,57,57,Smoke,1773,313,1830,370
1338.png,55,80,Smoke,546,424,601,504
1338.png,23,151,Smoke,1212,425,1235,576
1339.png,80,48,Smoke,414,514,494,562
1339.png,101,107,Smoke,635,446,736,553
1339.png,90,67,Smoke,816,489,906,556
1339.png,130,227,Smoke,1022,325,1152,552
1339.png,32,170,Smoke,962,378,994,548
1339.png,29,218,Smoke,1164,337,1193,555
1339.png,124,174,Smoke,1256,377,1380,551
1339.png,179,109,Smoke,1741,459,1920,568
1339.png,76,250,Smoke,1616,380,1692,630
1339.png,99,59,Smoke,1690,575,1789,634
1339.png,50,128,Smoke,1431,418,1481,546
1339.png,141,67,Smoke,1760,375,1901,442
1339.png,57,57,Smoke,1773,313,1830,370
1339.png,55,80,Smoke,546,424,601,504
1339.png,23,151,Smoke,1212,424,1235,575
1340.png,80,48,Smoke,414,514,494,562
1340.png,101,107,Smoke,635,446,736,553
1340.png,90,67,Smoke,816,490,906,557
1340.png,130,227,Smoke,1022,324,1152,551
1340.png,32,170,Smoke,962,378,994,548
1340.png,29,218,Smoke,1164,337,1193,555
1340.png,124,174,Smoke,1256,377,1380,551
1340.png,179,109,Smoke,1741,459,1920,568
1340.png,76,250,Smoke,1616,380,1692,630
1340.png,99,59,Smoke,1690,575,1789,634
1340.png,50,128,Smoke,1431,418,1481,546
1340.png,141,67,Smoke,1759,375,1900,442
1340.png,57,57,Smoke,1773,313,1830,370
1340.png,55,80,Smoke,546,424,601,504
1340.png,23,151,Smoke,1212,425,1235,576
1341.png,80,48,Smoke,414,514,494,562
1341.png,101,107,Smoke,635,446,736,553
1341.png,90,67,Smoke,816,490,906,557
1341.png,130,227,Smoke,1022,325,1152,552
1341.png,32,170,Smoke,962,378,994,548
1341.png,29,218,Smoke,1164,333,1193,551
1341.png,124,174,Smoke,1256,377,1380,551
1341.png,179,109,Smoke,1741,459,1920,568
1341.png,76,250,Smoke,1616,380,1692,630
1341.png,99,59,Smoke,1690,575,1789,634
1341.png,50,128,Smoke,1431,418,1481,546
1341.png,141,67,Smoke,1759,375,1900,442
1341.png,57,57,Smoke,1773,313,1830,370
1341.png,55,80,Smoke,546,424,601,504
1341.png,23,151,Smoke,1212,424,1235,575
1341.png,57,57,Smoke,1773,313,1830,370
1341.png,55,80,Smoke,546,424,601,504
1341.png,23,151,Smoke,1212,425,1235,576
1342.png,80,48,Smoke,414,514,494,562
1342.png,101,107,Smoke,635,446,736,553
1342.png,90,67,Smoke,816,490,906,557
1342.png,130,227,Smoke,1022,325,1152,552
1342.png,32,170,Smoke,962,378,994,548
1342.png,29,218,Smoke,1164,333,1193,551
1342.png,124,174,Smoke,1256,377,1380,551
1342.png,179,109,Smoke,1741,459,1920,568
1342.png,76,250,Smoke,1616,380,1692,630
1342.png,99,59,Smoke,1690,576,1789,635
1342.png,50,128,Smoke,1431,417,1481,545
1342.png,141,67,Smoke,1759,375,1900,442
1342.png,55,80,Smoke,546,424,601,504
1342.png,23,151,Smoke,1212,425,1235,576
1343.png,80,48,Smoke,414,514,494,562
1343.png,101,107,Smoke,635,446,736,553
1343.png,90,67,Smoke,816,490,906,557
1343.png,130,227,Smoke,1022,325,1152,552
1343.png,32,170,Smoke,962,378,994,548
1343.png,29,218,Smoke,1164,333,1193,551
1343.png,124,174,Smoke,1256,377,1380,551
1343.png,179,109,Smoke,1741,459,1920,568
1343.png,76,227,Smoke,1615,380,1691,607
1343.png,128,59,Smoke,1691,576,1819,635
1343.png,50,128,Smoke,1431,417,1481,545
1343.png,141,67,Smoke,1759,375,1900,442
1343.png,57,57,Smoke,1773,313,1830,370
1344.png,80,48,Smoke,414,514,494,562
1344.png,101,107,Smoke,635,446,736,553
1344.png,90,67,Smoke,816,490,906,557
1344.png,130,227,Smoke,1022,325,1152,552
1344.png,32,170,Smoke,962,378,994,548
1344.png,29,218,Smoke,1164,333,1193,551
1344.png,124,174,Smoke,1256,377,1380,551
1344.png,179,109,Smoke,1741,459,1920,568
1344.png,76,227,Smoke,1615,381,1691,608
1344.png,128,59,Smoke,1691,576,1819,635
1344.png,50,128,Smoke,1431,419,1481,547
1344.png,141,67,Smoke,1759,375,1900,442
1344.png,57,57,Smoke,1773,313,1830,370
1344.png,55,80,Smoke,546,424,601,504
1344.png,23,151,Smoke,1213,425,1236,576
1345.png,80,48,Smoke,414,514,494,562
1345.png,101,107,Smoke,635,446,736,553
1345.png,90,67,Smoke,816,490,906,557
1345.png,130,227,Smoke,1022,325,1152,552
1345.png,32,170,Smoke,962,378,994,548
1345.png,29,218,Smoke,1164,333,1193,551
1345.png,124,174,Smoke,1256,377,1380,551
1345.png,179,109,Smoke,1741,459,1920,568
1345.png,76,227,Smoke,1616,380,1692,607
1345.png,128,59,Smoke,1693,576,1821,635
1345.png,50,128,Smoke,1431,419,1481,547
1345.png,141,67,Smoke,1759,375,1900,442
1345.png,57,57,Smoke,1773,313,1830,370
1345.png,55,80,Smoke,546,424,601,504
1345.png,23,151,Smoke,1212,425,1235,576
1346.png,80,48,Smoke,414,514,494,562
1346.png,101,107,Smoke,635,446,736,553
1346.png,90,67,Smoke,816,490,906,557
1346.png,130,227,Smoke,1022,326,1152,553
1346.png,32,170,Smoke,962,378,994,548
1346.png,29,218,Smoke,1164,333,1193,551
1346.png,124,174,Smoke,1256,377,1380,551
1346.png,179,109,Smoke,1741,459,1920,568
1346.png,76,227,Smoke,1615,380,1691,607
1346.png,128,59,Smoke,1692,577,1820,636
1346.png,50,128,Smoke,1431,416,1481,544
1346.png,141,67,Smoke,1759,375,1900,442
1346.png,57,57,Smoke,1773,313,1830,370
1346.png,55,80,Smoke,546,424,601,504
1346.png,23,151,Smoke,1211,424,1234,575
1347.png,80,48,Smoke,414,514,494,562
1347.png,101,107,Smoke,635,446,736,553
1347.png,90,67,Smoke,817,490,907,557
1347.png,130,227,Smoke,1022,325,1152,552
1347.png,32,170,Smoke,962,378,994,548
1347.png,29,218,Smoke,1164,333,1193,551
1347.png,124,174,Smoke,1256,377,1380,551
1347.png,179,109,Smoke,1741,459,1920,568
1347.png,76,227,Smoke,1616,380,1692,607
1347.png,128,59,Smoke,1693,577,1821,636
1347.png,50,128,Smoke,1431,416,1481,544
1347.png,141,67,Smoke,1759,375,1900,442
1347.png,57,57,Smoke,1773,313,1830,370
1347.png,55,80,Smoke,546,424,601,504
1347.png,23,151,Smoke,1211,425,1234,576
1348.png,80,48,Smoke,414,514,494,562
1348.png,101,107,Smoke,635,446,736,553
1348.png,90,67,Smoke,816,490,906,557
1348.png,130,227,Smoke,1022,325,1152,552
1348.png,32,170,Smoke,962,378,994,548
1348.png,29,218,Smoke,1164,335,1193,553
1348.png,124,174,Smoke,1256,377,1380,551
1348.png,179,109,Smoke,1741,459,1920,568
1348.png,76,227,Smoke,1615,381,1691,608
1348.png,128,59,Smoke,1693,577,1821,636
1348.png,50,128,Smoke,1431,419,1481,547
1348.png,141,67,Smoke,1759,375,1900,442
1348.png,57,57,Smoke,1773,312,1830,369
1348.png,55,80,Smoke,546,424,601,504
1348.png,23,151,Smoke,1211,424,1234,575
1349.png,80,48,Smoke,414,514,494,562
1349.png,101,107,Smoke,635,446,736,553
1349.png,90,67,Smoke,816,490,906,557
1349.png,130,227,Smoke,1022,325,1152,552
1349.png,32,170,Smoke,962,378,994,548
1349.png,29,218,Smoke,1164,335,1193,553
1349.png,124,174,Smoke,1256,377,1380,551
1349.png,179,109,Smoke,1741,459,1920,568
1349.png,76,227,Smoke,1616,380,1692,607
1349.png,128,59,Smoke,1692,578,1820,637
1349.png,50,128,Smoke,1431,419,1481,547
1349.png,141,67,Smoke,1759,375,1900,442
1349.png,57,57,Smoke,1773,313,1830,370
1349.png,55,80,Smoke,546,424,601,504
1349.png,23,151,Smoke,1211,425,1234,576
1350.png,80,48,Smoke,414,514,494,562
1350.png,101,107,Smoke,635,446,736,553
1350.png,90,67,Smoke,816,490,906,557
1350.png,130,227,Smoke,1022,326,1152,553
1350.png,32,170,Smoke,962,378,994,548
1350.png,29,218,Smoke,1164,335,1193,553
1350.png,124,174,Smoke,1256,377,1380,551
1350.png,179,109,Smoke,1741,459,1920,568
1350.png,76,227,Smoke,1615,381,1691,608
1350.png,128,59,Smoke,1692,577,1820,636
1350.png,50,128,Smoke,1431,419,1481,547
1350.png,141,67,Smoke,1759,375,1900,442
1350.png,57,57,Smoke,1773,313,1830,370
1350.png,55,80,Smoke,546,424,601,504
1350.png,23,151,Smoke,1212,424,1235,575
1351.png,80,48,Smoke,414,514,494,562
1351.png,101,107,Smoke,635,446,736,553
1351.png,90,67,Smoke,816,490,906,557
1351.png,130,227,Smoke,1022,325,1152,552
1351.png,32,170,Smoke,962,378,994,548
1351.png,29,218,Smoke,1164,335,1193,553
1351.png,124,174,Smoke,1256,377,1380,551
1351.png,179,109,Smoke,1741,459,1920,568
1351.png,76,227,Smoke,1616,380,1692,607
1351.png,128,59,Smoke,1692,577,1820,636
1351.png,50,128,Smoke,1431,416,1481,544
1351.png,141,67,Smoke,1759,375,1900,442
1351.png,57,57,Smoke,1773,313,1830,370
1351.png,55,80,Smoke,546,424,601,504
1351.png,23,151,Smoke,1212,425,1235,576
1351.png,57,57,Smoke,1773,313,1830,370
1351.png,55,80,Smoke,546,424,601,504
1351.png,23,151,Smoke,1212,424,1235,575
1352.png,80,48,Smoke,414,514,494,562
1352.png,101,107,Smoke,635,446,736,553
1352.png,90,67,Smoke,816,490,906,557
1352.png,130,227,Smoke,1022,325,1152,552
1352.png,32,170,Smoke,962,378,994,548
1352.png,29,218,Smoke,1164,335,1193,553
1352.png,124,174,Smoke,1256,377,1380,551
1352.png,179,109,Smoke,1741,459,1920,568
1352.png,76,227,Smoke,1615,381,1691,608
1352.png,128,59,Smoke,1692,577,1820,636
1352.png,50,128,Smoke,1431,416,1481,544
1352.png,141,67,Smoke,1759,375,1900,442
1352.png,55,80,Smoke,546,424,601,504
1352.png,23,151,Smoke,1212,423,1235,574
1353.png,80,48,Smoke,414,514,494,562
1353.png,101,107,Smoke,635,446,736,553
1353.png,90,67,Smoke,816,490,906,557
1353.png,130,227,Smoke,1022,325,1152,552
1353.png,32,170,Smoke,962,378,994,548
1353.png,29,218,Smoke,1164,337,1193,555
1353.png,124,174,Smoke,1256,377,1380,551
1353.png,179,109,Smoke,1741,459,1920,568
1353.png,76,227,Smoke,1615,382,1691,609
1353.png,128,59,Smoke,1692,577,1820,636
1353.png,50,128,Smoke,1431,415,1481,543
1353.png,141,67,Smoke,1760,375,1901,442
1353.png,57,57,Smoke,1773,313,1830,370
1354.png,80,48,Smoke,414,514,494,562
1354.png,101,107,Smoke,635,446,736,553
1354.png,90,67,Smoke,816,490,906,557
1354.png,130,227,Smoke,1022,325,1152,552
1354.png,32,170,Smoke,962,378,994,548
1354.png,29,218,Smoke,1164,337,1193,555
1354.png,124,174,Smoke,1256,377,1380,551
1354.png,179,109,Smoke,1741,459,1920,568
1354.png,76,227,Smoke,1615,382,1691,609
1354.png,128,59,Smoke,1692,577,1820,636
1354.png,50,128,Smoke,1431,415,1481,543
1354.png,141,67,Smoke,1759,375,1900,442
1354.png,57,57,Smoke,1773,313,1830,370
1354.png,55,80,Smoke,546,424,601,504
1354.png,23,151,Smoke,1212,422,1235,573
1355.png,80,48,Smoke,414,514,494,562
1355.png,101,107,Smoke,635,446,736,553
1355.png,90,67,Smoke,816,490,906,557
1355.png,130,227,Smoke,1022,325,1152,552
1355.png,32,170,Smoke,962,378,994,548
1355.png,29,218,Smoke,1164,337,1193,555
1355.png,124,174,Smoke,1256,377,1380,551
1355.png,179,109,Smoke,1741,460,1920,569
1355.png,76,227,Smoke,1615,382,1691,609
1355.png,128,59,Smoke,1692,577,1820,636
1355.png,50,128,Smoke,1431,416,1481,544
1355.png,141,67,Smoke,1759,375,1900,442
1355.png,57,57,Smoke,1773,313,1830,370
1355.png,55,80,Smoke,546,424,601,504
1355.png,23,151,Smoke,1212,424,1235,575
1356.png,80,48,Smoke,414,514,494,562
1356.png,101,107,Smoke,635,446,736,553
1356.png,90,67,Smoke,816,490,906,557
1356.png,130,227,Smoke,1022,326,1152,553
1356.png,32,170,Smoke,962,376,994,546
1356.png,29,218,Smoke,1164,337,1193,555
1356.png,124,174,Smoke,1256,377,1380,551
1356.png,179,109,Smoke,1741,460,1920,569
1356.png,76,227,Smoke,1615,382,1691,609
1356.png,128,59,Smoke,1692,577,1820,636
1356.png,50,128,Smoke,1431,415,1481,543
1356.png,141,67,Smoke,1759,375,1900,442
1356.png,57,57,Smoke,1773,313,1830,370
1356.png,55,80,Smoke,546,424,601,504
1356.png,23,151,Smoke,1212,422,1235,573
1357.png,80,48,Smoke,414,514,494,562
1357.png,101,107,Smoke,635,446,736,553
1357.png,90,67,Smoke,815,490,905,557
1357.png,130,227,Smoke,1022,325,1152,552
1357.png,32,170,Smoke,962,376,994,546
1357.png,29,218,Smoke,1164,337,1193,555
1357.png,124,174,Smoke,1256,377,1380,551
1357.png,179,109,Smoke,1741,459,1920,568
1357.png,76,227,Smoke,1615,382,1691,609
1357.png,128,59,Smoke,1692,577,1820,636
1357.png,50,128,Smoke,1431,415,1481,543
1357.png,141,67,Smoke,1759,375,1900,442
1357.png,57,57,Smoke,1773,313,1830,370
1357.png,55,80,Smoke,546,424,601,504
1357.png,23,151,Smoke,1212,423,1235,574
1358.png,80,48,Smoke,414,514,494,562
1358.png,101,107,Smoke,635,446,736,553
1358.png,90,67,Smoke,817,490,907,557
1358.png,130,227,Smoke,1022,325,1152,552
1358.png,32,170,Smoke,962,378,994,548
1358.png,29,218,Smoke,1164,337,1193,555
1358.png,124,174,Smoke,1256,377,1380,551
1358.png,179,109,Smoke,1741,459,1920,568
1358.png,76,227,Smoke,1615,381,1691,608
1358.png,128,59,Smoke,1692,577,1820,636
1358.png,50,128,Smoke,1431,415,1481,543
1358.png,141,67,Smoke,1759,375,1900,442
1358.png,57,57,Smoke,1773,313,1830,370
1358.png,55,80,Smoke,546,424,601,504
1358.png,23,151,Smoke,1212,424,1235,575
1359.png,80,48,Smoke,414,514,494,562
1359.png,101,107,Smoke,635,446,736,553
1359.png,90,67,Smoke,816,490,906,557
1359.png,130,227,Smoke,1022,325,1152,552
1359.png,32,170,Smoke,962,376,994,546
1359.png,29,218,Smoke,1164,337,1193,555
1359.png,124,174,Smoke,1256,377,1380,551
1359.png,179,109,Smoke,1741,458,1920,567
1359.png,76,227,Smoke,1615,382,1691,609
1359.png,128,59,Smoke,1693,577,1821,636
1359.png,50,128,Smoke,1431,416,1481,544
1359.png,141,67,Smoke,1759,375,1900,442
1359.png,57,57,Smoke,1773,313,1830,370
1359.png,55,80,Smoke,546,424,601,504
1359.png,23,151,Smoke,1212,423,1235,574
1360.png,80,48,Smoke,414,514,494,562
1360.png,101,107,Smoke,635,446,736,553
1360.png,90,67,Smoke,816,490,906,557
1360.png,130,227,Smoke,1022,325,1152,552
1360.png,32,170,Smoke,962,377,994,547
1360.png,29,218,Smoke,1164,337,1193,555
1360.png,124,174,Smoke,1256,377,1380,551
1360.png,179,109,Smoke,1741,459,1920,568
1360.png,76,227,Smoke,1615,382,1691,609
1360.png,128,59,Smoke,1692,578,1820,637
1360.png,50,128,Smoke,1431,415,1481,543
1360.png,141,67,Smoke,1759,375,1900,442
1360.png,57,57,Smoke,1773,313,1830,370
1360.png,55,80,Smoke,546,424,601,504
1360.png,23,151,Smoke,1212,422,1235,573
1361.png,80,48,Smoke,414,514,494,562
1361.png,101,107,Smoke,635,446,736,553
1361.png,90,67,Smoke,816,490,906,557
1361.png,130,227,Smoke,1022,324,1152,551
1361.png,32,170,Smoke,962,377,994,547
1361.png,29,218,Smoke,1164,337,1193,555
1361.png,124,174,Smoke,1256,377,1380,551
1361.png,181,109,Smoke,1739,459,1920,568
1361.png,76,227,Smoke,1615,382,1691,609
1361.png,128,59,Smoke,1691,577,1819,636
1361.png,50,128,Smoke,1431,415,1481,543
1361.png,141,67,Smoke,1759,375,1900,442
1361.png,57,57,Smoke,1773,313,1830,370
1361.png,55,80,Smoke,546,424,601,504
1361.png,23,151,Smoke,1212,423,1235,574
1361.png,57,57,Smoke,1773,313,1830,370
1361.png,55,80,Smoke,546,424,601,504
1361.png,23,151,Smoke,1212,422,1235,573
1362.png,80,48,Smoke,414,514,494,562
1362.png,101,107,Smoke,635,446,736,553
1362.png,90,67,Smoke,815,490,905,557
1362.png,130,227,Smoke,1022,324,1152,551
1362.png,32,170,Smoke,962,375,994,545
1362.png,29,218,Smoke,1164,337,1193,555
1362.png,124,174,Smoke,1256,377,1380,551
1362.png,180,109,Smoke,1740,460,1920,569
1362.png,76,227,Smoke,1615,381,1691,608
1362.png,128,59,Smoke,1691,578,1819,637
1362.png,50,128,Smoke,1431,415,1481,543
1362.png,141,67,Smoke,1759,375,1900,442
1362.png,55,80,Smoke,546,424,601,504
1362.png,23,151,Smoke,1212,423,1235,574
1363.png,80,48,Smoke,414,514,494,562
1363.png,101,107,Smoke,635,446,736,553
1363.png,90,67,Smoke,816,490,906,557
1363.png,130,227,Smoke,1022,324,1152,551
1363.png,32,170,Smoke,962,375,994,545
1363.png,29,218,Smoke,1164,337,1193,555
1363.png,124,174,Smoke,1256,377,1380,551
1363.png,181,109,Smoke,1739,460,1920,569
1363.png,76,227,Smoke,1615,382,1691,609
1363.png,128,59,Smoke,1691,578,1819,637
1363.png,50,128,Smoke,1431,415,1481,543
1363.png,141,67,Smoke,1759,375,1900,442
1363.png,57,57,Smoke,1773,313,1830,370
1364.png,80,48,Smoke,414,514,494,562
1364.png,101,107,Smoke,635,446,736,553
1364.png,90,67,Smoke,815,490,905,557
1364.png,130,227,Smoke,1022,323,1152,550
1364.png,32,170,Smoke,962,375,994,545
1364.png,29,218,Smoke,1164,337,1193,555
1364.png,124,174,Smoke,1256,377,1380,551
1364.png,180,109,Smoke,1740,460,1920,569
1364.png,76,227,Smoke,1615,382,1691,609
1364.png,128,59,Smoke,1691,578,1819,637
1364.png,50,128,Smoke,1431,415,1481,543
1364.png,141,67,Smoke,1759,375,1900,442
1364.png,57,57,Smoke,1773,313,1830,370
1364.png,55,80,Smoke,546,424,601,504
1364.png,23,151,Smoke,1212,422,1235,573
1365.png,80,48,Smoke,414,514,494,562
1365.png,101,107,Smoke,635,446,736,553
1365.png,90,67,Smoke,817,491,907,558
1365.png,130,227,Smoke,1023,324,1153,551
1365.png,32,170,Smoke,962,375,994,545
1365.png,29,218,Smoke,1164,337,1193,555
1365.png,124,174,Smoke,1256,377,1380,551
1365.png,181,109,Smoke,1739,459,1920,568
1365.png,76,227,Smoke,1615,382,1691,609
1365.png,128,59,Smoke,1691,578,1819,637
1365.png,50,128,Smoke,1431,415,1481,543
1365.png,141,67,Smoke,1759,375,1900,442
1365.png,57,57,Smoke,1773,311,1830,368
1365.png,55,80,Smoke,546,424,601,504
1365.png,23,151,Smoke,1212,423,1235,574
1366.png,80,48,Smoke,414,514,494,562
1366.png,101,107,Smoke,635,446,736,553
1366.png,90,67,Smoke,816,490,906,557
1366.png,130,227,Smoke,1022,323,1152,550
1366.png,32,170,Smoke,962,376,994,546
1366.png,29,218,Smoke,1164,337,1193,555
1366.png,124,174,Smoke,1255,377,1379,551
1366.png,180,109,Smoke,1740,460,1920,569
1366.png,76,227,Smoke,1615,382,1691,609
1366.png,128,59,Smoke,1691,577,1819,636
1366.png,50,128,Smoke,1431,415,1481,543
1366.png,141,67,Smoke,1759,375,1900,442
1366.png,57,57,Smoke,1773,310,1830,367
1366.png,55,80,Smoke,546,424,601,504
1366.png,23,151,Smoke,1212,422,1235,573
1367.png,80,48,Smoke,414,514,494,562
1367.png,101,107,Smoke,635,446,736,553
1367.png,90,67,Smoke,816,490,906,557
1367.png,130,227,Smoke,1022,324,1152,551
1367.png,32,170,Smoke,962,375,994,545
1367.png,29,218,Smoke,1164,337,1193,555
1367.png,124,174,Smoke,1255,377,1379,551
1367.png,181,109,Smoke,1739,459,1920,568
1367.png,76,227,Smoke,1614,382,1690,609
1367.png,128,59,Smoke,1691,578,1819,637
1367.png,50,128,Smoke,1431,415,1481,543
1367.png,141,67,Smoke,1759,375,1900,442
1367.png,57,57,Smoke,1774,312,1831,369
1367.png,55,80,Smoke,546,424,601,504
1367.png,23,151,Smoke,1212,423,1235,574
1368.png,80,48,Smoke,414,514,494,562
1368.png,101,107,Smoke,635,446,736,553
1368.png,90,67,Smoke,816,490,906,557
1368.png,130,227,Smoke,1022,323,1152,550
1368.png,32,170,Smoke,962,375,994,545
1368.png,29,218,Smoke,1164,337,1193,555
1368.png,124,174,Smoke,1256,377,1380,551
1368.png,180,109,Smoke,1740,460,1920,569
1368.png,76,227,Smoke,1615,381,1691,608
1368.png,128,59,Smoke,1692,578,1820,637
1368.png,50,128,Smoke,1431,415,1481,543
1368.png,141,67,Smoke,1759,375,1900,442
1368.png,57,57,Smoke,1759,296,1816,353
1368.png,55,80,Smoke,546,424,601,504
1368.png,23,151,Smoke,1212,423,1235,574
1369.png,80,48,Smoke,414,514,494,562
1369.png,101,107,Smoke,635,446,736,553
1369.png,90,67,Smoke,816,490,906,557
1369.png,130,227,Smoke,1023,322,1153,549
1369.png,32,170,Smoke,962,373,994,543
1369.png,29,218,Smoke,1164,337,1193,555
1369.png,124,174,Smoke,1256,377,1380,551
1369.png,181,109,Smoke,1739,460,1920,569
1369.png,76,227,Smoke,1614,382,1690,609
1369.png,128,59,Smoke,1692,578,1820,637
1369.png,50,128,Smoke,1431,415,1481,543
1369.png,141,67,Smoke,1759,375,1900,442
1369.png,92,57,Smoke,1754,305,1846,362
1369.png,55,80,Smoke,546,424,601,504
1369.png,23,151,Smoke,1212,423,1235,574
1370.png,80,48,Smoke,414,514,494,562
1370.png,101,107,Smoke,635,446,736,553
1370.png,90,67,Smoke,816,490,906,557
1370.png,130,227,Smoke,1022,321,1152,548
1370.png,32,170,Smoke,962,373,994,543
1370.png,29,218,Smoke,1164,337,1193,555
1370.png,124,174,Smoke,1256,377,1380,551
1370.png,180,109,Smoke,1740,459,1920,568
1370.png,76,227,Smoke,1615,381,1691,608
1370.png,128,59,Smoke,1692,578,1820,637
1370.png,50,128,Smoke,1431,415,1481,543
1370.png,141,67,Smoke,1759,375,1900,442
1370.png,92,57,Smoke,1754,305,1846,362
1370.png,55,80,Smoke,546,424,601,504
1370.png,23,151,Smoke,1212,422,1235,573
1371.png,80,48,Smoke,414,514,494,562
1371.png,101,107,Smoke,635,446,736,553
1371.png,90,67,Smoke,815,490,905,557
1371.png,130,227,Smoke,1022,322,1152,549
1371.png,32,170,Smoke,962,373,994,543
1371.png,29,218,Smoke,1164,337,1193,555
1371.png,124,174,Smoke,1256,377,1380,551
1371.png,181,109,Smoke,1739,459,1920,568
1371.png,76,227,Smoke,1615,382,1691,609
1371.png,128,59,Smoke,1692,578,1820,637
1371.png,50,128,Smoke,1431,415,1481,543
1371.png,141,67,Smoke,1759,375,1900,442
1371.png,92,57,Smoke,1754,305,1846,362
1371.png,55,80,Smoke,546,424,601,504
1371.png,23,151,Smoke,1212,423,1235,574
1371.png,92,57,Smoke,1754,305,1846,362
1371.png,55,80,Smoke,546,424,601,504
1371.png,23,151,Smoke,1212,422,1235,573
1372.png,80,48,Smoke,414,514,494,562
1372.png,101,107,Smoke,635,446,736,553
1372.png,90,67,Smoke,815,490,905,557
1372.png,130,227,Smoke,1022,321,1152,548
1372.png,32,170,Smoke,962,373,994,543
1372.png,29,218,Smoke,1164,337,1193,555
1372.png,124,174,Smoke,1256,377,1380,551
1372.png,180,109,Smoke,1740,459,1920,568
1372.png,76,227,Smoke,1615,382,1691,609
1372.png,128,59,Smoke,1692,578,1820,637
1372.png,50,128,Smoke,1431,415,1481,543
1372.png,141,67,Smoke,1760,374,1901,441
1372.png,55,80,Smoke,546,424,601,504
1372.png,23,151,Smoke,1212,423,1235,574
1373.png,80,48,Smoke,414,514,494,562
1373.png,101,107,Smoke,635,446,736,553
1373.png,90,67,Smoke,815,490,905,557
1373.png,130,227,Smoke,1022,322,1152,549
1373.png,32,170,Smoke,962,373,994,543
1373.png,29,218,Smoke,1164,337,1193,555
1373.png,124,174,Smoke,1256,377,1380,551
1373.png,181,109,Smoke,1739,459,1920,568
1373.png,76,227,Smoke,1615,382,1691,609
1373.png,128,59,Smoke,1692,578,1820,637
1373.png,50,128,Smoke,1431,415,1481,543
1373.png,141,67,Smoke,1759,375,1900,442
1373.png,92,57,Smoke,1754,305,1846,362
1374.png,80,48,Smoke,414,514,494,562
1374.png,101,107,Smoke,635,446,736,553
1374.png,90,67,Smoke,815,490,905,557
1374.png,130,227,Smoke,1022,322,1152,549
1374.png,32,170,Smoke,962,372,994,542
1374.png,29,218,Smoke,1164,337,1193,555
1374.png,124,174,Smoke,1256,377,1380,551
1374.png,180,109,Smoke,1740,459,1920,568
1374.png,76,227,Smoke,1615,382,1691,609
1374.png,128,59,Smoke,1692,579,1820,638
1374.png,50,128,Smoke,1431,415,1481,543
1374.png,141,67,Smoke,1759,375,1900,442
1374.png,92,57,Smoke,1754,305,1846,362
1374.png,55,80,Smoke,546,424,601,504
1374.png,23,151,Smoke,1212,422,1235,573
1375.png,80,48,Smoke,414,514,494,562
1375.png,101,107,Smoke,635,446,736,553
1375.png,90,67,Smoke,815,490,905,557
1375.png,130,227,Smoke,1022,322,1152,549
1375.png,32,170,Smoke,962,372,994,542
1375.png,29,218,Smoke,1164,337,1193,555
1375.png,124,174,Smoke,1256,377,1380,551
1375.png,181,109,Smoke,1739,459,1920,568
1375.png,76,227,Smoke,1615,382,1691,609
1375.png,155,48,Smoke,1693,578,1848,626
1375.png,50,128,Smoke,1431,415,1481,543
1375.png,141,67,Smoke,1759,375,1900,442
1375.png,92,57,Smoke,1754,305,1846,362
1375.png,55,80,Smoke,546,424,601,504
1375.png,23,151,Smoke,1212,421,1235,572
1376.png,80,48,Smoke,414,514,494,562
1376.png,101,107,Smoke,635,446,736,553
1376.png,90,67,Smoke,815,490,905,557
1376.png,130,227,Smoke,1022,321,1152,548
1376.png,32,170,Smoke,962,372,994,542
1376.png,29,218,Smoke,1164,337,1193,555
1376.png,124,174,Smoke,1256,377,1380,551
1376.png,180,109,Smoke,1740,459,1920,568
1376.png,76,227,Smoke,1615,383,1691,610
1376.png,155,48,Smoke,1718,576,1873,624
1376.png,50,128,Smoke,1431,415,1481,543
1376.png,141,67,Smoke,1759,375,1900,442
1376.png,92,57,Smoke,1754,305,1846,362
1376.png,55,80,Smoke,546,424,601,504
1376.png,23,151,Smoke,1212,422,1235,573
1377.png,80,48,Smoke,414,514,494,562
1377.png,101,107,Smoke,635,446,736,553
1377.png,90,67,Smoke,815,490,905,557
1377.png,130,227,Smoke,1022,322,1152,549
1377.png,32,170,Smoke,962,372,994,542
1377.png,29,218,Smoke,1164,337,1193,555
1377.png,124,174,Smoke,1256,377,1380,551
1377.png,181,109,Smoke,1739,459,1920,568
1377.png,76,227,Smoke,1615,382,1691,609
1377.png,155,48,Smoke,1718,576,1873,624
1377.png,50,128,Smoke,1431,415,1481,543
1377.png,141,67,Smoke,1759,375,1900,442
1377.png,92,57,Smoke,1754,305,1846,362
1377.png,55,80,Smoke,546,424,601,504
1377.png,23,151,Smoke,1212,423,1235,574
1378.png,80,48,Smoke,414,514,494,562
1378.png,101,107,Smoke,635,446,736,553
1378.png,90,67,Smoke,815,490,905,557
1378.png,130,227,Smoke,1022,323,1152,550
1378.png,32,170,Smoke,962,375,994,545
1378.png,29,218,Smoke,1164,337,1193,555
1378.png,124,174,Smoke,1256,377,1380,551
1378.png,180,109,Smoke,1740,459,1920,568
1378.png,76,227,Smoke,1615,383,1691,610
1378.png,155,48,Smoke,1718,577,1873,625
1378.png,50,128,Smoke,1431,415,1481,543
1378.png,141,67,Smoke,1760,375,1901,442
1378.png,92,57,Smoke,1754,305,1846,362
1378.png,55,80,Smoke,546,424,601,504
1378.png,23,151,Smoke,1212,424,1235,575
1379.png,80,48,Smoke,414,514,494,562
1379.png,101,107,Smoke,635,446,736,553
1379.png,90,67,Smoke,815,490,905,557
1379.png,130,227,Smoke,1022,322,1152,549
1379.png,32,170,Smoke,962,375,994,545
1379.png,29,218,Smoke,1164,337,1193,555
1379.png,124,174,Smoke,1256,377,1380,551
1379.png,181,109,Smoke,1739,459,1920,568
1379.png,76,227,Smoke,1615,382,1691,609
1379.png,155,48,Smoke,1718,577,1873,625
1379.png,50,128,Smoke,1431,415,1481,543
1379.png,141,67,Smoke,1758,375,1899,442
1379.png,92,57,Smoke,1754,305,1846,362
1379.png,55,80,Smoke,546,424,601,504
1379.png,23,151,Smoke,1212,423,1235,574
1380.png,80,48,Smoke,414,514,494,562
1380.png,101,107,Smoke,635,446,736,553
1380.png,90,67,Smoke,815,489,905,556
1380.png,130,227,Smoke,1022,323,1152,550
1380.png,32,170,Smoke,962,375,994,545
1380.png,29,218,Smoke,1164,337,1193,555
1380.png,124,174,Smoke,1256,377,1380,551
1380.png,180,109,Smoke,1740,458,1920,567
1380.png,76,227,Smoke,1615,382,1691,609
1380.png,155,48,Smoke,1718,577,1873,625
1380.png,50,128,Smoke,1431,415,1481,543
1380.png,141,67,Smoke,1759,375,1900,442
1380.png,57,57,Smoke,1754,305,1811,362
1380.png,55,80,Smoke,546,424,601,504
1380.png,23,151,Smoke,1212,422,1235,573
1381.png,80,48,Smoke,414,514,494,562
1381.png,101,107,Smoke,635,446,736,553
1381.png,90,67,Smoke,815,489,905,556
1381.png,130,227,Smoke,1022,324,1152,551
1381.png,32,170,Smoke,962,375,994,545
1381.png,29,218,Smoke,1164,337,1193,555
1381.png,124,174,Smoke,1256,377,1380,551
1381.png,181,109,Smoke,1739,458,1920,567
1381.png,76,227,Smoke,1615,382,1691,609
1381.png,155,48,Smoke,1718,577,1873,625
1381.png,50,128,Smoke,1431,415,1481,543
1381.png,141,67,Smoke,1759,374,1900,441
1381.png,57,57,Smoke,1754,305,1811,362
1381.png,55,80,Smoke,546,424,601,504
1381.png,23,151,Smoke,1212,423,1235,574
1381.png,57,57,Smoke,1753,305,1810,362
1381.png,55,80,Smoke,546,424,601,504
1381.png,23,151,Smoke,1212,422,1235,573
1382.png,80,48,Smoke,414,514,494,562
1382.png,101,107,Smoke,635,446,736,553
1382.png,90,67,Smoke,815,489,905,556
1382.png,130,227,Smoke,1022,324,1152,551
1382.png,32,170,Smoke,962,375,994,545
1382.png,29,218,Smoke,1164,337,1193,555
1382.png,124,174,Smoke,1256,377,1380,551
1382.png,180,109,Smoke,1740,458,1920,567
1382.png,76,227,Smoke,1615,382,1691,609
1382.png,155,48,Smoke,1718,577,1873,625
1382.png,50,128,Smoke,1431,415,1481,543
1382.png,141,67,Smoke,1759,374,1900,441
1382.png,55,80,Smoke,546,424,601,504
1382.png,23,151,Smoke,1212,423,1235,574
1383.png,80,48,Smoke,414,514,494,562
1383.png,101,107,Smoke,635,446,736,553
1383.png,90,67,Smoke,815,489,905,556
1383.png,130,227,Smoke,1022,324,1152,551
1383.png,32,170,Smoke,962,375,994,545
1383.png,29,218,Smoke,1164,337,1193,555
1383.png,124,174,Smoke,1256,377,1380,551
1383.png,181,109,Smoke,1739,458,1920,567
1383.png,76,227,Smoke,1615,382,1691,609
1383.png,155,48,Smoke,1718,577,1873,625
1383.png,50,128,Smoke,1431,415,1481,543
1383.png,141,67,Smoke,1759,374,1900,441
1383.png,57,57,Smoke,1754,305,1811,362
1384.png,80,48,Smoke,414,514,494,562
1384.png,101,107,Smoke,635,446,736,553
1384.png,90,67,Smoke,815,489,905,556
1384.png,130,227,Smoke,1022,325,1152,552
1384.png,32,170,Smoke,962,375,994,545
1384.png,29,218,Smoke,1164,337,1193,555
1384.png,124,174,Smoke,1256,377,1380,551
1384.png,180,109,Smoke,1740,458,1920,567
1384.png,76,227,Smoke,1615,383,1691,610
1384.png,155,48,Smoke,1718,577,1873,625
1384.png,50,128,Smoke,1431,415,1481,543
1384.png,141,67,Smoke,1758,374,1899,441
1384.png,57,57,Smoke,1754,305,1811,362
1384.png,55,80,Smoke,546,424,601,504
1384.png,23,151,Smoke,1212,422,1235,573
1385.png,80,48,Smoke,414,514,494,562
1385.png,101,107,Smoke,635,446,736,553
1385.png,90,67,Smoke,815,489,905,556
1385.png,130,227,Smoke,1022,325,1152,552
1385.png,32,170,Smoke,962,375,994,545
1385.png,29,218,Smoke,1164,337,1193,555
1385.png,124,174,Smoke,1256,377,1380,551
1385.png,181,109,Smoke,1739,457,1920,566
1385.png,76,227,Smoke,1615,382,1691,609
1385.png,155,48,Smoke,1718,577,1873,625
1385.png,50,128,Smoke,1431,415,1481,543
1385.png,141,67,Smoke,1759,374,1900,441
1385.png,57,57,Smoke,1754,305,1811,362
1385.png,55,80,Smoke,546,424,601,504
1385.png,23,151,Smoke,1212,421,1235,572
1386.png,80,48,Smoke,414,514,494,562
1386.png,101,107,Smoke,635,446,736,553
1386.png,90,67,Smoke,815,489,905,556
1386.png,130,227,Smoke,1022,325,1152,552
1386.png,32,170,Smoke,962,375,994,545
1386.png,29,218,Smoke,1164,335,1193,553
1386.png,124,174,Smoke,1256,377,1380,551
1386.png,180,109,Smoke,1740,458,1920,567
1386.png,76,227,Smoke,1616,381,1692,608
1386.png,155,48,Smoke,1718,577,1873,625
1386.png,50,128,Smoke,1431,415,1481,543
1386.png,141,67,Smoke,1759,374,1900,441
1386.png,57,57,Smoke,1753,305,1810,362
1386.png,55,80,Smoke,546,424,601,504
1386.png,23,151,Smoke,1212,422,1235,573
1387.png,80,48,Smoke,414,514,494,562
1387.png,101,107,Smoke,635,446,736,553
1387.png,90,67,Smoke,815,489,905,556
1387.png,130,227,Smoke,1022,325,1152,552
1387.png,32,170,Smoke,962,375,994,545
1387.png,29,218,Smoke,1164,335,1193,553
1387.png,124,174,Smoke,1256,377,1380,551
1387.png,181,109,Smoke,1739,458,1920,567
1387.png,76,227,Smoke,1616,382,1692,609
1387.png,155,48,Smoke,1718,578,1873,626
1387.png,50,128,Smoke,1431,415,1481,543
1387.png,141,67,Smoke,1759,375,1900,442
1387.png,57,57,Smoke,1754,305,1811,362
1387.png,55,80,Smoke,546,424,601,504
1387.png,23,151,Smoke,1212,423,1235,574
1388.png,80,48,Smoke,414,514,494,562
1388.png,101,107,Smoke,635,446,736,553
1388.png,90,67,Smoke,815,489,905,556
1388.png,130,227,Smoke,1022,325,1152,552
1388.png,32,170,Smoke,962,375,994,545
1388.png,29,218,Smoke,1164,335,1193,553
1388.png,124,174,Smoke,1256,377,1380,551
1388.png,180,109,Smoke,1740,458,1920,567
1388.png,76,227,Smoke,1616,381,1692,608
1388.png,155,48,Smoke,1718,577,1873,625
1388.png,50,128,Smoke,1431,415,1481,543
1388.png,141,67,Smoke,1759,375,1900,442
1388.png,57,57,Smoke,1754,305,1811,362
1388.png,55,80,Smoke,546,424,601,504
1388.png,23,151,Smoke,1212,422,1235,573
1389.png,80,48,Smoke,414,514,494,562
1389.png,101,107,Smoke,635,446,736,553
1389.png,90,67,Smoke,815,489,905,556
1389.png,130,227,Smoke,1022,325,1152,552
1389.png,32,170,Smoke,962,375,994,545
1389.png,29,218,Smoke,1164,337,1193,555
1389.png,124,174,Smoke,1256,377,1380,551
1389.png,181,109,Smoke,1739,457,1920,566
1389.png,76,227,Smoke,1616,382,1692,609
1389.png,155,48,Smoke,1718,577,1873,625
1389.png,50,128,Smoke,1431,415,1481,543
1389.png,141,67,Smoke,1759,374,1900,441
1389.png,57,57,Smoke,1754,305,1811,362
1389.png,55,80,Smoke,546,424,601,504
1389.png,23,151,Smoke,1212,421,1235,572
1390.png,80,48,Smoke,414,514,494,562
1390.png,101,107,Smoke,635,446,736,553
1390.png,90,67,Smoke,815,489,905,556
1390.png,130,227,Smoke,1022,325,1152,552
1390.png,32,170,Smoke,962,375,994,545
1390.png,29,218,Smoke,1164,335,1193,553
1390.png,124,174,Smoke,1256,377,1380,551
1390.png,182,109,Smoke,1738,458,1920,567
1390.png,76,227,Smoke,1616,381,1692,608
1390.png,155,48,Smoke,1718,577,1873,625
1390.png,50,128,Smoke,1431,415,1481,543
1390.png,141,67,Smoke,1759,374,1900,441
1390.png,57,57,Smoke,1754,305,1811,362
1390.png,55,80,Smoke,546,424,601,504
1390.png,23,151,Smoke,1212,422,1235,573
1391.png,80,48,Smoke,414,514,494,562
1391.png,101,107,Smoke,635,446,736,553
1391.png,90,67,Smoke,815,489,905,556
1391.png,130,227,Smoke,1022,324,1152,551
1391.png,32,170,Smoke,962,375,994,545
1391.png,29,218,Smoke,1164,335,1193,553
1391.png,124,174,Smoke,1256,377,1380,551
1391.png,181,109,Smoke,1739,457,1920,566
1391.png,76,227,Smoke,1616,382,1692,609
1391.png,155,48,Smoke,1718,577,1873,625
1391.png,50,128,Smoke,1431,415,1481,543
1391.png,141,67,Smoke,1759,374,1900,441
1391.png,57,57,Smoke,1754,305,1811,362
1391.png,55,80,Smoke,546,424,601,504
1391.png,23,151,Smoke,1212,423,1235,574
1391.png,57,57,Smoke,1754,305,1811,362
1391.png,55,80,Smoke,546,424,601,504
1391.png,23,151,Smoke,1212,422,1235,573
1392.png,80,48,Smoke,414,514,494,562
1392.png,101,107,Smoke,635,446,736,553
1392.png,90,67,Smoke,815,489,905,556
1392.png,130,227,Smoke,1023,324,1153,551
1392.png,32,170,Smoke,962,375,994,545
1392.png,29,218,Smoke,1164,337,1193,555
1392.png,124,174,Smoke,1256,377,1380,551
1392.png,180,109,Smoke,1740,457,1920,566
1392.png,76,227,Smoke,1616,382,1692,609
1392.png,155,48,Smoke,1718,577,1873,625
1392.png,50,128,Smoke,1431,415,1481,543
1392.png,141,67,Smoke,1759,374,1900,441
1392.png,55,80,Smoke,546,424,601,504
1392.png,23,151,Smoke,1212,423,1235,574
1393.png,80,48,Smoke,414,514,494,562
1393.png,101,107,Smoke,635,446,736,553
1393.png,90,67,Smoke,816,489,906,556
1393.png,130,227,Smoke,1022,322,1152,549
1393.png,32,170,Smoke,962,375,994,545
1393.png,29,218,Smoke,1164,335,1193,553
1393.png,124,174,Smoke,1256,377,1380,551
1393.png,181,109,Smoke,1739,457,1920,566
1393.png,76,227,Smoke,1615,381,1691,608
1393.png,155,48,Smoke,1718,577,1873,625
1393.png,50,128,Smoke,1431,415,1481,543
1393.png,141,67,Smoke,1759,374,1900,441
1393.png,57,57,Smoke,1754,306,1811,363
1394.png,80,48,Smoke,414,514,494,562
1394.png,101,107,Smoke,635,446,736,553
1394.png,90,67,Smoke,816,490,906,557
1394.png,130,227,Smoke,1022,323,1152,550
1394.png,32,170,Smoke,962,375,994,545
1394.png,29,218,Smoke,1164,335,1193,553
1394.png,124,174,Smoke,1256,377,1380,551
1394.png,180,109,Smoke,1740,457,1920,566
1394.png,76,227,Smoke,1616,381,1692,608
1394.png,155,48,Smoke,1718,577,1873,625
1394.png,50,128,Smoke,1431,415,1481,543
1394.png,141,67,Smoke,1759,374,1900,441
1394.png,57,57,Smoke,1754,305,1811,362
1394.png,55,80,Smoke,546,424,601,504
1394.png,23,151,Smoke,1212,423,1235,574
1395.png,80,48,Smoke,414,514,494,562
1395.png,101,107,Smoke,635,446,736,553
1395.png,90,67,Smoke,816,489,906,556
1395.png,130,227,Smoke,1022,322,1152,549
1395.png,32,170,Smoke,962,375,994,545
1395.png,29,218,Smoke,1164,335,1193,553
1395.png,124,174,Smoke,1256,377,1380,551
1395.png,181,109,Smoke,1739,457,1920,566
1395.png,76,227,Smoke,1616,382,1692,609
1395.png,155,48,Smoke,1718,577,1873,625
1395.png,50,128,Smoke,1431,415,1481,543
1395.png,141,67,Smoke,1758,374,1899,441
1395.png,57,57,Smoke,1754,305,1811,362
1395.png,55,80,Smoke,546,424,601,504
1395.png,23,151,Smoke,1212,423,1235,574
1396.png,80,48,Smoke,414,514,494,562
1396.png,101,107,Smoke,635,446,736,553
1396.png,90,67,Smoke,816,489,906,556
1396.png,130,227,Smoke,1022,323,1152,550
1396.png,32,170,Smoke,962,375,994,545
1396.png,29,218,Smoke,1164,335,1193,553
1396.png,124,174,Smoke,1256,377,1380,551
1396.png,182,109,Smoke,1738,457,1920,566
1396.png,76,227,Smoke,1616,381,1692,608
1396.png,155,48,Smoke,1718,577,1873,625
1396.png,50,128,Smoke,1431,414,1481,542
1396.png,141,67,Smoke,1759,374,1900,441
1396.png,57,57,Smoke,1754,305,1811,362
1396.png,55,80,Smoke,546,424,601,504
1396.png,23,151,Smoke,1212,422,1235,573
1397.png,80,48,Smoke,414,514,494,562
1397.png,101,107,Smoke,635,446,736,553
1397.png,90,67,Smoke,816,489,906,556
1397.png,130,227,Smoke,1022,322,1152,549
1397.png,32,170,Smoke,962,375,994,545
1397.png,29,218,Smoke,1164,335,1193,553
1397.png,124,174,Smoke,1256,377,1380,551
1397.png,181,109,Smoke,1739,457,1920,566
1397.png,76,227,Smoke,1616,382,1692,609
1397.png,155,48,Smoke,1718,577,1873,625
1397.png,50,128,Smoke,1431,415,1481,543
1397.png,141,67,Smoke,1759,374,1900,441
1397.png,57,57,Smoke,1754,305,1811,362
1397.png,55,80,Smoke,546,424,601,504
1397.png,23,151,Smoke,1212,423,1235,574
1398.png,80,48,Smoke,414,514,494,562
1398.png,101,107,Smoke,635,446,736,553
1398.png,90,67,Smoke,816,489,906,556
1398.png,130,227,Smoke,1022,323,1152,550
1398.png,32,170,Smoke,962,375,994,545
1398.png,29,218,Smoke,1164,335,1193,553
1398.png,124,174,Smoke,1256,377,1380,551
1398.png,180,109,Smoke,1740,457,1920,566
1398.png,76,227,Smoke,1616,381,1692,608
1398.png,155,48,Smoke,1718,577,1873,625
1398.png,50,128,Smoke,1431,415,1481,543
1398.png,141,67,Smoke,1759,374,1900,441
1398.png,57,57,Smoke,1754,305,1811,362
1398.png,55,80,Smoke,546,424,601,504
1398.png,23,151,Smoke,1212,422,1235,573
1399.png,80,48,Smoke,414,514,494,562
1399.png,101,107,Smoke,635,446,736,553
1399.png,90,67,Smoke,815,489,905,556
1399.png,130,227,Smoke,1022,324,1152,551
1399.png,32,170,Smoke,962,375,994,545
1399.png,29,218,Smoke,1164,335,1193,553
1399.png,124,174,Smoke,1256,377,1380,551
1399.png,181,109,Smoke,1739,457,1920,566
1399.png,76,227,Smoke,1616,382,1692,609
1399.png,155,48,Smoke,1718,577,1873,625
1399.png,50,128,Smoke,1431,415,1481,543
1399.png,141,67,Smoke,1759,374,1900,441
1399.png,57,57,Smoke,1754,305,1811,362
1399.png,55,80,Smoke,546,424,601,504
1399.png,23,151,Smoke,1212,423,1235,574
1400.png,80,48,Smoke,414,514,494,562
1400.png,101,107,Smoke,635,446,736,553
1400.png,90,67,Smoke,816,489,906,556
1400.png,130,227,Smoke,1023,323,1153,550
1400.png,32,170,Smoke,962,375,994,545
1400.png,29,218,Smoke,1164,335,1193,553
1400.png,124,174,Smoke,1256,377,1380,551
1400.png,180,109,Smoke,1740,457,1920,566
1400.png,76,227,Smoke,1616,381,1692,608
1400.png,155,48,Smoke,1718,577,1873,625
1400.png,50,128,Smoke,1431,415,1481,543
1400.png,141,67,Smoke,1759,374,1900,441
1400.png,57,57,Smoke,1754,305,1811,362
1400.png,55,80,Smoke,546,424,601,504
1400.png,23,151,Smoke,1212,422,1235,573
1401.png,80,48,Smoke,414,514,494,562
1401.png,101,107,Smoke,635,446,736,553
1401.png,90,67,Smoke,815,489,905,556
1401.png,130,227,Smoke,1022,324,1152,551
1401.png,32,170,Smoke,962,375,994,545
1401.png,29,218,Smoke,1164,335,1193,553
1401.png,124,174,Smoke,1256,377,1380,551
1401.png,181,109,Smoke,1739,457,1920,566
1401.png,76,227,Smoke,1616,382,1692,609
1401.png,155,48,Smoke,1718,577,1873,625
1401.png,50,128,Smoke,1431,415,1481,543
1401.png,141,67,Smoke,1759,374,1900,441
1401.png,57,57,Smoke,1754,305,1811,362
1401.png,55,80,Smoke,546,424,601,504
1401.png,23,151,Smoke,1212,423,1235,574
1401.png,57,57,Smoke,1754,305,1811,362
1401.png,55,80,Smoke,546,424,601,504
1401.png,23,151,Smoke,1212,422,1235,573
1402.png,80,48,Smoke,414,514,494,562
1402.png,101,107,Smoke,635,446,736,553
1402.png,90,67,Smoke,815,489,905,556
1402.png,130,227,Smoke,1022,323,1152,550
1402.png,32,170,Smoke,962,375,994,545
1402.png,29,218,Smoke,1164,335,1193,553
1402.png,124,174,Smoke,1256,377,1380,551
1402.png,180,109,Smoke,1740,457,1920,566
1402.png,76,227,Smoke,1616,382,1692,609
1402.png,155,48,Smoke,1718,577,1873,625
1402.png,50,128,Smoke,1431,414,1481,542
1402.png,141,67,Smoke,1759,374,1900,441
1402.png,55,80,Smoke,546,424,601,504
1402.png,23,151,Smoke,1212,423,1235,574
1403.png,80,48,Smoke,414,514,494,562
1403.png,101,107,Smoke,635,446,736,553
1403.png,90,67,Smoke,815,489,905,556
1403.png,130,227,Smoke,1022,324,1152,551
1403.png,32,170,Smoke,962,375,994,545
1403.png,29,218,Smoke,1164,335,1193,553
1403.png,124,174,Smoke,1256,377,1380,551
1403.png,181,109,Smoke,1739,457,1920,566
1403.png,76,227,Smoke,1616,382,1692,609
1403.png,155,48,Smoke,1718,577,1873,625
1403.png,50,128,Smoke,1432,416,1482,544
1403.png,141,67,Smoke,1759,374,1900,441
1403.png,57,57,Smoke,1754,305,1811,362
1404.png,80,48,Smoke,414,514,494,562
1404.png,101,107,Smoke,635,446,736,553
1404.png,90,67,Smoke,815,489,905,556
1404.png,130,227,Smoke,1023,324,1153,551
1404.png,32,170,Smoke,962,375,994,545
1404.png,29,218,Smoke,1164,335,1193,553
1404.png,124,174,Smoke,1256,377,1380,551
1404.png,182,109,Smoke,1738,457,1920,566
1404.png,76,227,Smoke,1616,381,1692,608
1404.png,155,48,Smoke,1718,577,1873,625
1404.png,50,128,Smoke,1432,415,1482,543
1404.png,141,67,Smoke,1758,374,1899,441
1404.png,57,57,Smoke,1754,305,1811,362
1404.png,55,80,Smoke,546,424,601,504
1404.png,23,151,Smoke,1212,424,1235,575
1405.png,80,48,Smoke,414,514,494,562
1405.png,101,107,Smoke,635,446,736,553
1405.png,90,67,Smoke,815,489,905,556
1405.png,130,227,Smoke,1022,324,1152,551
1405.png,32,170,Smoke,962,375,994,545
1405.png,29,218,Smoke,1164,335,1193,553
1405.png,124,174,Smoke,1256,377,1380,551
1405.png,181,109,Smoke,1739,457,1920,566
1405.png,76,227,Smoke,1616,382,1692,609
1405.png,155,48,Smoke,1718,577,1873,625
1405.png,50,128,Smoke,1431,415,1481,543
1405.png,141,67,Smoke,1759,374,1900,441
1405.png,57,57,Smoke,1754,305,1811,362
1405.png,55,80,Smoke,546,424,601,504
1405.png,23,151,Smoke,1212,423,1235,574
1406.png,80,48,Smoke,414,514,494,562
1406.png,101,107,Smoke,635,446,736,553
1406.png,90,67,Smoke,814,489,904,556
1406.png,130,227,Smoke,1022,324,1152,551
1406.png,32,170,Smoke,962,375,994,545
1406.png,29,218,Smoke,1164,335,1193,553
1406.png,124,174,Smoke,1256,377,1380,551
1406.png,180,109,Smoke,1740,457,1920,566
1406.png,76,227,Smoke,1616,382,1692,609
1406.png,155,48,Smoke,1718,577,1873,625
1406.png,50,128,Smoke,1431,413,1481,541
1406.png,141,67,Smoke,1759,374,1900,441
1406.png,57,57,Smoke,1754,305,1811,362
1406.png,55,80,Smoke,546,424,601,504
1406.png,23,151,Smoke,1212,424,1235,575
1407.png,80,48,Smoke,414,514,494,562
1407.png,101,107,Smoke,635,446,736,553
1407.png,90,67,Smoke,816,490,906,557
1407.png,130,227,Smoke,1022,322,1152,549
1407.png,32,170,Smoke,962,375,994,545
1407.png,29,218,Smoke,1164,335,1193,553
1407.png,124,174,Smoke,1256,377,1380,551
1407.png,181,109,Smoke,1739,457,1920,566
1407.png,76,227,Smoke,1616,382,1692,609
1407.png,155,48,Smoke,1718,577,1873,625
1407.png,50,128,Smoke,1431,415,1481,543
1407.png,141,67,Smoke,1759,374,1900,441
1407.png,57,57,Smoke,1754,305,1811,362
1407.png,55,80,Smoke,546,424,601,504
1407.png,23,151,Smoke,1212,423,1235,574
1408.png,80,48,Smoke,414,514,494,562
1408.png,101,107,Smoke,635,446,736,553
1408.png,90,67,Smoke,815,489,905,556
1408.png,130,227,Smoke,1023,324,1153,551
1408.png,32,170,Smoke,962,375,994,545
1408.png,29,218,Smoke,1164,335,1193,553
1408.png,124,174,Smoke,1256,377,1380,551
1408.png,180,109,Smoke,1740,457,1920,566
1408.png,76,227,Smoke,1616,383,1692,610
1408.png,155,48,Smoke,1718,577,1873,625
1408.png,50,128,Smoke,1432,415,1482,543
1408.png,141,67,Smoke,1759,374,1900,441
1408.png,57,57,Smoke,1754,305,1811,362
1408.png,55,80,Smoke,546,424,601,504
1408.png,23,151,Smoke,1212,424,1235,575
1409.png,80,48,Smoke,414,514,494,562
1409.png,101,107,Smoke,635,446,736,553
1409.png,90,67,Smoke,815,489,905,556
1409.png,130,227,Smoke,1023,324,1153,551
1409.png,32,170,Smoke,962,375,994,545
1409.png,29,218,Smoke,1164,335,1193,553
1409.png,124,174,Smoke,1256,377,1380,551
1409.png,181,109,Smoke,1739,457,1920,566
1409.png,76,227,Smoke,1616,382,1692,609
1409.png,155,48,Smoke,1718,577,1873,625
1409.png,50,128,Smoke,1432,415,1482,543
1409.png,141,67,Smoke,1759,374,1900,441
1409.png,57,57,Smoke,1754,305,1811,362
1409.png,55,80,Smoke,546,424,601,504
1409.png,23,151,Smoke,1212,423,1235,574
1410.png,80,48,Smoke,414,514,494,562
1410.png,101,107,Smoke,635,446,736,553
1410.png,90,67,Smoke,815,489,905,556
1410.png,130,227,Smoke,1023,324,1153,551
1410.png,32,170,Smoke,962,374,994,544
1410.png,29,218,Smoke,1164,335,1193,553
1410.png,124,174,Smoke,1256,377,1380,551
1410.png,180,109,Smoke,1740,457,1920,566
1410.png,76,227,Smoke,1616,382,1692,609
1410.png,155,48,Smoke,1718,577,1873,625
1410.png,50,128,Smoke,1432,415,1482,543
1410.png,141,67,Smoke,1759,374,1900,441
1410.png,57,57,Smoke,1754,305,1811,362
1410.png,55,80,Smoke,546,424,601,504
1410.png,23,151,Smoke,1212,424,1235,575
1411.png,80,48,Smoke,414,514,494,562
1411.png,101,107,Smoke,635,446,736,553
1411.png,90,67,Smoke,815,489,905,556
1411.png,130,227,Smoke,1023,324,1153,551
1411.png,32,170,Smoke,962,373,994,543
1411.png,29,218,Smoke,1164,335,1193,553
1411.png,124,174,Smoke,1256,377,1380,551
1411.png,181,109,Smoke,1739,457,1920,566
1411.png,76,227,Smoke,1617,383,1693,610
1411.png,155,48,Smoke,1718,577,1873,625
1411.png,50,128,Smoke,1431,415,1481,543
1411.png,141,67,Smoke,1759,374,1900,441
1411.png,57,57,Smoke,1753,305,1810,362
1411.png,55,80,Smoke,546,424,601,504
1411.png,23,151,Smoke,1212,423,1235,574
1411.png,57,57,Smoke,1755,305,1812,362
1411.png,55,80,Smoke,546,424,601,504
1411.png,23,151,Smoke,1212,424,1235,575
1412.png,80,48,Smoke,414,514,494,562
1412.png,101,107,Smoke,635,446,736,553
1412.png,90,67,Smoke,815,488,905,555
1412.png,130,227,Smoke,1023,324,1153,551
1412.png,32,170,Smoke,962,373,994,543
1412.png,29,218,Smoke,1164,333,1193,551
1412.png,124,174,Smoke,1256,377,1380,551
1412.png,180,109,Smoke,1740,457,1920,566
1412.png,76,227,Smoke,1617,383,1693,610
1412.png,155,48,Smoke,1717,577,1872,625
1412.png,50,128,Smoke,1431,415,1481,543
1412.png,141,67,Smoke,1759,375,1900,442
1412.png,55,80,Smoke,546,424,601,504
1412.png,23,151,Smoke,1212,423,1235,574
1413.png,80,48,Smoke,414,514,494,562
1413.png,101,107,Smoke,635,446,736,553
1413.png,90,67,Smoke,815,488,905,555
1413.png,130,227,Smoke,1024,323,1154,550
1413.png,32,170,Smoke,962,373,994,543
1413.png,29,218,Smoke,1164,333,1193,551
1413.png,132,155,Smoke,1248,395,1380,550
1413.png,181,109,Smoke,1739,457,1920,566
1413.png,76,227,Smoke,1617,383,1693,610
1413.png,155,48,Smoke,1718,577,1873,625
1413.png,50,128,Smoke,1431,415,1481,543
1413.png,141,67,Smoke,1759,374,1900,441
1413.png,57,57,Smoke,1755,305,1812,362
1414.png,80,48,Smoke,414,514,494,562
1414.png,101,107,Smoke,635,446,736,553
1414.png,90,67,Smoke,815,488,905,555
1414.png,130,227,Smoke,1024,323,1154,550
1414.png,32,170,Smoke,962,373,994,543
1414.png,29,218,Smoke,1164,334,1193,552
1414.png,132,155,Smoke,1248,395,1380,550
1414.png,182,109,Smoke,1738,457,1920,566
1414.png,76,227,Smoke,1617,383,1693,610
1414.png,155,48,Smoke,1718,577,1873,625
1414.png,50,128,Smoke,1431,415,1481,543
1414.png,141,67,Smoke,1759,374,1900,441
1414.png,57,57,Smoke,1755,305,1812,362
1414.png,55,80,Smoke,546,424,601,504
1414.png,23,151,Smoke,1212,423,1235,574
1415.png,80,48,Smoke,414,514,494,562
1415.png,101,107,Smoke,635,446,736,553
1415.png,90,67,Smoke,816,489,906,556
1415.png,130,227,Smoke,1024,323,1154,550
1415.png,32,170,Smoke,962,373,994,543
1415.png,29,218,Smoke,1164,333,1193,551
1415.png,132,155,Smoke,1248,396,1380,551
1415.png,181,109,Smoke,1739,457,1920,566
1415.png,76,227,Smoke,1617,383,1693,610
1415.png,155,48,Smoke,1718,577,1873,625
1415.png,50,128,Smoke,1431,415,1481,543
1415.png,141,67,Smoke,1759,374,1900,441
1415.png,57,57,Smoke,1755,305,1812,362
1415.png,55,80,Smoke,546,424,601,504
1415.png,23,151,Smoke,1212,423,1235,574
1416.png,80,48,Smoke,414,514,494,562
1416.png,101,107,Smoke,635,446,736,553
1416.png,90,67,Smoke,816,489,906,556
1416.png,130,227,Smoke,1023,323,1153,550
1416.png,32,170,Smoke,962,373,994,543
1416.png,29,218,Smoke,1164,333,1193,551
1416.png,132,155,Smoke,1248,396,1380,551
1416.png,182,109,Smoke,1738,457,1920,566
1416.png,76,227,Smoke,1617,382,1693,609
1416.png,155,48,Smoke,1718,578,1873,626
1416.png,50,128,Smoke,1431,415,1481,543
1416.png,141,67,Smoke,1759,374,1900,441
1416.png,57,57,Smoke,1755,305,1812,362
1416.png,55,80,Smoke,546,424,601,504
1416.png,23,151,Smoke,1212,423,1235,574
1417.png,80,48,Smoke,414,514,494,562
1417.png,101,107,Smoke,635,446,736,553
1417.png,90,67,Smoke,816,489,906,556
1417.png,130,227,Smoke,1023,322,1153,549
1417.png,32,170,Smoke,962,373,994,543
1417.png,29,218,Smoke,1164,333,1193,551
1417.png,132,155,Smoke,1249,395,1381,550
1417.png,181,109,Smoke,1739,458,1920,567
1417.png,76,227,Smoke,1617,383,1693,610
1417.png,155,48,Smoke,1718,577,1873,625
1417.png,50,128,Smoke,1431,415,1481,543
1417.png,141,67,Smoke,1759,374,1900,441
1417.png,57,57,Smoke,1755,305,1812,362
1417.png,55,80,Smoke,546,424,601,504
1417.png,23,151,Smoke,1212,423,1235,574
1418.png,80,48,Smoke,414,514,494,562
1418.png,101,107,Smoke,635,446,736,553
1418.png,90,67,Smoke,816,488,906,555
1418.png,130,227,Smoke,1023,323,1153,550
1418.png,32,170,Smoke,962,373,994,543
1418.png,29,218,Smoke,1164,333,1193,551
1418.png,132,155,Smoke,1248,395,1380,550
1418.png,182,109,Smoke,1738,458,1920,567
1418.png,76,227,Smoke,1617,384,1693,611
1418.png,155,48,Smoke,1718,577,1873,625
1418.png,50,128,Smoke,1431,414,1481,542
1418.png,141,67,Smoke,1759,374,1900,441
1418.png,57,57,Smoke,1755,305,1812,362
1418.png,55,80,Smoke,546,424,601,504
1418.png,23,151,Smoke,1212,423,1235,574
1419.png,80,48,Smoke,414,514,494,562
1419.png,101,107,Smoke,635,446,736,553
1419.png,90,67,Smoke,816,489,906,556
1419.png,130,227,Smoke,1023,322,1153,549
1419.png,32,170,Smoke,962,373,994,543
1419.png,29,218,Smoke,1164,333,1193,551
1419.png,132,155,Smoke,1248,395,1380,550
1419.png,181,109,Smoke,1739,457,1920,566
1419.png,76,227,Smoke,1617,383,1693,610
1419.png,155,48,Smoke,1718,577,1873,625
1419.png,50,128,Smoke,1431,414,1481,542
1419.png,141,67,Smoke,1759,374,1900,441
1419.png,57,57,Smoke,1755,305,1812,362
1419.png,55,80,Smoke,546,424,601,504
1419.png,23,151,Smoke,1212,423,1235,574
1420.png,80,48,Smoke,414,514,494,562
1420.png,101,107,Smoke,635,446,736,553
1420.png,90,67,Smoke,815,489,905,556
1420.png,130,227,Smoke,1023,321,1153,548
1420.png,32,170,Smoke,962,373,994,543
1420.png,29,218,Smoke,1164,333,1193,551
1420.png,132,155,Smoke,1248,396,1380,551
1420.png,180,109,Smoke,1740,457,1920,566
1420.png,76,227,Smoke,1617,383,1693,610
1420.png,155,48,Smoke,1718,577,1873,625
1420.png,50,128,Smoke,1431,414,1481,542
1420.png,141,67,Smoke,1759,374,1900,441
1420.png,57,57,Smoke,1755,305,1812,362
1420.png,55,80,Smoke,546,424,601,504
1420.png,23,151,Smoke,1212,422,1235,573
1421.png,80,48,Smoke,414,514,494,562
1421.png,101,107,Smoke,635,446,736,553
1421.png,90,67,Smoke,816,488,906,555
1421.png,130,227,Smoke,1023,322,1153,549
1421.png,32,170,Smoke,962,373,994,543
1421.png,29,218,Smoke,1164,333,1193,551
1421.png,132,155,Smoke,1248,396,1380,551
1421.png,181,109,Smoke,1739,457,1920,566
1421.png,76,227,Smoke,1618,383,1694,610
1421.png,155,48,Smoke,1718,577,1873,625
1421.png,50,128,Smoke,1431,414,1481,542
1421.png,141,67,Smoke,1759,374,1900,441
1421.png,57,57,Smoke,1755,305,1812,362
1421.png,55,80,Smoke,546,424,601,504
1421.png,23,151,Smoke,1212,423,1235,574
1421.png,57,57,Smoke,1755,305,1812,362
1421.png,55,80,Smoke,546,424,601,504
1421.png,23,151,Smoke,1212,422,1235,573
1422.png,80,48,Smoke,414,514,494,562
1422.png,101,107,Smoke,635,446,736,553
1422.png,90,67,Smoke,816,488,906,555
1422.png,130,227,Smoke,1023,322,1153,549
1422.png,32,170,Smoke,962,375,994,545
1422.png,29,218,Smoke,1164,333,1193,551
1422.png,132,155,Smoke,1248,396,1380,551
1422.png,180,109,Smoke,1740,457,1920,566
1422.png,76,227,Smoke,1618,384,1694,611
1422.png,155,48,Smoke,1718,577,1873,625
1422.png,50,128,Smoke,1431,414,1481,542
1422.png,141,67,Smoke,1759,374,1900,441
1422.png,55,80,Smoke,546,424,601,504
1422.png,23,151,Smoke,1212,423,1235,574
1423.png,80,48,Smoke,414,514,494,562
1423.png,101,107,Smoke,635,446,736,553
1423.png,90,67,Smoke,816,488,906,555
1423.png,130,227,Smoke,1023,322,1153,549
1423.png,32,170,Smoke,962,372,994,542
1423.png,29,218,Smoke,1164,333,1193,551
1423.png,132,155,Smoke,1248,396,1380,551
1423.png,181,109,Smoke,1739,457,1920,566
1423.png,76,227,Smoke,1619,383,1695,610
1423.png,155,48,Smoke,1718,577,1873,625
1423.png,50,128,Smoke,1431,414,1481,542
1423.png,141,67,Smoke,1759,374,1900,441
1423.png,57,57,Smoke,1755,305,1812,362
1424.png,80,48,Smoke,414,514,494,562
1424.png,101,107,Smoke,635,446,736,553
1424.png,90,67,Smoke,816,488,906,555
1424.png,130,227,Smoke,1023,322,1153,549
1424.png,32,170,Smoke,962,372,994,542
1424.png,29,218,Smoke,1164,333,1193,551
1424.png,132,155,Smoke,1248,397,1380,552
1424.png,180,109,Smoke,1740,457,1920,566
1424.png,76,227,Smoke,1618,384,1694,611
1424.png,155,48,Smoke,1718,577,1873,625
1424.png,50,128,Smoke,1431,414,1481,542
1424.png,141,67,Smoke,1759,374,1900,441
1424.png,57,57,Smoke,1755,305,1812,362
1424.png,55,80,Smoke,546,424,601,504
1424.png,23,151,Smoke,1212,424,1235,575
1425.png,80,48,Smoke,414,514,494,562
1425.png,101,107,Smoke,635,446,736,553
1425.png,90,67,Smoke,816,488,906,555
1425.png,130,227,Smoke,1023,322,1153,549
1425.png,32,170,Smoke,962,373,994,543
1425.png,29,218,Smoke,1164,333,1193,551
1425.png,132,155,Smoke,1247,396,1379,551
1425.png,181,109,Smoke,1739,456,1920,565
1425.png,76,227,Smoke,1619,383,1695,610
1425.png,155,48,Smoke,1718,578,1873,626
1425.png,50,128,Smoke,1431,414,1481,542
1425.png,141,67,Smoke,1759,374,1900,441
1425.png,57,57,Smoke,1755,305,1812,362
1425.png,55,80,Smoke,546,424,601,504
1425.png,23,151,Smoke,1212,423,1235,574
1426.png,80,48,Smoke,414,514,494,562
1426.png,101,107,Smoke,635,446,736,553
1426.png,90,67,Smoke,816,488,906,555
1426.png,130,227,Smoke,1023,322,1153,549
1426.png,32,170,Smoke,962,373,994,543
1426.png,29,218,Smoke,1164,333,1193,551
1426.png,132,155,Smoke,1249,396,1381,551
1426.png,180,109,Smoke,1740,456,1920,565
1426.png,76,227,Smoke,1619,384,1695,611
1426.png,155,48,Smoke,1718,578,1873,626
1426.png,50,128,Smoke,1431,414,1481,542
1426.png,141,67,Smoke,1759,374,1900,441
1426.png,57,57,Smoke,1755,304,1812,361
1426.png,55,80,Smoke,546,424,601,504
1426.png,23,151,Smoke,1212,424,1235,575
1427.png,80,48,Smoke,414,514,494,562
1427.png,101,107,Smoke,635,446,736,553
1427.png,90,67,Smoke,816,488,906,555
1427.png,130,227,Smoke,1023,322,1153,549
1427.png,32,170,Smoke,962,373,994,543
1427.png,29,218,Smoke,1164,335,1193,553
1427.png,132,155,Smoke,1249,396,1381,551
1427.png,181,109,Smoke,1739,456,1920,565
1427.png,76,227,Smoke,1619,383,1695,610
1427.png,155,48,Smoke,1718,578,1873,626
1427.png,50,128,Smoke,1431,414,1481,542
1427.png,141,67,Smoke,1759,374,1900,441
1427.png,57,57,Smoke,1755,305,1812,362
1427.png,55,80,Smoke,546,424,601,504
1427.png,23,151,Smoke,1212,423,1235,574
1428.png,80,48,Smoke,414,514,494,562
1428.png,101,107,Smoke,635,446,736,553
1428.png,90,67,Smoke,816,488,906,555
1428.png,130,227,Smoke,1023,322,1153,549
1428.png,32,170,Smoke,962,373,994,543
1428.png,29,218,Smoke,1164,335,1193,553
1428.png,132,155,Smoke,1248,396,1380,551
1428.png,180,109,Smoke,1740,456,1920,565
1428.png,76,227,Smoke,1619,383,1695,610
1428.png,155,48,Smoke,1718,578,1873,626
1428.png,50,128,Smoke,1431,414,1481,542
1428.png,141,67,Smoke,1759,374,1900,441
1428.png,57,57,Smoke,1755,305,1812,362
1428.png,55,80,Smoke,546,424,601,504
1428.png,23,151,Smoke,1212,424,1235,575
1429.png,80,48,Smoke,414,514,494,562
1429.png,101,107,Smoke,635,446,736,553
1429.png,90,67,Smoke,816,488,906,555
1429.png,130,227,Smoke,1023,320,1153,547
1429.png,32,170,Smoke,962,371,994,541
1429.png,29,218,Smoke,1164,333,1193,551
1429.png,132,155,Smoke,1248,397,1380,552
1429.png,181,109,Smoke,1739,457,1920,566
1429.png,76,227,Smoke,1619,383,1695,610
1429.png,155,48,Smoke,1718,578,1873,626
1429.png,50,128,Smoke,1431,414,1481,542
1429.png,141,67,Smoke,1759,374,1900,441
1429.png,57,57,Smoke,1755,305,1812,362
1429.png,55,80,Smoke,546,424,601,504
1429.png,23,151,Smoke,1212,423,1235,574
1430.png,80,48,Smoke,414,514,494,562
1430.png,101,107,Smoke,635,446,736,553
1430.png,90,67,Smoke,816,488,906,555
1430.png,130,227,Smoke,1023,321,1153,548
1430.png,32,170,Smoke,962,371,994,541
1430.png,29,218,Smoke,1164,333,1193,551
1430.png,132,155,Smoke,1248,397,1380,552
1430.png,180,109,Smoke,1740,457,1920,566
1430.png,76,227,Smoke,1619,384,1695,611
1430.png,155,48,Smoke,1718,578,1873,626
1430.png,50,128,Smoke,1431,414,1481,542
1430.png,141,67,Smoke,1759,374,1900,441
1430.png,57,57,Smoke,1755,305,1812,362
1430.png,55,80,Smoke,546,424,601,504
1430.png,23,151,Smoke,1212,424,1235,575
1431.png,80,48,Smoke,414,514,494,562
1431.png,101,107,Smoke,635,446,736,553
1431.png,90,67,Smoke,816,488,906,555
1431.png,130,227,Smoke,1023,322,1153,549
1431.png,32,170,Smoke,962,373,994,543
1431.png,29,218,Smoke,1164,335,1193,553
1431.png,132,155,Smoke,1247,396,1379,551
1431.png,181,109,Smoke,1739,457,1920,566
1431.png,76,227,Smoke,1619,383,1695,610
1431.png,155,48,Smoke,1716,577,1871,625
1431.png,50,128,Smoke,1431,414,1481,542
1431.png,141,67,Smoke,1759,374,1900,441
1431.png,57,57,Smoke,1755,305,1812,362
1431.png,55,80,Smoke,546,424,601,504
1431.png,23,151,Smoke,1212,423,1235,574
1431.png,57,57,Smoke,1755,305,1812,362
1431.png,55,80,Smoke,546,424,601,504
1431.png,23,151,Smoke,1212,424,1235,575
1432.png,80,48,Smoke,414,514,494,562
1432.png,101,107,Smoke,635,446,736,553
1432.png,90,67,Smoke,816,488,906,555
1432.png,130,227,Smoke,1023,321,1153,548
1432.png,32,170,Smoke,962,373,994,543
1432.png,29,218,Smoke,1164,333,1193,551
1432.png,132,155,Smoke,1247,396,1379,551
1432.png,180,109,Smoke,1740,457,1920,566
1432.png,76,227,Smoke,1619,382,1695,609
1432.png,155,48,Smoke,1716,577,1871,625
1432.png,50,128,Smoke,1431,414,1481,542
1432.png,141,67,Smoke,1759,374,1900,441
1432.png,55,80,Smoke,546,424,601,504
1432.png,23,151,Smoke,1212,423,1235,574
1433.png,80,48,Smoke,414,514,494,562
1433.png,101,107,Smoke,635,446,736,553
1433.png,90,67,Smoke,816,488,906,555
1433.png,130,227,Smoke,1023,322,1153,549
1433.png,32,170,Smoke,962,373,994,543
1433.png,29,218,Smoke,1164,335,1193,553
1433.png,132,155,Smoke,1247,396,1379,551
1433.png,181,109,Smoke,1739,457,1920,566
1433.png,76,227,Smoke,1619,383,1695,610
1433.png,155,48,Smoke,1716,577,1871,625
1433.png,50,128,Smoke,1431,414,1481,542
1433.png,141,67,Smoke,1759,375,1900,442
1433.png,57,57,Smoke,1755,305,1812,362
1434.png,80,48,Smoke,414,514,494,562
1434.png,101,107,Smoke,635,446,736,553
1434.png,90,67,Smoke,816,487,906,554
1434.png,130,227,Smoke,1023,321,1153,548
1434.png,32,170,Smoke,962,373,994,543
1434.png,29,218,Smoke,1164,333,1193,551
1434.png,132,155,Smoke,1247,396,1379,551
1434.png,180,109,Smoke,1740,457,1920,566
1434.png,76,227,Smoke,1619,382,1695,609
1434.png,155,48,Smoke,1716,577,1871,625
1434.png,50,128,Smoke,1431,414,1481,542
1434.png,141,67,Smoke,1759,374,1900,441
1434.png,57,57,Smoke,1755,305,1812,362
1434.png,55,80,Smoke,546,424,601,504
1434.png,23,151,Smoke,1212,423,1235,574
1435.png,80,48,Smoke,414,514,494,562
1435.png,101,107,Smoke,635,446,736,553
1435.png,90,67,Smoke,816,487,906,554
1435.png,130,227,Smoke,1023,322,1153,549
1435.png,32,170,Smoke,962,373,994,543
1435.png,29,218,Smoke,1164,335,1193,553
1435.png,132,155,Smoke,1247,396,1379,551
1435.png,181,109,Smoke,1739,458,1920,567
1435.png,76,227,Smoke,1619,384,1695,611
1435.png,155,48,Smoke,1716,577,1871,625
1435.png,50,128,Smoke,1431,413,1481,541
1435.png,141,67,Smoke,1759,374,1900,441
1435.png,57,57,Smoke,1755,305,1812,362
1435.png,55,80,Smoke,546,424,601,504
1435.png,23,151,Smoke,1212,423,1235,574
1436.png,80,48,Smoke,414,514,494,562
1436.png,101,107,Smoke,635,446,736,553
1436.png,90,67,Smoke,816,487,906,554
1436.png,130,227,Smoke,1023,321,1153,548
1436.png,32,170,Smoke,962,373,994,543
1436.png,29,218,Smoke,1164,333,1193,551
1436.png,132,155,Smoke,1247,396,1379,551
1436.png,184,109,Smoke,1736,456,1920,565
1436.png,76,227,Smoke,1619,382,1695,609
1436.png,155,48,Smoke,1716,577,1871,625
1436.png,50,128,Smoke,1431,413,1481,541
1436.png,141,67,Smoke,1759,374,1900,441
1436.png,57,57,Smoke,1755,305,1812,362
1436.png,55,80,Smoke,546,424,601,504
1436.png,23,151,Smoke,1212,422,1235,573
1437.png,80,48,Smoke,414,514,494,562
1437.png,101,107,Smoke,635,446,736,553
1437.png,90,67,Smoke,816,487,906,554
1437.png,130,227,Smoke,1023,322,1153,549
1437.png,32,170,Smoke,962,373,994,543
1437.png,29,218,Smoke,1164,333,1193,551
1437.png,132,155,Smoke,1247,396,1379,551
1437.png,181,109,Smoke,1739,458,1920,567
1437.png,76,227,Smoke,1619,384,1695,611
1437.png,155,48,Smoke,1716,577,1871,625
1437.png,50,128,Smoke,1431,414,1481,542
1437.png,141,67,Smoke,1759,374,1900,441
1437.png,57,57,Smoke,1755,305,1812,362
1437.png,55,80,Smoke,546,424,601,504
1437.png,23,151,Smoke,1212,423,1235,574
1438.png,80,48,Smoke,414,514,494,562
1438.png,101,107,Smoke,635,446,736,553
1438.png,90,67,Smoke,816,486,906,553
1438.png,130,227,Smoke,1023,321,1153,548
1438.png,32,170,Smoke,962,373,994,543
1438.png,29,218,Smoke,1164,333,1193,551
1438.png,132,155,Smoke,1247,396,1379,551
1438.png,180,109,Smoke,1740,457,1920,566
1438.png,76,227,Smoke,1619,383,1695,610
1438.png,155,48,Smoke,1717,578,1872,626
1438.png,50,128,Smoke,1431,414,1481,542
1438.png,141,67,Smoke,1759,374,1900,441
1438.png,57,57,Smoke,1755,305,1812,362
1438.png,55,80,Smoke,546,424,601,504
1438.png,23,151,Smoke,1212,422,1235,573
1439.png,80,48,Smoke,414,514,494,562
1439.png,101,107,Smoke,635,446,736,553
1439.png,103,55,Smoke,815,498,918,553
1439.png,130,227,Smoke,1023,322,1153,549
1439.png,32,170,Smoke,962,373,994,543
1439.png,29,218,Smoke,1164,335,1193,553
1439.png,132,155,Smoke,1247,396,1379,551
1439.png,181,109,Smoke,1739,457,1920,566
1439.png,76,227,Smoke,1620,384,1696,611
1439.png,155,48,Smoke,1716,578,1871,626
1439.png,50,128,Smoke,1431,414,1481,542
1439.png,141,67,Smoke,1759,374,1900,441
1439.png,57,57,Smoke,1755,305,1812,362
1439.png,55,80,Smoke,546,424,601,504
1439.png,23,151,Smoke,1212,423,1235,574
1440.png,80,48,Smoke,414,514,494,562
1440.png,101,107,Smoke,635,446,736,553
1440.png,103,55,Smoke,815,498,918,553
1440.png,130,227,Smoke,1023,321,1153,548
1440.png,32,170,Smoke,962,373,994,543
1440.png,29,218,Smoke,1164,335,1193,553
1440.png,132,155,Smoke,1247,396,1379,551
1440.png,180,109,Smoke,1740,457,1920,566
1440.png,76,227,Smoke,1620,382,1696,609
1440.png,155,48,Smoke,1717,578,1872,626
1440.png,50,128,Smoke,1431,413,1481,541
1440.png,141,67,Smoke,1759,374,1900,441
1440.png,57,57,Smoke,1755,305,1812,362
1440.png,55,80,Smoke,546,424,601,504
1440.png,23,151,Smoke,1212,422,1235,573
1441.png,80,48,Smoke,414,514,494,562
1441.png,101,107,Smoke,635,446,736,553
1441.png,103,55,Smoke,815,498,918,553
1441.png,130,227,Smoke,1023,322,1153,549
1441.png,32,170,Smoke,962,373,994,543
1441.png,29,218,Smoke,1164,335,1193,553
1441.png,132,155,Smoke,1247,396,1379,551
1441.png,181,109,Smoke,1739,457,1920,566
1441.png,76,227,Smoke,1620,384,1696,611
1441.png,155,48,Smoke,1717,579,1872,627
1441.png,50,128,Smoke,1431,412,1481,540
1441.png,141,67,Smoke,1759,375,1900,442
1441.png,57,57,Smoke,1758,304,1815,361
1441.png,55,80,Smoke,546,424,601,504
1441.png,23,151,Smoke,1212,423,1235,574
1441.png,57,57,Smoke,1758,305,1815,362
1441.png,55,80,Smoke,546,424,601,504
1441.png,23,151,Smoke,1212,424,1235,575
1442.png,80,48,Smoke,414,514,494,562
1442.png,101,107,Smoke,635,446,736,553
1442.png,103,55,Smoke,815,498,918,553
1442.png,130,227,Smoke,1023,321,1153,548
1442.png,32,170,Smoke,962,373,994,543
1442.png,29,218,Smoke,1164,335,1193,553
1442.png,132,155,Smoke,1247,396,1379,551
1442.png,180,109,Smoke,1740,457,1920,566
1442.png,76,227,Smoke,1620,383,1696,610
1442.png,155,48,Smoke,1717,579,1872,627
1442.png,50,128,Smoke,1431,412,1481,540
1442.png,141,67,Smoke,1759,374,1900,441
1442.png,55,80,Smoke,546,424,601,504
1442.png,23,151,Smoke,1212,423,1235,574
1443.png,80,48,Smoke,414,514,494,562
1443.png,101,107,Smoke,635,446,736,553
1443.png,103,55,Smoke,815,498,918,553
1443.png,130,227,Smoke,1023,322,1153,549
1443.png,32,170,Smoke,962,373,994,543
1443.png,29,218,Smoke,1164,335,1193,553
1443.png,132,155,Smoke,1247,396,1379,551
1443.png,181,109,Smoke,1739,456,1920,565
1443.png,76,227,Smoke,1620,384,1696,611
1443.png,155,48,Smoke,1717,579,1872,627
1443.png,50,128,Smoke,1432,412,1482,540
1443.png,141,67,Smoke,1758,375,1899,442
1443.png,57,57,Smoke,1758,305,1815,362
1444.png,80,48,Smoke,414,514,494,562
1444.png,101,107,Smoke,635,446,736,553
1444.png,103,55,Smoke,815,498,918,553
1444.png,130,227,Smoke,1023,322,1153,549
1444.png,32,170,Smoke,962,373,994,543
1444.png,29,218,Smoke,1164,335,1193,553
1444.png,132,155,Smoke,1247,396,1379,551
1444.png,180,109,Smoke,1740,457,1920,566
1444.png,76,227,Smoke,1620,384,1696,611
1444.png,155,48,Smoke,1717,579,1872,627
1444.png,50,128,Smoke,1431,412,1481,540
1444.png,141,67,Smoke,1759,375,1900,442
1444.png,57,57,Smoke,1758,305,1815,362
1444.png,55,80,Smoke,546,424,601,504
1444.png,23,151,Smoke,1212,422,1235,573
1445.png,80,48,Smoke,414,514,494,562
1445.png,101,107,Smoke,635,446,736,553
1445.png,103,55,Smoke,815,498,918,553
1445.png,130,227,Smoke,1023,322,1153,549
1445.png,32,170,Smoke,962,373,994,543
1445.png,29,218,Smoke,1164,335,1193,553
1445.png,132,155,Smoke,1247,396,1379,551
1445.png,181,109,Smoke,1739,457,1920,566
1445.png,76,227,Smoke,1620,384,1696,611
1445.png,155,48,Smoke,1717,579,1872,627
1445.png,50,128,Smoke,1431,412,1481,540
1445.png,141,67,Smoke,1759,375,1900,442
1445.png,57,57,Smoke,1758,305,1815,362
1445.png,55,80,Smoke,546,424,601,504
1445.png,23,151,Smoke,1212,423,1235,574
1446.png,80,48,Smoke,414,514,494,562
1446.png,101,107,Smoke,635,446,736,553
1446.png,103,55,Smoke,815,498,918,553
1446.png,130,227,Smoke,1023,323,1153,550
1446.png,32,170,Smoke,962,373,994,543
1446.png,29,218,Smoke,1164,335,1193,553
1446.png,132,155,Smoke,1247,396,1379,551
1446.png,180,109,Smoke,1740,457,1920,566
1446.png,76,227,Smoke,1620,383,1696,610
1446.png,155,48,Smoke,1717,579,1872,627
1446.png,50,128,Smoke,1431,412,1481,540
1446.png,141,67,Smoke,1759,374,1900,441
1446.png,57,57,Smoke,1758,305,1815,362
1446.png,55,80,Smoke,546,424,601,504
1446.png,23,151,Smoke,1212,422,1235,573
1447.png,80,48,Smoke,414,514,494,562
1447.png,101,107,Smoke,635,446,736,553
1447.png,103,55,Smoke,815,498,918,553
1447.png,130,227,Smoke,1023,322,1153,549
1447.png,32,170,Smoke,962,373,994,543
1447.png,29,218,Smoke,1164,335,1193,553
1447.png,132,155,Smoke,1247,396,1379,551
1447.png,181,109,Smoke,1739,456,1920,565
1447.png,76,227,Smoke,1620,383,1696,610
1447.png,155,48,Smoke,1717,579,1872,627
1447.png,50,128,Smoke,1431,412,1481,540
1447.png,141,67,Smoke,1759,374,1900,441
1447.png,57,57,Smoke,1758,305,1815,362
1447.png,55,80,Smoke,546,424,601,504
1447.png,23,151,Smoke,1212,423,1235,574
1448.png,80,48,Smoke,414,514,494,562
1448.png,101,107,Smoke,635,446,736,553
1448.png,103,55,Smoke,814,499,917,554
1448.png,130,227,Smoke,1023,323,1153,550
1448.png,32,170,Smoke,962,373,994,543
1448.png,29,218,Smoke,1164,335,1193,553
1448.png,132,155,Smoke,1247,396,1379,551
1448.png,180,109,Smoke,1740,457,1920,566
1448.png,76,227,Smoke,1620,383,1696,610
1448.png,155,48,Smoke,1717,579,1872,627
1448.png,50,128,Smoke,1431,412,1481,540
1448.png,141,67,Smoke,1759,374,1900,441
1448.png,57,57,Smoke,1758,305,1815,362
1448.png,55,80,Smoke,546,424,601,504
1448.png,23,151,Smoke,1212,422,1235,573
1449.png,80,48,Smoke,414,514,494,562
1449.png,101,107,Smoke,635,446,736,553
1449.png,103,55,Smoke,815,498,918,553
1449.png,130,227,Smoke,1023,322,1153,549
1449.png,32,170,Smoke,962,373,994,543
1449.png,29,218,Smoke,1164,335,1193,553
1449.png,132,155,Smoke,1247,396,1379,551
1449.png,181,109,Smoke,1739,456,1920,565
1449.png,76,227,Smoke,1620,384,1696,611
1449.png,155,48,Smoke,1717,579,1872,627
1449.png,50,128,Smoke,1431,412,1481,540
1449.png,141,67,Smoke,1759,374,1900,441
1449.png,57,57,Smoke,1758,305,1815,362
1449.png,55,80,Smoke,546,424,601,504
1449.png,23,151,Smoke,1212,423,1235,574
1450.png,80,48,Smoke,414,514,494,562
1450.png,101,107,Smoke,635,446,736,553
1450.png,103,55,Smoke,815,498,918,553
1450.png,130,227,Smoke,1023,323,1153,550
1450.png,32,170,Smoke,962,373,994,543
1450.png,29,218,Smoke,1164,335,1193,553
1450.png,132,155,Smoke,1247,396,1379,551
1450.png,180,109,Smoke,1740,456,1920,565
1450.png,76,227,Smoke,1620,383,1696,610
1450.png,155,48,Smoke,1717,579,1872,627
1450.png,50,128,Smoke,1431,412,1481,540
1450.png,141,67,Smoke,1760,373,1901,440
1450.png,57,57,Smoke,1758,305,1815,362
1450.png,55,80,Smoke,546,424,601,504
1450.png,23,151,Smoke,1212,422,1235,573
1451.png,80,48,Smoke,414,514,494,562
1451.png,101,107,Smoke,635,446,736,553
1451.png,103,55,Smoke,816,498,919,553
1451.png,130,227,Smoke,1023,322,1153,549
1451.png,32,170,Smoke,962,373,994,543
1451.png,29,218,Smoke,1164,333,1193,551
1451.png,132,155,Smoke,1247,396,1379,551
1451.png,181,109,Smoke,1739,456,1920,565
1451.png,76,227,Smoke,1620,384,1696,611
1451.png,155,48,Smoke,1717,579,1872,627
1451.png,50,128,Smoke,1431,412,1481,540
1451.png,141,67,Smoke,1757,375,1898,442
1451.png,57,57,Smoke,1758,305,1815,362
1451.png,55,80,Smoke,546,424,601,504
1451.png,23,151,Smoke,1212,423,1235,574
1451.png,57,57,Smoke,1758,305,1815,362
1451.png,55,80,Smoke,546,424,601,504
1451.png,23,151,Smoke,1212,422,1235,573
1452.png,80,48,Smoke,414,514,494,562
1452.png,101,107,Smoke,635,446,736,553
1452.png,103,55,Smoke,817,498,920,553
1452.png,130,227,Smoke,1023,322,1153,549
1452.png,32,170,Smoke,962,373,994,543
1452.png,29,218,Smoke,1164,333,1193,551
1452.png,132,155,Smoke,1247,396,1379,551
1452.png,180,109,Smoke,1740,456,1920,565
1452.png,76,227,Smoke,1620,384,1696,611
1452.png,155,48,Smoke,1717,579,1872,627
1452.png,50,128,Smoke,1431,412,1481,540
1452.png,141,67,Smoke,1757,374,1898,441
1452.png,55,80,Smoke,546,424,601,504
1452.png,23,151,Smoke,1212,423,1235,574
1453.png,80,48,Smoke,414,514,494,562
1453.png,101,107,Smoke,635,446,736,553
1453.png,103,55,Smoke,816,497,919,552
1453.png,130,227,Smoke,1023,322,1153,549
1453.png,32,170,Smoke,962,373,994,543
1453.png,29,218,Smoke,1164,333,1193,551
1453.png,132,155,Smoke,1247,396,1379,551
1453.png,181,109,Smoke,1739,456,1920,565
1453.png,76,227,Smoke,1620,382,1696,609
1453.png,155,48,Smoke,1717,579,1872,627
1453.png,50,128,Smoke,1431,412,1481,540
1453.png,141,67,Smoke,1756,374,1897,441
1453.png,57,57,Smoke,1758,305,1815,362
1454.png,80,48,Smoke,414,514,494,562
1454.png,170,57,Smoke,565,489,735,546
1454.png,103,55,Smoke,816,497,919,552
1454.png,130,227,Smoke,1023,323,1153,550
1454.png,32,170,Smoke,962,373,994,543
1454.png,29,218,Smoke,1164,333,1193,551
1454.png,132,155,Smoke,1247,396,1379,551
1454.png,180,109,Smoke,1740,457,1920,566
1454.png,76,227,Smoke,1620,384,1696,611
1454.png,155,48,Smoke,1717,579,1872,627
1454.png,50,128,Smoke,1431,412,1481,540
1454.png,141,67,Smoke,1756,374,1897,441
1454.png,57,57,Smoke,1758,305,1815,362
1454.png,55,80,Smoke,546,424,601,504
1454.png,23,151,Smoke,1212,424,1235,575
1455.png,80,48,Smoke,414,514,494,562
1455.png,170,57,Smoke,565,489,735,546
1455.png,103,55,Smoke,816,497,919,552
1455.png,130,227,Smoke,1023,320,1153,547
1455.png,32,170,Smoke,962,373,994,543
1455.png,29,218,Smoke,1164,333,1193,551
1455.png,132,155,Smoke,1247,398,1379,553
1455.png,181,109,Smoke,1739,456,1920,565
1455.png,76,227,Smoke,1620,384,1696,611
1455.png,155,48,Smoke,1717,579,1872,627
1455.png,50,128,Smoke,1431,412,1481,540
1455.png,141,67,Smoke,1756,374,1897,441
1455.png,57,57,Smoke,1758,305,1815,362
1455.png,55,80,Smoke,546,424,601,504
1455.png,23,151,Smoke,1212,423,1235,574
1456.png,80,48,Smoke,414,514,494,562
1456.png,170,57,Smoke,565,489,735,546
1456.png,103,55,Smoke,816,497,919,552
1456.png,130,227,Smoke,1023,321,1153,548
1456.png,32,170,Smoke,962,373,994,543
1456.png,29,218,Smoke,1164,333,1193,551
1456.png,132,155,Smoke,1247,396,1379,551
1456.png,180,109,Smoke,1740,456,1920,565
1456.png,76,227,Smoke,1620,384,1696,611
1456.png,155,48,Smoke,1717,579,1872,627
1456.png,50,128,Smoke,1431,412,1481,540
1456.png,141,67,Smoke,1757,374,1898,441
1456.png,57,57,Smoke,1758,305,1815,362
1456.png,55,80,Smoke,546,424,601,504
1456.png,23,151,Smoke,1212,424,1235,575
1457.png,80,48,Smoke,414,514,494,562
1457.png,170,57,Smoke,565,489,735,546
1457.png,103,55,Smoke,816,497,919,552
1457.png,130,227,Smoke,1023,322,1153,549
1457.png,32,170,Smoke,962,373,994,543
1457.png,29,218,Smoke,1164,333,1193,551
1457.png,132,155,Smoke,1247,398,1379,553
1457.png,181,109,Smoke,1739,456,1920,565
1457.png,76,227,Smoke,1620,384,1696,611
1457.png,155,48,Smoke,1717,579,1872,627
1457.png,50,128,Smoke,1431,412,1481,540
1457.png,141,67,Smoke,1757,374,1898,441
1457.png,57,57,Smoke,1758,305,1815,362
1457.png,55,80,Smoke,546,424,601,504
1457.png,23,151,Smoke,1212,423,1235,574
1458.png,80,48,Smoke,414,514,494,562
1458.png,170,57,Smoke,565,489,735,546
1458.png,103,55,Smoke,815,498,918,553
1458.png,130,227,Smoke,1024,322,1154,549
1458.png,32,170,Smoke,962,373,994,543
1458.png,29,218,Smoke,1164,333,1193,551
1458.png,132,155,Smoke,1247,398,1379,553
1458.png,180,109,Smoke,1740,457,1920,566
1458.png,76,227,Smoke,1620,384,1696,611
1458.png,155,48,Smoke,1717,579,1872,627
1458.png,50,128,Smoke,1431,412,1481,540
1458.png,141,67,Smoke,1757,374,1898,441
1458.png,57,57,Smoke,1758,305,1815,362
1458.png,55,80,Smoke,546,424,601,504
1458.png,23,151,Smoke,1212,424,1235,575
1459.png,80,48,Smoke,414,514,494,562
1459.png,170,57,Smoke,565,489,735,546
1459.png,103,55,Smoke,816,497,919,552
1459.png,130,227,Smoke,1024,322,1154,549
1459.png,32,170,Smoke,962,373,994,543
1459.png,29,218,Smoke,1164,333,1193,551
1459.png,132,155,Smoke,1247,398,1379,553
1459.png,181,109,Smoke,1739,455,1920,564
1459.png,76,227,Smoke,1620,384,1696,611
1459.png,155,48,Smoke,1717,579,1872,627
1459.png,50,128,Smoke,1431,412,1481,540
1459.png,141,67,Smoke,1757,374,1898,441
1459.png,57,57,Smoke,1758,305,1815,362
1459.png,55,80,Smoke,546,424,601,504
1459.png,23,151,Smoke,1212,423,1235,574
1460.png,80,48,Smoke,414,514,494,562
1460.png,170,57,Smoke,565,489,735,546
1460.png,103,55,Smoke,816,497,919,552
1460.png,130,227,Smoke,1024,322,1154,549
1460.png,32,170,Smoke,962,373,994,543
1460.png,29,218,Smoke,1164,333,1193,551
1460.png,132,155,Smoke,1247,398,1379,553
1460.png,180,109,Smoke,1740,456,1920,565
1460.png,76,227,Smoke,1620,384,1696,611
1460.png,155,48,Smoke,1717,579,1872,627
1460.png,50,128,Smoke,1431,412,1481,540
1460.png,141,67,Smoke,1757,374,1898,441
1460.png,57,57,Smoke,1758,305,1815,362
1460.png,55,80,Smoke,546,424,601,504
1460.png,23,151,Smoke,1212,424,1235,575
1461.png,80,48,Smoke,414,514,494,562
1461.png,170,57,Smoke,565,489,735,546
1461.png,103,55,Smoke,816,497,919,552
1461.png,130,227,Smoke,1024,322,1154,549
1461.png,32,170,Smoke,962,373,994,543
1461.png,29,218,Smoke,1164,333,1193,551
1461.png,132,155,Smoke,1247,397,1379,552
1461.png,181,109,Smoke,1739,456,1920,565
1461.png,76,227,Smoke,1620,384,1696,611
1461.png,155,48,Smoke,1717,579,1872,627
1461.png,50,128,Smoke,1431,412,1481,540
1461.png,141,67,Smoke,1757,374,1898,441
1461.png,57,57,Smoke,1758,305,1815,362
1461.png,55,80,Smoke,546,424,601,504
1461.png,23,151,Smoke,1212,423,1235,574
1461.png,57,57,Smoke,1758,304,1815,361
1461.png,55,80,Smoke,546,424,601,504
1461.png,23,151,Smoke,1212,424,1235,575
1462.png,80,48,Smoke,414,514,494,562
1462.png,170,57,Smoke,565,489,735,546
1462.png,103,55,Smoke,817,497,920,552
1462.png,130,227,Smoke,1024,322,1154,549
1462.png,32,170,Smoke,962,373,994,543
1462.png,29,218,Smoke,1164,333,1193,551
1462.png,132,155,Smoke,1247,397,1379,552
1462.png,180,109,Smoke,1740,457,1920,566
1462.png,76,227,Smoke,1620,384,1696,611
1462.png,155,48,Smoke,1717,579,1872,627
1462.png,50,128,Smoke,1431,412,1481,540
1462.png,141,67,Smoke,1757,374,1898,441
1462.png,55,80,Smoke,546,424,601,504
1462.png,23,151,Smoke,1212,423,1235,574
1463.png,80,48,Smoke,414,514,494,562
1463.png,170,57,Smoke,565,489,735,546
1463.png,103,55,Smoke,817,497,920,552
1463.png,130,227,Smoke,1024,322,1154,549
1463.png,32,170,Smoke,962,373,994,543
1463.png,29,218,Smoke,1164,333,1193,551
1463.png,132,155,Smoke,1247,397,1379,552
1463.png,181,109,Smoke,1739,457,1920,566
1463.png,76,227,Smoke,1620,384,1696,611
1463.png,155,48,Smoke,1717,579,1872,627
1463.png,50,128,Smoke,1431,412,1481,540
1463.png,141,67,Smoke,1757,373,1898,440
1463.png,57,57,Smoke,1758,304,1815,361
1464.png,80,48,Smoke,414,514,494,562
1464.png,170,57,Smoke,563,504,733,561
1464.png,103,55,Smoke,817,496,920,551
1464.png,130,227,Smoke,1024,323,1154,550
1464.png,32,170,Smoke,962,373,994,543
1464.png,29,218,Smoke,1164,333,1193,551
1464.png,132,155,Smoke,1247,397,1379,552
1464.png,180,109,Smoke,1740,457,1920,566
1464.png,76,227,Smoke,1620,384,1696,611
1464.png,155,48,Smoke,1717,579,1872,627
1464.png,50,128,Smoke,1431,412,1481,540
1464.png,141,67,Smoke,1757,373,1898,440
1464.png,57,57,Smoke,1758,304,1815,361
1464.png,55,80,Smoke,546,424,601,504
1464.png,23,151,Smoke,1212,424,1235,575
1465.png,80,48,Smoke,414,514,494,562
1465.png,170,57,Smoke,563,504,733,561
1465.png,103,55,Smoke,817,497,920,552
1465.png,130,227,Smoke,1024,322,1154,549
1465.png,32,170,Smoke,962,373,994,543
1465.png,29,218,Smoke,1164,333,1193,551
1465.png,132,155,Smoke,1247,397,1379,552
1465.png,181,109,Smoke,1739,457,1920,566
1465.png,76,227,Smoke,1620,384,1696,611
1465.png,155,48,Smoke,1717,579,1872,627
1465.png,50,128,Smoke,1431,412,1481,540
1465.png,141,67,Smoke,1757,374,1898,441
1465.png,57,57,Smoke,1758,304,1815,361
1465.png,55,80,Smoke,546,424,601,504
1465.png,23,151,Smoke,1212,423,1235,574
1466.png,80,48,Smoke,414,514,494,562
1466.png,170,57,Smoke,563,503,733,560
1466.png,103,55,Smoke,817,497,920,552
1466.png,130,227,Smoke,1024,321,1154,548
1466.png,32,170,Smoke,962,373,994,543
1466.png,29,218,Smoke,1164,333,1193,551
1466.png,132,155,Smoke,1247,397,1379,552
1466.png,180,109,Smoke,1740,457,1920,566
1466.png,76,227,Smoke,1620,383,1696,610
1466.png,155,48,Smoke,1717,579,1872,627
1466.png,50,128,Smoke,1431,412,1481,540
1466.png,141,67,Smoke,1757,374,1898,441
1466.png,57,57,Smoke,1758,304,1815,361
1466.png,55,80,Smoke,546,424,601,504
1466.png,23,151,Smoke,1212,424,1235,575
1467.png,80,48,Smoke,414,514,494,562
1467.png,170,57,Smoke,563,503,733,560
1467.png,103,55,Smoke,817,497,920,552
1467.png,130,227,Smoke,1024,322,1154,549
1467.png,32,170,Smoke,962,373,994,543
1467.png,29,218,Smoke,1164,331,1193,549
1467.png,132,155,Smoke,1247,397,1379,552
1467.png,181,109,Smoke,1739,457,1920,566
1467.png,76,227,Smoke,1620,384,1696,611
1467.png,155,48,Smoke,1717,579,1872,627
1467.png,50,128,Smoke,1431,412,1481,540
1467.png,141,67,Smoke,1757,374,1898,441
1467.png,57,57,Smoke,1758,304,1815,361
1467.png,55,80,Smoke,546,424,601,504
1467.png,23,151,Smoke,1212,423,1235,574
1468.png,80,48,Smoke,414,514,494,562
1468.png,170,57,Smoke,563,503,733,560
1468.png,103,55,Smoke,817,497,920,552
1468.png,130,227,Smoke,1024,321,1154,548
1468.png,32,170,Smoke,962,373,994,543
1468.png,29,218,Smoke,1164,333,1193,551
1468.png,132,155,Smoke,1247,397,1379,552
1468.png,180,109,Smoke,1740,457,1920,566
1468.png,76,227,Smoke,1620,384,1696,611
1468.png,155,48,Smoke,1717,579,1872,627
1468.png,50,128,Smoke,1431,412,1481,540
1468.png,141,67,Smoke,1758,374,1899,441
1468.png,57,57,Smoke,1759,304,1816,361
1468.png,55,80,Smoke,546,424,601,504
1468.png,23,151,Smoke,1212,424,1235,575
1469.png,80,48,Smoke,414,514,494,562
1469.png,170,57,Smoke,563,503,733,560
1469.png,103,55,Smoke,817,497,920,552
1469.png,130,227,Smoke,1024,322,1154,549
1469.png,32,170,Smoke,962,373,994,543
1469.png,29,218,Smoke,1164,331,1193,549
1469.png,132,155,Smoke,1247,397,1379,552
1469.png,181,109,Smoke,1739,457,1920,566
1469.png,76,227,Smoke,1620,384,1696,611
1469.png,155,48,Smoke,1717,579,1872,627
1469.png,50,128,Smoke,1431,412,1481,540
1469.png,141,67,Smoke,1758,374,1899,441
1469.png,57,57,Smoke,1758,304,1815,361
1469.png,55,80,Smoke,546,424,601,504
1469.png,23,151,Smoke,1212,423,1235,574
1470.png,80,48,Smoke,414,514,494,562
1470.png,170,57,Smoke,563,503,733,560
1470.png,103,55,Smoke,817,497,920,552
1470.png,130,227,Smoke,1024,321,1154,548
1470.png,32,170,Smoke,962,373,994,543
1470.png,29,218,Smoke,1164,333,1193,551
1470.png,132,155,Smoke,1247,397,1379,552
1470.png,180,109,Smoke,1740,457,1920,566
1470.png,76,227,Smoke,1620,383,1696,610
1470.png,155,48,Smoke,1717,579,1872,627
1470.png,50,128,Smoke,1431,413,1481,541
1470.png,141,67,Smoke,1758,374,1899,441
1470.png,57,57,Smoke,1758,304,1815,361
1470.png,55,80,Smoke,546,424,601,504
1470.png,23,151,Smoke,1212,424,1235,575
1471.png,80,48,Smoke,414,514,494,562
1471.png,170,57,Smoke,563,504,733,561
1471.png,103,55,Smoke,817,497,920,552
1471.png,130,227,Smoke,1024,322,1154,549
1471.png,32,170,Smoke,962,373,994,543
1471.png,29,218,Smoke,1164,331,1193,549
1471.png,132,155,Smoke,1247,397,1379,552
1471.png,181,109,Smoke,1739,457,1920,566
1471.png,76,227,Smoke,1620,384,1696,611
1471.png,155,48,Smoke,1717,579,1872,627
1471.png,50,128,Smoke,1431,413,1481,541
1471.png,141,67,Smoke,1758,374,1899,441
1471.png,57,57,Smoke,1759,304,1816,361
1471.png,55,80,Smoke,546,424,601,504
1471.png,23,151,Smoke,1212,423,1235,574
1471.png,57,57,Smoke,1759,304,1816,361
1471.png,55,80,Smoke,546,424,601,504
1471.png,23,151,Smoke,1212,424,1235,575
1472.png,80,48,Smoke,414,514,494,562
1472.png,170,57,Smoke,563,502,733,559
1472.png,103,55,Smoke,817,497,920,552
1472.png,130,227,Smoke,1024,323,1154,550
1472.png,32,170,Smoke,962,373,994,543
1472.png,29,218,Smoke,1164,331,1193,549
1472.png,132,155,Smoke,1247,397,1379,552
1472.png,180,109,Smoke,1740,457,1920,566
1472.png,76,227,Smoke,1620,385,1696,612
1472.png,155,48,Smoke,1717,579,1872,627
1472.png,50,128,Smoke,1431,413,1481,541
1472.png,141,67,Smoke,1759,374,1900,441
1472.png,55,80,Smoke,546,424,601,504
1472.png,23,151,Smoke,1212,423,1235,574
1473.png,80,48,Smoke,414,514,494,562
1473.png,170,57,Smoke,563,502,733,559
1473.png,103,55,Smoke,817,497,920,552
1473.png,130,227,Smoke,1024,322,1154,549
1473.png,32,170,Smoke,962,373,994,543
1473.png,29,218,Smoke,1164,331,1193,549
1473.png,132,155,Smoke,1247,397,1379,552
1473.png,181,109,Smoke,1739,457,1920,566
1473.png,76,227,Smoke,1620,384,1696,611
1473.png,155,48,Smoke,1717,579,1872,627
1473.png,50,128,Smoke,1431,412,1481,540
1473.png,141,67,Smoke,1758,374,1899,441
1473.png,57,57,Smoke,1759,304,1816,361
1474.png,80,48,Smoke,414,514,494,562
1474.png,170,57,Smoke,563,502,733,559
1474.png,103,55,Smoke,817,497,920,552
1474.png,130,227,Smoke,1024,321,1154,548
1474.png,32,170,Smoke,962,373,994,543
1474.png,29,218,Smoke,1164,333,1193,551
1474.png,132,155,Smoke,1247,397,1379,552
1474.png,180,109,Smoke,1740,457,1920,566
1474.png,76,227,Smoke,1620,385,1696,612
1474.png,155,48,Smoke,1718,579,1873,627
1474.png,50,128,Smoke,1431,413,1481,541
1474.png,141,67,Smoke,1758,374,1899,441
1474.png,57,57,Smoke,1759,304,1816,361
1474.png,55,80,Smoke,546,424,601,504
1474.png,23,151,Smoke,1212,424,1235,575
1475.png,80,48,Smoke,414,514,494,562
1475.png,170,57,Smoke,563,502,733,559
1475.png,103,55,Smoke,818,497,921,552
1475.png,130,227,Smoke,1024,322,1154,549
1475.png,32,170,Smoke,962,373,994,543
1475.png,29,218,Smoke,1164,333,1193,551
1475.png,132,155,Smoke,1247,397,1379,552
1475.png,181,109,Smoke,1739,457,1920,566
1475.png,76,227,Smoke,1620,384,1696,611
1475.png,155,48,Smoke,1717,578,1872,626
1475.png,50,128,Smoke,1431,413,1481,541
1475.png,141,67,Smoke,1758,374,1899,441
1475.png,57,57,Smoke,1759,304,1816,361
1475.png,55,80,Smoke,546,424,601,504
1475.png,23,151,Smoke,1212,423,1235,574
1476.png,80,48,Smoke,414,514,494,562
1476.png,170,57,Smoke,563,502,733,559
1476.png,103,55,Smoke,817,497,920,552
1476.png,130,227,Smoke,1024,321,1154,548
1476.png,32,170,Smoke,962,373,994,543
1476.png,29,218,Smoke,1164,333,1193,551
1476.png,132,155,Smoke,1247,397,1379,552
1476.png,180,109,Smoke,1740,457,1920,566
1476.png,76,227,Smoke,1620,383,1696,610
1476.png,155,48,Smoke,1719,580,1874,628
1476.png,50,128,Smoke,1431,413,1481,541
1476.png,141,67,Smoke,1758,374,1899,441
1476.png,57,57,Smoke,1759,304,1816,361
1476.png,55,80,Smoke,546,424,601,504
1476.png,23,151,Smoke,1212,423,1235,574
1477.png,80,48,Smoke,414,514,494,562
1477.png,170,57,Smoke,563,502,733,559
1477.png,103,55,Smoke,818,497,921,552
1477.png,130,227,Smoke,1024,322,1154,549
1477.png,32,170,Smoke,962,373,994,543
1477.png,29,218,Smoke,1164,333,1193,551
1477.png,132,155,Smoke,1247,397,1379,552
1477.png,181,109,Smoke,1739,457,1920,566
1477.png,76,227,Smoke,1620,384,1696,611
1477.png,155,48,Smoke,1717,578,1872,626
1477.png,50,128,Smoke,1431,412,1481,540
1477.png,141,67,Smoke,1758,374,1899,441
1477.png,57,57,Smoke,1759,304,1816,361
1477.png,55,80,Smoke,546,424,601,504
1477.png,23,151,Smoke,1212,423,1235,574
1478.png,80,48,Smoke,414,514,494,562
1478.png,170,57,Smoke,563,502,733,559
1478.png,103,55,Smoke,818,497,921,552
1478.png,130,227,Smoke,1024,321,1154,548
1478.png,32,170,Smoke,962,373,994,543
1478.png,29,218,Smoke,1164,333,1193,551
1478.png,132,155,Smoke,1247,397,1379,552
1478.png,180,109,Smoke,1740,457,1920,566
1478.png,76,227,Smoke,1620,383,1696,610
1478.png,155,48,Smoke,1717,578,1872,626
1478.png,50,128,Smoke,1431,412,1481,540
1478.png,141,67,Smoke,1758,374,1899,441
1478.png,57,57,Smoke,1759,304,1816,361
1478.png,55,80,Smoke,546,424,601,504
1478.png,23,151,Smoke,1212,423,1235,574
1479.png,80,48,Smoke,414,514,494,562
1479.png,170,57,Smoke,563,502,733,559
1479.png,103,55,Smoke,817,499,920,554
1479.png,130,227,Smoke,1024,322,1154,549
1479.png,32,170,Smoke,962,373,994,543
1479.png,29,218,Smoke,1164,333,1193,551
1479.png,132,155,Smoke,1247,397,1379,552
1479.png,181,109,Smoke,1739,457,1920,566
1479.png,76,227,Smoke,1620,384,1696,611
1479.png,155,48,Smoke,1719,580,1874,628
1479.png,50,128,Smoke,1431,412,1481,540
1479.png,141,67,Smoke,1758,374,1899,441
1479.png,57,57,Smoke,1759,304,1816,361
1479.png,55,80,Smoke,546,424,601,504
1479.png,23,151,Smoke,1212,423,1235,574
1480.png,80,48,Smoke,414,514,494,562
1480.png,170,57,Smoke,563,502,733,559
1480.png,103,55,Smoke,818,499,921,554
1480.png,130,227,Smoke,1024,321,1154,548
1480.png,32,170,Smoke,962,373,994,543
1480.png,29,218,Smoke,1164,333,1193,551
1480.png,132,155,Smoke,1247,397,1379,552
1480.png,180,109,Smoke,1740,457,1920,566
1480.png,76,227,Smoke,1620,383,1696,610
1480.png,155,48,Smoke,1717,578,1872,626
1480.png,50,128,Smoke,1431,413,1481,541
1480.png,141,67,Smoke,1758,374,1899,441
1480.png,57,57,Smoke,1759,304,1816,361
1480.png,55,80,Smoke,546,424,601,504
1480.png,23,151,Smoke,1212,424,1235,575
1481.png,80,48,Smoke,414,514,494,562
1481.png,170,57,Smoke,563,501,733,558
1481.png,103,55,Smoke,817,499,920,554
1481.png,130,227,Smoke,1024,320,1154,547
1481.png,32,170,Smoke,962,373,994,543
1481.png,29,218,Smoke,1164,333,1193,551
1481.png,132,155,Smoke,1247,397,1379,552
1481.png,181,109,Smoke,1739,457,1920,566
1481.png,76,227,Smoke,1620,384,1696,611
1481.png,155,48,Smoke,1719,580,1874,628
1481.png,50,128,Smoke,1431,412,1481,540
1481.png,141,67,Smoke,1758,373,1899,440
1481.png,57,57,Smoke,1759,304,1816,361
1481.png,55,80,Smoke,546,424,601,504
1481.png,23,151,Smoke,1212,423,1235,574
1481.png,57,57,Smoke,1759,304,1816,361
1481.png,55,80,Smoke,546,424,601,504
1481.png,23,151,Smoke,1212,423,1235,574
1482.png,80,48,Smoke,414,514,494,562
1482.png,170,57,Smoke,563,500,733,557
1482.png,103,55,Smoke,817,499,920,554
1482.png,130,227,Smoke,1024,319,1154,546
1482.png,32,170,Smoke,962,373,994,543
1482.png,29,218,Smoke,1164,335,1193,553
1482.png,132,155,Smoke,1247,397,1379,552
1482.png,180,109,Smoke,1740,457,1920,566
1482.png,76,227,Smoke,1620,384,1696,611
1482.png,155,48,Smoke,1719,580,1874,628
1482.png,50,128,Smoke,1431,412,1481,540
1482.png,141,67,Smoke,1757,373,1898,440
1482.png,55,80,Smoke,546,424,601,504
1482.png,23,151,Smoke,1212,423,1235,574
1483.png,80,48,Smoke,414,514,494,562
1483.png,170,57,Smoke,563,501,733,558
1483.png,103,55,Smoke,817,499,920,554
1483.png,130,227,Smoke,1024,320,1154,547
1483.png,32,170,Smoke,962,373,994,543
1483.png,29,218,Smoke,1164,333,1193,551
1483.png,132,155,Smoke,1247,396,1379,551
1483.png,181,109,Smoke,1739,457,1920,566
1483.png,76,227,Smoke,1620,384,1696,611
1483.png,155,48,Smoke,1719,580,1874,628
1483.png,50,128,Smoke,1431,412,1481,540
1483.png,141,67,Smoke,1758,373,1899,440
1483.png,57,57,Smoke,1760,304,1817,361
1484.png,80,48,Smoke,414,514,494,562
1484.png,170,57,Smoke,563,501,733,558
1484.png,103,55,Smoke,817,498,920,553
1484.png,130,227,Smoke,1024,319,1154,546
1484.png,32,170,Smoke,962,373,994,543
1484.png,29,218,Smoke,1164,333,1193,551
1484.png,132,155,Smoke,1247,396,1379,551
1484.png,180,109,Smoke,1740,456,1920,565
1484.png,76,227,Smoke,1620,384,1696,611
1484.png,155,48,Smoke,1719,580,1874,628
1484.png,50,128,Smoke,1431,412,1481,540
1484.png,141,67,Smoke,1758,373,1899,440
1484.png,57,57,Smoke,1758,304,1815,361
1484.png,55,80,Smoke,546,424,601,504
1484.png,23,151,Smoke,1212,422,1235,573
1485.png,80,48,Smoke,414,514,494,562
1485.png,170,57,Smoke,563,501,733,558
1485.png,103,55,Smoke,818,498,921,553
1485.png,130,227,Smoke,1024,320,1154,547
1485.png,32,170,Smoke,962,373,994,543
1485.png,29,218,Smoke,1164,333,1193,551
1485.png,132,155,Smoke,1247,396,1379,551
1485.png,181,109,Smoke,1739,457,1920,566
1485.png,76,227,Smoke,1620,384,1696,611
1485.png,155,48,Smoke,1719,580,1874,628
1485.png,50,128,Smoke,1431,412,1481,540
1485.png,141,67,Smoke,1758,373,1899,440
1485.png,57,57,Smoke,1760,304,1817,361
1485.png,55,80,Smoke,546,424,601,504
1485.png,23,151,Smoke,1212,423,1235,574
1486.png,80,48,Smoke,414,514,494,562
1486.png,170,57,Smoke,563,500,733,557
1486.png,103,55,Smoke,818,498,921,553
1486.png,130,227,Smoke,1024,321,1154,548
1486.png,32,170,Smoke,962,373,994,543
1486.png,29,218,Smoke,1164,333,1193,551
1486.png,132,155,Smoke,1247,397,1379,552
1486.png,180,109,Smoke,1740,456,1920,565
1486.png,76,227,Smoke,1620,384,1696,611
1486.png,155,48,Smoke,1719,581,1874,629
1486.png,50,128,Smoke,1431,412,1481,540
1486.png,141,67,Smoke,1758,373,1899,440
1486.png,57,57,Smoke,1760,304,1817,361
1486.png,55,80,Smoke,546,424,601,504
1486.png,23,151,Smoke,1212,423,1235,574
1487.png,80,48,Smoke,414,514,494,562
1487.png,170,57,Smoke,563,501,733,558
1487.png,103,55,Smoke,818,498,921,553
1487.png,130,227,Smoke,1024,320,1154,547
1487.png,32,170,Smoke,962,373,994,543
1487.png,29,218,Smoke,1164,335,1193,553
1487.png,132,155,Smoke,1247,396,1379,551
1487.png,181,109,Smoke,1739,456,1920,565
1487.png,76,227,Smoke,1620,384,1696,611
1487.png,155,48,Smoke,1719,580,1874,628
1487.png,50,128,Smoke,1431,412,1481,540
1487.png,141,67,Smoke,1758,373,1899,440
1487.png,57,57,Smoke,1760,304,1817,361
1487.png,55,80,Smoke,546,424,601,504
1487.png,23,151,Smoke,1212,423,1235,574
1488.png,80,48,Smoke,414,514,494,562
1488.png,170,57,Smoke,563,500,733,557
1488.png,103,55,Smoke,818,499,921,554
1488.png,130,227,Smoke,1024,319,1154,546
1488.png,32,170,Smoke,962,373,994,543
1488.png,29,218,Smoke,1164,335,1193,553
1488.png,132,155,Smoke,1247,395,1379,550
1488.png,180,109,Smoke,1740,457,1920,566
1488.png,76,227,Smoke,1620,384,1696,611
1488.png,155,48,Smoke,1719,581,1874,629
1488.png,50,128,Smoke,1431,412,1481,540
1488.png,141,67,Smoke,1758,372,1899,439
1488.png,57,57,Smoke,1760,304,1817,361
1488.png,55,80,Smoke,546,424,601,504
1488.png,23,151,Smoke,1212,422,1235,573
1489.png,80,48,Smoke,414,514,494,562
1489.png,170,57,Smoke,563,500,733,557
1489.png,103,55,Smoke,818,499,921,554
1489.png,130,227,Smoke,1024,318,1154,545
1489.png,32,170,Smoke,962,373,994,543
1489.png,29,218,Smoke,1164,335,1193,553
1489.png,132,155,Smoke,1247,396,1379,551
1489.png,181,109,Smoke,1739,457,1920,566
1489.png,76,227,Smoke,1621,384,1697,611
1489.png,155,48,Smoke,1719,581,1874,629
1489.png,50,128,Smoke,1431,412,1481,540
1489.png,141,67,Smoke,1757,373,1898,440
1489.png,57,57,Smoke,1759,304,1816,361
1489.png,55,80,Smoke,546,424,601,504
1489.png,23,151,Smoke,1212,421,1235,572
1490.png,80,48,Smoke,414,514,494,562
1490.png,170,57,Smoke,563,500,733,557
1490.png,103,55,Smoke,818,499,921,554
1490.png,130,227,Smoke,1024,319,1154,546
1490.png,32,170,Smoke,962,373,994,543
1490.png,29,218,Smoke,1164,335,1193,553
1490.png,132,155,Smoke,1247,396,1379,551
1490.png,180,109,Smoke,1740,458,1920,567
1490.png,76,227,Smoke,1620,385,1696,612
1490.png,155,48,Smoke,1719,581,1874,629
1490.png,50,128,Smoke,1431,412,1481,540
1490.png,141,67,Smoke,1757,373,1898,440
1490.png,57,57,Smoke,1760,304,1817,361
1490.png,55,80,Smoke,546,424,601,504
1490.png,23,151,Smoke,1212,422,1235,573
1491.png,80,48,Smoke,414,514,494,562
1491.png,170,57,Smoke,563,500,733,557
1491.png,103,55,Smoke,818,500,921,555
1491.png,130,227,Smoke,1024,318,1154,545
1491.png,32,170,Smoke,962,373,994,543
1491.png,29,218,Smoke,1164,335,1193,553
1491.png,132,155,Smoke,1247,396,1379,551
1491.png,181,109,Smoke,1739,457,1920,566
1491.png,76,227,Smoke,1621,384,1697,611
1491.png,155,48,Smoke,1719,581,1874,629
1491.png,50,128,Smoke,1431,412,1481,540
1491.png,141,67,Smoke,1757,373,1898,440
1491.png,57,57,Smoke,1759,304,1816,361
1491.png,55,80,Smoke,546,424,601,504
1491.png,23,151,Smoke,1212,423,1235,574
1491.png,57,57,Smoke,1759,304,1816,361
1491.png,55,80,Smoke,546,424,601,504
1491.png,23,151,Smoke,1212,422,1235,573
1492.png,80,48,Smoke,414,514,494,562
1492.png,170,57,Smoke,563,499,733,556
1492.png,103,55,Smoke,818,499,921,554
1492.png,130,227,Smoke,1024,317,1154,544
1492.png,32,170,Smoke,962,373,994,543
1492.png,29,218,Smoke,1164,335,1193,553
1492.png,132,155,Smoke,1247,396,1379,551
1492.png,183,109,Smoke,1737,457,1920,566
1492.png,76,227,Smoke,1621,385,1697,612
1492.png,155,48,Smoke,1719,581,1874,629
1492.png,50,128,Smoke,1431,412,1481,540
1492.png,141,67,Smoke,1757,373,1898,440
1492.png,55,80,Smoke,546,424,601,504
1492.png,23,151,Smoke,1212,423,1235,574
1493.png,80,48,Smoke,414,514,494,562
1493.png,170,57,Smoke,563,500,733,557
1493.png,103,55,Smoke,818,499,921,554
1493.png,130,227,Smoke,1024,318,1154,545
1493.png,32,170,Smoke,962,373,994,543
1493.png,29,218,Smoke,1164,335,1193,553
1493.png,132,155,Smoke,1247,396,1379,551
1493.png,182,109,Smoke,1738,456,1920,565
1493.png,76,227,Smoke,1621,384,1697,611
1493.png,155,48,Smoke,1719,581,1874,629
1493.png,50,128,Smoke,1431,412,1481,540
1493.png,141,67,Smoke,1757,373,1898,440
1493.png,57,57,Smoke,1758,304,1815,361
1494.png,80,48,Smoke,414,514,494,562
1494.png,170,57,Smoke,563,499,733,556
1494.png,103,55,Smoke,819,501,922,556
1494.png,130,227,Smoke,1024,319,1154,546
1494.png,32,170,Smoke,962,373,994,543
1494.png,29,218,Smoke,1164,335,1193,553
1494.png,132,155,Smoke,1247,396,1379,551
1494.png,182,109,Smoke,1738,457,1920,566
1494.png,76,227,Smoke,1621,385,1697,612
1494.png,155,48,Smoke,1719,581,1874,629
1494.png,50,128,Smoke,1431,411,1481,539
1494.png,141,67,Smoke,1757,373,1898,440
1494.png,57,57,Smoke,1759,302,1816,359
1494.png,55,80,Smoke,546,424,601,504
1494.png,23,151,Smoke,1212,424,1235,575
1495.png,80,48,Smoke,414,514,494,562
1495.png,170,57,Smoke,564,499,734,556
1495.png,103,55,Smoke,818,499,921,554
1495.png,130,227,Smoke,1024,318,1154,545
1495.png,32,170,Smoke,962,373,994,543
1495.png,29,218,Smoke,1164,335,1193,553
1495.png,132,155,Smoke,1247,398,1379,553
1495.png,181,109,Smoke,1739,457,1920,566
1495.png,76,227,Smoke,1621,384,1697,611
1495.png,155,48,Smoke,1719,581,1874,629
1495.png,50,128,Smoke,1431,412,1481,540
1495.png,141,67,Smoke,1756,375,1897,442
1495.png,57,57,Smoke,1758,304,1815,361
1495.png,55,80,Smoke,546,424,601,504
1495.png,23,151,Smoke,1212,423,1235,574
1496.png,80,48,Smoke,414,514,494,562
1496.png,170,57,Smoke,564,499,734,556
1496.png,103,55,Smoke,818,499,921,554
1496.png,130,227,Smoke,1024,319,1154,546
1496.png,32,170,Smoke,962,373,994,543
1496.png,29,218,Smoke,1164,335,1193,553
1496.png,132,155,Smoke,1247,396,1379,551
1496.png,182,109,Smoke,1738,457,1920,566
1496.png,76,227,Smoke,1622,384,1698,611
1496.png,155,48,Smoke,1719,581,1874,629
1496.png,50,128,Smoke,1431,412,1481,540
1496.png,141,67,Smoke,1758,374,1899,441
1496.png,57,57,Smoke,1757,304,1814,361
1496.png,55,80,Smoke,546,424,601,504
1496.png,23,151,Smoke,1212,422,1235,573
1497.png,80,48,Smoke,414,514,494,562
1497.png,170,57,Smoke,565,499,735,556
1497.png,103,55,Smoke,818,499,921,554
1497.png,130,227,Smoke,1024,318,1154,545
1497.png,32,170,Smoke,962,373,994,543
1497.png,29,218,Smoke,1164,337,1193,555
1497.png,132,155,Smoke,1247,396,1379,551
1497.png,181,109,Smoke,1739,457,1920,566
1497.png,76,227,Smoke,1621,384,1697,611
1497.png,155,48,Smoke,1719,581,1874,629
1497.png,50,128,Smoke,1431,412,1481,540
1497.png,141,67,Smoke,1756,374,1897,441
1497.png,57,57,Smoke,1757,304,1814,361
1497.png,55,80,Smoke,546,424,601,504
1497.png,23,151,Smoke,1212,423,1235,574
1498.png,80,48,Smoke,414,514,494,562
1498.png,170,57,Smoke,561,499,731,556
1498.png,103,55,Smoke,818,498,921,553
1498.png,130,227,Smoke,1024,319,1154,546
1498.png,32,170,Smoke,962,373,994,543
1498.png,29,218,Smoke,1164,337,1193,555
1498.png,132,155,Smoke,1247,396,1379,551
1498.png,182,109,Smoke,1738,457,1920,566
1498.png,76,227,Smoke,1622,384,1698,611
1498.png,155,48,Smoke,1719,581,1874,629
1498.png,50,128,Smoke,1431,412,1481,540
1498.png,141,67,Smoke,1758,374,1899,441
1498.png,57,57,Smoke,1759,305,1816,362
1498.png,55,80,Smoke,546,424,601,504
1498.png,23,151,Smoke,1212,422,1235,573
1499.png,80,48,Smoke,414,514,494,562
1499.png,170,57,Smoke,563,499,733,556
1499.png,103,55,Smoke,819,501,922,556
1499.png,130,227,Smoke,1024,318,1154,545
1499.png,32,170,Smoke,962,373,994,543
1499.png,29,218,Smoke,1164,337,1193,555
1499.png,132,155,Smoke,1247,396,1379,551
1499.png,181,109,Smoke,1739,457,1920,566
1499.png,76,227,Smoke,1621,384,1697,611
1499.png,155,48,Smoke,1719,581,1874,629
1499.png,50,128,Smoke,1431,412,1481,540
1499.png,141,67,Smoke,1755,373,1896,440
1499.png,57,57,Smoke,1758,305,1815,362
1499.png,55,80,Smoke,546,424,601,504
1499.png,23,151,Smoke,1212,423,1235,574
1500.png,80,48,Smoke,414,514,494,562
1500.png,170,57,Smoke,561,499,731,556
1500.png,103,55,Smoke,818,499,921,554
1500.png,130,227,Smoke,1024,317,1154,544
1500.png,32,170,Smoke,962,373,994,543
1500.png,29,218,Smoke,1164,337,1193,555
1500.png,132,155,Smoke,1247,396,1379,551
1500.png,180,109,Smoke,1740,457,1920,566
1500.png,76,227,Smoke,1622,384,1698,611
1500.png,155,48,Smoke,1719,581,1874,629
1500.png,50,128,Smoke,1431,412,1481,540
1500.png,141,67,Smoke,1758,375,1899,442
1500.png,57,57,Smoke,1757,304,1814,361
1500.png,55,80,Smoke,546,424,601,504
1500.png,23,151,Smoke,1212,422,1235,573
1501.png,80,48,Smoke,414,514,494,562
1501.png,170,57,Smoke,568,499,738,556
1501.png,103,55,Smoke,818,501,921,556
1501.png,130,227,Smoke,1024,320,1154,547
1501.png,32,170,Smoke,962,373,994,543
1501.png,29,218,Smoke,1164,333,1193,551
1501.png,132,155,Smoke,1247,398,1379,553
1501.png,181,109,Smoke,1739,457,1920,566
1501.png,76,227,Smoke,1621,384,1697,611
1501.png,155,48,Smoke,1719,581,1874,629
1501.png,50,128,Smoke,1431,412,1481,540
1501.png,141,67,Smoke,1757,376,1898,443
1501.png,57,57,Smoke,1759,305,1816,362
1501.png,55,80,Smoke,546,424,601,504
1501.png,23,151,Smoke,1212,423,1235,574
1501.png,57,57,Smoke,1760,304,1817,361
1501.png,55,80,Smoke,546,424,601,504
1501.png,23,151,Smoke,1212,424,1235,575
1502.png,80,48,Smoke,414,514,494,562
1502.png,170,57,Smoke,568,499,738,556
1502.png,103,55,Smoke,819,501,922,556
1502.png,130,227,Smoke,1024,319,1154,546
1502.png,32,170,Smoke,962,373,994,543
1502.png,29,218,Smoke,1164,331,1193,549
1502.png,132,155,Smoke,1247,398,1379,553
1502.png,180,109,Smoke,1740,457,1920,566
1502.png,76,227,Smoke,1621,383,1697,610
1502.png,155,48,Smoke,1719,581,1874,629
1502.png,50,128,Smoke,1431,412,1481,540
1502.png,141,67,Smoke,1757,377,1898,444
1502.png,55,80,Smoke,546,424,601,504
1502.png,23,151,Smoke,1212,423,1235,574
1503.png,80,48,Smoke,414,514,494,562
1503.png,170,57,Smoke,568,499,738,556
1503.png,103,55,Smoke,819,501,922,556
1503.png,130,227,Smoke,1024,319,1154,546
1503.png,32,170,Smoke,962,373,994,543
1503.png,29,218,Smoke,1165,333,1194,551
1503.png,132,155,Smoke,1247,398,1379,553
1503.png,181,109,Smoke,1739,457,1920,566
1503.png,76,227,Smoke,1621,384,1697,611
1503.png,155,48,Smoke,1719,581,1874,629
1503.png,50,128,Smoke,1431,412,1481,540
1503.png,141,67,Smoke,1757,377,1898,444
1503.png,57,57,Smoke,1760,304,1817,361
1504.png,80,48,Smoke,414,514,494,562
1504.png,170,57,Smoke,568,499,738,556
1504.png,103,55,Smoke,819,501,922,556
1504.png,130,227,Smoke,1024,321,1154,548
1504.png,32,170,Smoke,962,373,994,543
1504.png,29,218,Smoke,1165,333,1194,551
1504.png,132,155,Smoke,1247,398,1379,553
1504.png,182,109,Smoke,1738,457,1920,566
1504.png,76,227,Smoke,1621,385,1697,612
1504.png,155,48,Smoke,1719,581,1874,629
1504.png,50,128,Smoke,1431,413,1481,541
1504.png,141,67,Smoke,1757,376,1898,443
1504.png,57,57,Smoke,1761,304,1818,361
1504.png,55,80,Smoke,546,424,601,504
1504.png,23,151,Smoke,1212,422,1235,573
1505.png,80,48,Smoke,414,514,494,562
1505.png,170,57,Smoke,568,499,738,556
1505.png,103,55,Smoke,819,501,922,556
1505.png,130,227,Smoke,1024,320,1154,547
1505.png,32,170,Smoke,962,373,994,543
1505.png,29,218,Smoke,1164,343,1193,561
1505.png,132,155,Smoke,1247,398,1379,553
1505.png,182,109,Smoke,1738,457,1920,566
1505.png,76,227,Smoke,1621,384,1697,611
1505.png,155,48,Smoke,1719,581,1874,629
1505.png,50,128,Smoke,1431,412,1481,540
1505.png,141,67,Smoke,1757,376,1898,443
1505.png,57,57,Smoke,1760,304,1817,361
1505.png,55,80,Smoke,546,424,601,504
1505.png,23,151,Smoke,1212,423,1235,574
1506.png,80,48,Smoke,414,514,494,562
1506.png,170,57,Smoke,568,499,738,556
1506.png,103,55,Smoke,819,501,922,556
1506.png,130,227,Smoke,1024,319,1154,546
1506.png,32,170,Smoke,962,373,994,543
1506.png,29,218,Smoke,1165,334,1194,552
1506.png,132,155,Smoke,1247,398,1379,553
1506.png,182,109,Smoke,1738,457,1920,566
1506.png,76,227,Smoke,1621,383,1697,610
1506.png,155,48,Smoke,1719,581,1874,629
1506.png,50,128,Smoke,1431,412,1481,540
1506.png,141,67,Smoke,1757,376,1898,443
1506.png,57,57,Smoke,1760,304,1817,361
1506.png,55,80,Smoke,546,424,601,504
1506.png,23,151,Smoke,1212,423,1235,574
1507.png,80,48,Smoke,414,514,494,562
1507.png,170,57,Smoke,568,499,738,556
1507.png,103,55,Smoke,819,501,922,556
1507.png,130,227,Smoke,1024,320,1154,547
1507.png,32,170,Smoke,962,373,994,543
1507.png,29,218,Smoke,1163,333,1192,551
1507.png,132,155,Smoke,1247,398,1379,553
1507.png,181,109,Smoke,1739,457,1920,566
1507.png,76,227,Smoke,1621,384,1697,611
1507.png,155,48,Smoke,1719,581,1874,629
1507.png,50,128,Smoke,1431,412,1481,540
1507.png,141,67,Smoke,1756,376,1897,443
1507.png,57,57,Smoke,1761,304,1818,361
1507.png,55,80,Smoke,546,424,601,504
1507.png,23,151,Smoke,1212,423,1235,574
1508.png,80,48,Smoke,414,514,494,562
1508.png,170,57,Smoke,568,499,738,556
1508.png,103,55,Smoke,819,501,922,556
1508.png,130,227,Smoke,1024,321,1154,548
1508.png,32,170,Smoke,962,373,994,543
1508.png,29,218,Smoke,1163,333,1192,551
1508.png,132,155,Smoke,1247,398,1379,553
1508.png,182,109,Smoke,1738,457,1920,566
1508.png,76,227,Smoke,1621,383,1697,610
1508.png,155,48,Smoke,1719,581,1874,629
1508.png,50,128,Smoke,1431,412,1481,540
1508.png,141,67,Smoke,1756,376,1897,443
1508.png,57,57,Smoke,1760,304,1817,361
1508.png,55,80,Smoke,546,424,601,504
1508.png,23,151,Smoke,1212,422,1235,573
1509.png,80,48,Smoke,414,514,494,562
1509.png,170,57,Smoke,568,499,738,556
1509.png,103,55,Smoke,819,501,922,556
1509.png,130,227,Smoke,1023,321,1153,548
1509.png,32,170,Smoke,962,375,994,545
1509.png,29,218,Smoke,1163,334,1192,552
1509.png,132,155,Smoke,1247,398,1379,553
1509.png,183,109,Smoke,1737,457,1920,566
1509.png,76,227,Smoke,1621,384,1697,611
1509.png,155,48,Smoke,1719,581,1874,629
1509.png,50,128,Smoke,1431,412,1481,540
1509.png,141,67,Smoke,1757,376,1898,443
1509.png,57,57,Smoke,1760,304,1817,361
1509.png,55,80,Smoke,546,424,601,504
1509.png,23,151,Smoke,1212,423,1235,574
1510.png,80,48,Smoke,414,514,494,562
1510.png,170,57,Smoke,568,499,738,556
1510.png,103,55,Smoke,819,501,922,556
1510.png,130,227,Smoke,1024,319,1154,546
1510.png,32,170,Smoke,962,375,994,545
1510.png,29,218,Smoke,1163,335,1192,553
1510.png,132,155,Smoke,1247,398,1379,553
1510.png,182,109,Smoke,1738,457,1920,566
1510.png,76,227,Smoke,1621,383,1697,610
1510.png,155,48,Smoke,1719,582,1874,630
1510.png,50,128,Smoke,1431,412,1481,540
1510.png,141,67,Smoke,1756,376,1897,443
1510.png,57,57,Smoke,1761,304,1818,361
1510.png,55,80,Smoke,546,424,601,504
1510.png,23,151,Smoke,1212,423,1235,574
1511.png,80,48,Smoke,414,514,494,562
1511.png,170,57,Smoke,568,499,738,556
1511.png,103,55,Smoke,819,502,922,557
1511.png,130,227,Smoke,1024,319,1154,546
1511.png,32,170,Smoke,962,373,994,543
1511.png,29,218,Smoke,1164,341,1193,559
1511.png,132,155,Smoke,1247,398,1379,553
1511.png,181,109,Smoke,1739,457,1920,566
1511.png,76,227,Smoke,1621,384,1697,611
1511.png,155,48,Smoke,1719,581,1874,629
1511.png,50,128,Smoke,1431,412,1481,540
1511.png,141,67,Smoke,1757,377,1898,444
1511.png,57,57,Smoke,1761,304,1818,361
1511.png,55,80,Smoke,546,424,601,504
1511.png,23,151,Smoke,1212,423,1235,574
1511.png,57,57,Smoke,1761,304,1818,361
1511.png,55,80,Smoke,546,424,601,504
1511.png,23,151,Smoke,1212,422,1235,573
1512.png,80,48,Smoke,414,514,494,562
1512.png,170,57,Smoke,568,499,738,556
1512.png,103,55,Smoke,819,503,922,558
1512.png,130,227,Smoke,1024,319,1154,546
1512.png,32,170,Smoke,962,373,994,543
1512.png,29,218,Smoke,1164,341,1193,559
1512.png,132,155,Smoke,1247,398,1379,553
1512.png,180,109,Smoke,1740,457,1920,566
1512.png,76,227,Smoke,1621,384,1697,611
1512.png,155,48,Smoke,1719,581,1874,629
1512.png,50,128,Smoke,1431,412,1481,540
1512.png,141,67,Smoke,1757,377,1898,444
1512.png,55,80,Smoke,546,424,601,504
1512.png,23,151,Smoke,1212,423,1235,574
1513.png,80,48,Smoke,414,514,494,562
1513.png,170,57,Smoke,568,499,738,556
1513.png,103,55,Smoke,819,502,922,557
1513.png,130,227,Smoke,1024,319,1154,546
1513.png,32,170,Smoke,962,373,994,543
1513.png,29,218,Smoke,1164,341,1193,559
1513.png,132,155,Smoke,1247,398,1379,553
1513.png,181,109,Smoke,1739,457,1920,566
1513.png,76,227,Smoke,1621,384,1697,611
1513.png,155,48,Smoke,1719,581,1874,629
1513.png,50,128,Smoke,1431,412,1481,540
1513.png,141,67,Smoke,1757,377,1898,444
1513.png,57,57,Smoke,1761,304,1818,361
1514.png,80,48,Smoke,414,514,494,562
1514.png,170,57,Smoke,568,499,738,556
1514.png,103,55,Smoke,820,502,923,557
1514.png,130,227,Smoke,1024,318,1154,545
1514.png,32,170,Smoke,962,375,994,545
1514.png,29,218,Smoke,1164,341,1193,559
1514.png,132,155,Smoke,1247,398,1379,553
1514.png,180,109,Smoke,1740,457,1920,566
1514.png,76,227,Smoke,1621,384,1697,611
1514.png,155,48,Smoke,1718,580,1873,628
1514.png,50,128,Smoke,1431,412,1481,540
1514.png,141,67,Smoke,1757,377,1898,444
1514.png,57,57,Smoke,1761,304,1818,361
1514.png,55,80,Smoke,546,424,601,504
1514.png,23,151,Smoke,1212,422,1235,573
1515.png,80,48,Smoke,414,514,494,562
1515.png,170,57,Smoke,568,499,738,556
1515.png,103,55,Smoke,820,502,923,557
1515.png,130,227,Smoke,1024,319,1154,546
1515.png,32,170,Smoke,962,375,994,545
1515.png,29,218,Smoke,1164,343,1193,561
1515.png,132,155,Smoke,1247,398,1379,553
1515.png,181,109,Smoke,1739,457,1920,566
1515.png,76,227,Smoke,1621,384,1697,611
1515.png,155,48,Smoke,1719,580,1874,628
1515.png,50,128,Smoke,1431,412,1481,540
1515.png,141,67,Smoke,1757,376,1898,443
1515.png,57,57,Smoke,1761,304,1818,361
1515.png,55,80,Smoke,546,424,601,504
1515.png,23,151,Smoke,1212,423,1235,574
1516.png,80,48,Smoke,414,514,494,562
1516.png,170,57,Smoke,568,498,738,555
1516.png,103,55,Smoke,820,502,923,557
1516.png,130,227,Smoke,1024,318,1154,545
1516.png,32,170,Smoke,962,375,994,545
1516.png,29,218,Smoke,1164,341,1193,559
1516.png,132,155,Smoke,1247,398,1379,553
1516.png,180,109,Smoke,1740,457,1920,566
1516.png,76,227,Smoke,1621,384,1697,611
1516.png,155,48,Smoke,1719,580,1874,628
1516.png,50,128,Smoke,1431,412,1481,540
1516.png,141,67,Smoke,1758,377,1899,444
1516.png,57,57,Smoke,1761,304,1818,361
1516.png,55,80,Smoke,546,424,601,504
1516.png,23,151,Smoke,1212,422,1235,573
1517.png,80,48,Smoke,414,514,494,562
1517.png,170,57,Smoke,568,498,738,555
1517.png,103,55,Smoke,820,502,923,557
1517.png,130,227,Smoke,1024,319,1154,546
1517.png,32,170,Smoke,962,375,994,545
1517.png,29,218,Smoke,1164,341,1193,559
1517.png,132,155,Smoke,1247,398,1379,553
1517.png,181,109,Smoke,1739,456,1920,565
1517.png,76,227,Smoke,1621,384,1697,611
1517.png,155,48,Smoke,1721,581,1876,629
1517.png,50,128,Smoke,1431,412,1481,540
1517.png,141,67,Smoke,1757,376,1898,443
1517.png,57,57,Smoke,1761,304,1818,361
1517.png,55,80,Smoke,546,424,601,504
1517.png,23,151,Smoke,1212,423,1235,574
1518.png,80,48,Smoke,414,514,494,562
1518.png,170,57,Smoke,568,498,738,555
1518.png,103,55,Smoke,820,501,923,556
1518.png,130,227,Smoke,1025,317,1155,544
1518.png,32,170,Smoke,962,375,994,545
1518.png,29,218,Smoke,1164,341,1193,559
1518.png,132,155,Smoke,1247,398,1379,553
1518.png,180,109,Smoke,1740,457,1920,566
1518.png,76,227,Smoke,1621,384,1697,611
1518.png,155,48,Smoke,1721,581,1876,629
1518.png,50,128,Smoke,1431,412,1481,540
1518.png,141,67,Smoke,1758,376,1899,443
1518.png,57,57,Smoke,1761,304,1818,361
1518.png,55,80,Smoke,546,424,601,504
1518.png,23,151,Smoke,1212,422,1235,573
1519.png,80,48,Smoke,414,514,494,562
1519.png,170,57,Smoke,568,498,738,555
1519.png,103,55,Smoke,820,502,923,557
1519.png,130,227,Smoke,1025,317,1155,544
1519.png,32,170,Smoke,962,375,994,545
1519.png,29,218,Smoke,1164,341,1193,559
1519.png,132,155,Smoke,1247,398,1379,553
1519.png,181,109,Smoke,1739,457,1920,566
1519.png,76,227,Smoke,1621,384,1697,611
1519.png,155,48,Smoke,1721,581,1876,629
1519.png,50,128,Smoke,1431,412,1481,540
1519.png,141,67,Smoke,1757,376,1898,443
1519.png,57,57,Smoke,1761,304,1818,361
1519.png,55,80,Smoke,546,424,601,504
1519.png,23,151,Smoke,1212,423,1235,574
1520.png,80,48,Smoke,414,514,494,562
1520.png,170,57,Smoke,568,498,738,555
1520.png,103,55,Smoke,820,502,923,557
1520.png,130,227,Smoke,1025,316,1155,543
1520.png,32,170,Smoke,962,375,994,545
1520.png,29,218,Smoke,1164,342,1193,560
1520.png,132,155,Smoke,1247,398,1379,553
1520.png,180,109,Smoke,1740,457,1920,566
1520.png,76,227,Smoke,1621,383,1697,610
1520.png,155,48,Smoke,1721,581,1876,629
1520.png,50,128,Smoke,1431,412,1481,540
1520.png,141,67,Smoke,1757,376,1898,443
1520.png,57,57,Smoke,1761,304,1818,361
1520.png,55,80,Smoke,546,424,601,504
1520.png,23,151,Smoke,1212,422,1235,573
1521.png,80,48,Smoke,414,514,494,562
1521.png,170,57,Smoke,568,498,738,555
1521.png,103,55,Smoke,820,502,923,557
1521.png,130,227,Smoke,1025,315,1155,542
1521.png,32,170,Smoke,962,375,994,545
1521.png,29,218,Smoke,1164,343,1193,561
1521.png,132,155,Smoke,1247,398,1379,553
1521.png,181,109,Smoke,1739,457,1920,566
1521.png,76,227,Smoke,1621,384,1697,611
1521.png,155,48,Smoke,1721,581,1876,629
1521.png,50,128,Smoke,1431,412,1481,540
1521.png,141,67,Smoke,1758,376,1899,443
1521.png,57,57,Smoke,1761,304,1818,361
1521.png,55,80,Smoke,546,424,601,504
1521.png,23,151,Smoke,1212,423,1235,574
1521.png,57,57,Smoke,1761,304,1818,361
1521.png,55,80,Smoke,546,424,601,504
1521.png,23,151,Smoke,1212,422,1235,573
1522.png,80,48,Smoke,414,514,494,562
1522.png,170,57,Smoke,568,498,738,555
1522.png,103,55,Smoke,819,503,922,558
1522.png,130,227,Smoke,1025,315,1155,542
1522.png,32,170,Smoke,962,375,994,545
1522.png,29,218,Smoke,1164,343,1193,561
1522.png,132,155,Smoke,1247,398,1379,553
1522.png,180,109,Smoke,1740,457,1920,566
1522.png,76,227,Smoke,1621,384,1697,611
1522.png,155,48,Smoke,1721,581,1876,629
1522.png,50,128,Smoke,1431,412,1481,540
1522.png,141,67,Smoke,1758,376,1899,443
1522.png,55,80,Smoke,546,424,601,504
1522.png,23,151,Smoke,1212,423,1235,574
1523.png,80,48,Smoke,414,514,494,562
1523.png,170,57,Smoke,568,498,738,555
1523.png,103,55,Smoke,820,503,923,558
1523.png,130,227,Smoke,1025,315,1155,542
1523.png,32,170,Smoke,962,375,994,545
1523.png,29,218,Smoke,1164,344,1193,562
1523.png,132,155,Smoke,1247,398,1379,553
1523.png,181,109,Smoke,1739,457,1920,566
1523.png,76,227,Smoke,1621,384,1697,611
1523.png,155,48,Smoke,1721,581,1876,629
1523.png,50,128,Smoke,1431,412,1481,540
1523.png,141,67,Smoke,1758,376,1899,443
1523.png,57,57,Smoke,1760,304,1817,361
1524.png,80,48,Smoke,414,514,494,562
1524.png,170,57,Smoke,568,498,738,555
1524.png,111,76,Smoke,811,479,922,555
1524.png,130,227,Smoke,1025,315,1155,542
1524.png,32,170,Smoke,962,375,994,545
1524.png,29,218,Smoke,1164,344,1193,562
1524.png,132,155,Smoke,1247,398,1379,553
1524.png,180,109,Smoke,1740,457,1920,566
1524.png,76,227,Smoke,1621,385,1697,612
1524.png,155,48,Smoke,1721,581,1876,629
1524.png,50,128,Smoke,1431,412,1481,540
1524.png,141,67,Smoke,1758,377,1899,444
1524.png,57,57,Smoke,1761,304,1818,361
1524.png,55,80,Smoke,546,424,601,504
1524.png,23,151,Smoke,1212,424,1235,575
1525.png,80,48,Smoke,414,514,494,562
1525.png,170,57,Smoke,568,498,738,555
1525.png,111,76,Smoke,811,479,922,555
1525.png,130,227,Smoke,1025,314,1155,541
1525.png,32,170,Smoke,962,373,994,543
1525.png,29,218,Smoke,1164,341,1193,559
1525.png,132,155,Smoke,1247,398,1379,553
1525.png,181,109,Smoke,1739,457,1920,566
1525.png,76,227,Smoke,1622,384,1698,611
1525.png,155,48,Smoke,1721,580,1876,628
1525.png,50,128,Smoke,1431,412,1481,540
1525.png,141,67,Smoke,1758,377,1899,444
1525.png,57,57,Smoke,1761,304,1818,361
1525.png,55,80,Smoke,546,424,601,504
1525.png,23,151,Smoke,1212,423,1235,574
1526.png,80,48,Smoke,414,514,494,562
1526.png,170,57,Smoke,568,498,738,555
1526.png,111,76,Smoke,811,479,922,555
1526.png,130,227,Smoke,1025,315,1155,542
1526.png,32,170,Smoke,962,373,994,543
1526.png,29,218,Smoke,1164,341,1193,559
1526.png,132,155,Smoke,1247,398,1379,553
1526.png,180,109,Smoke,1740,457,1920,566
1526.png,76,227,Smoke,1621,384,1697,611
1526.png,155,48,Smoke,1721,580,1876,628
1526.png,50,128,Smoke,1431,412,1481,540
1526.png,141,67,Smoke,1758,377,1899,444
1526.png,57,57,Smoke,1761,304,1818,361
1526.png,55,80,Smoke,546,424,601,504
1526.png,23,151,Smoke,1212,424,1235,575
1527.png,80,48,Smoke,414,514,494,562
1527.png,170,57,Smoke,568,498,738,555
1527.png,111,76,Smoke,812,479,923,555
1527.png,130,227,Smoke,1025,314,1155,541
1527.png,32,170,Smoke,962,375,994,545
1527.png,29,218,Smoke,1163,343,1192,561
1527.png,132,155,Smoke,1247,398,1379,553
1527.png,181,109,Smoke,1739,458,1920,567
1527.png,76,227,Smoke,1622,384,1698,611
1527.png,155,48,Smoke,1721,581,1876,629
1527.png,50,128,Smoke,1430,412,1480,540
1527.png,141,67,Smoke,1758,377,1899,444
1527.png,57,57,Smoke,1761,304,1818,361
1527.png,55,80,Smoke,546,424,601,504
1527.png,23,151,Smoke,1212,423,1235,574
1528.png,80,48,Smoke,414,514,494,562
1528.png,170,57,Smoke,568,498,738,555
1528.png,111,76,Smoke,811,479,922,555
1528.png,130,227,Smoke,1025,315,1155,542
1528.png,32,170,Smoke,962,375,994,545
1528.png,29,218,Smoke,1164,339,1193,557
1528.png,132,155,Smoke,1247,398,1379,553
1528.png,180,109,Smoke,1740,457,1920,566
1528.png,76,227,Smoke,1621,384,1697,611
1528.png,155,48,Smoke,1721,581,1876,629
1528.png,50,128,Smoke,1431,413,1481,541
1528.png,141,67,Smoke,1758,377,1899,444
1528.png,57,57,Smoke,1761,304,1818,361
1528.png,55,80,Smoke,546,424,601,504
1528.png,23,151,Smoke,1212,422,1235,573
1529.png,80,48,Smoke,414,514,494,562
1529.png,170,57,Smoke,568,498,738,555
1529.png,111,76,Smoke,811,479,922,555
1529.png,130,227,Smoke,1025,314,1155,541
1529.png,32,170,Smoke,962,375,994,545
1529.png,29,218,Smoke,1164,342,1193,560
1529.png,132,155,Smoke,1247,398,1379,553
1529.png,181,109,Smoke,1739,457,1920,566
1529.png,76,227,Smoke,1621,384,1697,611
1529.png,155,48,Smoke,1721,581,1876,629
1529.png,50,128,Smoke,1431,413,1481,541
1529.png,141,67,Smoke,1758,377,1899,444
1529.png,57,57,Smoke,1761,304,1818,361
1529.png,55,80,Smoke,546,424,601,504
1529.png,23,151,Smoke,1212,423,1235,574
1530.png,80,48,Smoke,414,514,494,562
1530.png,170,57,Smoke,568,498,738,555
1530.png,111,76,Smoke,812,479,923,555
1530.png,130,227,Smoke,1025,315,1155,542
1530.png,32,170,Smoke,962,375,994,545
1530.png,29,218,Smoke,1164,342,1193,560
1530.png,132,155,Smoke,1247,398,1379,553
1530.png,180,109,Smoke,1740,457,1920,566
1530.png,76,227,Smoke,1621,383,1697,610
1530.png,155,48,Smoke,1721,581,1876,629
1530.png,50,128,Smoke,1431,413,1481,541
1530.png,141,67,Smoke,1758,376,1899,443
1530.png,57,57,Smoke,1761,304,1818,361
1530.png,55,80,Smoke,546,424,601,504
1530.png,23,151,Smoke,1212,424,1235,575
1531.png,80,48,Smoke,414,514,494,562
1531.png,170,57,Smoke,568,498,738,555
1531.png,111,76,Smoke,812,479,923,555
1531.png,130,227,Smoke,1025,314,1155,541
1531.png,32,170,Smoke,962,375,994,545
1531.png,29,218,Smoke,1164,343,1193,561
1531.png,132,155,Smoke,1247,398,1379,553
1531.png,181,109,Smoke,1739,457,1920,566
1531.png,76,227,Smoke,1621,384,1697,611
1531.png,155,48,Smoke,1721,581,1876,629
1531.png,50,128,Smoke,1431,412,1481,540
1531.png,141,67,Smoke,1758,376,1899,443
1531.png,57,57,Smoke,1761,304,1818,361
1531.png,55,80,Smoke,546,424,601,504
1531.png,23,151,Smoke,1212,423,1235,574
1531.png,57,57,Smoke,1761,304,1818,361
1531.png,55,80,Smoke,546,424,601,504
1531.png,23,151,Smoke,1212,424,1235,575
1532.png,80,48,Smoke,414,514,494,562
1532.png,170,57,Smoke,568,499,738,556
1532.png,111,76,Smoke,812,479,923,555
1532.png,130,227,Smoke,1025,315,1155,542
1532.png,32,170,Smoke,962,375,994,545
1532.png,29,218,Smoke,1164,342,1193,560
1532.png,132,155,Smoke,1247,398,1379,553
1532.png,180,109,Smoke,1740,457,1920,566
1532.png,76,227,Smoke,1621,385,1697,612
1532.png,155,48,Smoke,1721,582,1876,630
1532.png,50,128,Smoke,1430,412,1480,540
1532.png,141,67,Smoke,1758,376,1899,443
1532.png,55,80,Smoke,546,424,601,504
1532.png,23,151,Smoke,1212,423,1235,574
1533.png,80,48,Smoke,414,514,494,562
1533.png,170,57,Smoke,568,499,738,556
1533.png,111,76,Smoke,812,478,923,554
1533.png,130,227,Smoke,1025,314,1155,541
1533.png,32,170,Smoke,962,375,994,545
1533.png,29,218,Smoke,1164,345,1193,563
1533.png,132,155,Smoke,1247,398,1379,553
1533.png,181,109,Smoke,1739,457,1920,566
1533.png,76,227,Smoke,1621,384,1697,611
1533.png,155,48,Smoke,1721,582,1876,630
1533.png,50,128,Smoke,1430,412,1480,540
1533.png,141,67,Smoke,1757,376,1898,443
1533.png,57,57,Smoke,1761,304,1818,361
1534.png,80,48,Smoke,414,514,494,562
1534.png,170,57,Smoke,568,497,738,554
1534.png,111,76,Smoke,811,477,922,553
1534.png,130,227,Smoke,1025,315,1155,542
1534.png,32,170,Smoke,962,375,994,545
1534.png,29,218,Smoke,1164,344,1193,562
1534.png,132,155,Smoke,1247,398,1379,553
1534.png,180,109,Smoke,1740,456,1920,565
1534.png,76,227,Smoke,1621,383,1697,610
1534.png,155,48,Smoke,1721,581,1876,629
1534.png,50,128,Smoke,1430,412,1480,540
1534.png,141,67,Smoke,1758,377,1899,444
1534.png,57,57,Smoke,1761,304,1818,361
1534.png,55,80,Smoke,546,424,601,504
1534.png,23,151,Smoke,1212,424,1235,575
1535.png,80,48,Smoke,414,514,494,562
1535.png,170,57,Smoke,568,497,738,554
1535.png,111,76,Smoke,811,477,922,553
1535.png,130,227,Smoke,1025,315,1155,542
1535.png,32,170,Smoke,962,375,994,545
1535.png,29,218,Smoke,1164,343,1193,561
1535.png,132,155,Smoke,1247,398,1379,553
1535.png,181,109,Smoke,1739,456,1920,565
1535.png,76,227,Smoke,1621,384,1697,611
1535.png,155,48,Smoke,1721,581,1876,629
1535.png,50,128,Smoke,1431,412,1481,540
1535.png,141,67,Smoke,1758,375,1899,442
1535.png,57,57,Smoke,1761,304,1818,361
1535.png,55,80,Smoke,546,424,601,504
1535.png,23,151,Smoke,1212,423,1235,574
1536.png,80,48,Smoke,414,514,494,562
1536.png,170,57,Smoke,568,497,738,554
1536.png,111,76,Smoke,811,477,922,553
1536.png,130,227,Smoke,1025,315,1155,542
1536.png,32,170,Smoke,962,375,994,545
1536.png,29,218,Smoke,1163,344,1192,562
1536.png,132,155,Smoke,1247,398,1379,553
1536.png,180,109,Smoke,1740,456,1920,565
1536.png,76,227,Smoke,1621,383,1697,610
1536.png,155,48,Smoke,1721,581,1876,629
1536.png,50,128,Smoke,1431,412,1481,540
1536.png,141,67,Smoke,1758,377,1899,444
1536.png,57,57,Smoke,1761,304,1818,361
1536.png,55,80,Smoke,546,424,601,504
1536.png,23,151,Smoke,1212,424,1235,575
1537.png,80,48,Smoke,414,514,494,562
1537.png,170,57,Smoke,568,497,738,554
1537.png,111,76,Smoke,811,477,922,553
1537.png,130,227,Smoke,1026,315,1156,542
1537.png,32,170,Smoke,962,375,994,545
1537.png,29,218,Smoke,1164,344,1193,562
1537.png,132,155,Smoke,1247,398,1379,553
1537.png,181,109,Smoke,1739,456,1920,565
1537.png,76,227,Smoke,1621,384,1697,611
1537.png,155,48,Smoke,1721,581,1876,629
1537.png,50,128,Smoke,1431,411,1481,539
1537.png,141,67,Smoke,1757,376,1898,443
1537.png,57,57,Smoke,1761,304,1818,361
1537.png,55,80,Smoke,546,424,601,504
1537.png,23,151,Smoke,1212,423,1235,574
1538.png,80,48,Smoke,414,514,494,562
1538.png,170,57,Smoke,568,497,738,554
1538.png,111,76,Smoke,811,477,922,553
1538.png,130,227,Smoke,1025,315,1155,542
1538.png,32,170,Smoke,962,375,994,545
1538.png,29,218,Smoke,1164,344,1193,562
1538.png,132,155,Smoke,1247,398,1379,553
1538.png,180,109,Smoke,1740,456,1920,565
1538.png,76,227,Smoke,1620,383,1696,610
1538.png,155,48,Smoke,1721,581,1876,629
1538.png,50,128,Smoke,1430,412,1480,540
1538.png,141,67,Smoke,1757,376,1898,443
1538.png,57,57,Smoke,1761,304,1818,361
1538.png,55,80,Smoke,546,424,601,504
1538.png,23,151,Smoke,1212,424,1235,575
1539.png,80,48,Smoke,414,514,494,562
1539.png,170,57,Smoke,568,497,738,554
1539.png,111,76,Smoke,811,477,922,553
1539.png,130,227,Smoke,1026,315,1156,542
1539.png,32,170,Smoke,962,373,994,543
1539.png,29,218,Smoke,1164,343,1193,561
1539.png,132,155,Smoke,1247,398,1379,553
1539.png,181,109,Smoke,1739,457,1920,566
1539.png,76,227,Smoke,1621,384,1697,611
1539.png,155,48,Smoke,1721,581,1876,629
1539.png,50,128,Smoke,1431,412,1481,540
1539.png,141,67,Smoke,1758,376,1899,443
1539.png,57,57,Smoke,1761,304,1818,361
1539.png,55,80,Smoke,546,424,601,504
1539.png,23,151,Smoke,1212,423,1235,574
1540.png,80,48,Smoke,414,514,494,562
1540.png,170,57,Smoke,568,497,738,554
1540.png,111,76,Smoke,811,477,922,553
1540.png,130,227,Smoke,1026,314,1156,541
1540.png,32,170,Smoke,962,373,994,543
1540.png,29,218,Smoke,1163,345,1192,563
1540.png,132,155,Smoke,1247,398,1379,553
1540.png,180,109,Smoke,1740,457,1920,566
1540.png,76,227,Smoke,1621,385,1697,612
1540.png,155,48,Smoke,1721,581,1876,629
1540.png,50,128,Smoke,1431,411,1481,539
1540.png,141,67,Smoke,1757,376,1898,443
1540.png,57,57,Smoke,1761,304,1818,361
1540.png,55,80,Smoke,546,424,601,504
1540.png,23,151,Smoke,1212,424,1235,575
1541.png,80,48,Smoke,414,514,494,562
1541.png,170,57,Smoke,568,497,738,554
1541.png,111,76,Smoke,811,477,922,553
1541.png,130,227,Smoke,1025,314,1155,541
1541.png,32,170,Smoke,962,373,994,543
1541.png,29,218,Smoke,1163,345,1192,563
1541.png,132,155,Smoke,1247,398,1379,553
1541.png,181,109,Smoke,1739,457,1920,566
1541.png,76,227,Smoke,1621,384,1697,611
1541.png,155,48,Smoke,1721,581,1876,629
1541.png,50,128,Smoke,1431,412,1481,540
1541.png,141,67,Smoke,1757,376,1898,443
1541.png,57,57,Smoke,1761,304,1818,361
1541.png,55,80,Smoke,546,424,601,504
1541.png,23,151,Smoke,1212,423,1235,574
1541.png,57,57,Smoke,1761,304,1818,361
1541.png,55,80,Smoke,546,424,601,504
1541.png,23,151,Smoke,1212,424,1235,575
1542.png,80,48,Smoke,414,514,494,562
1542.png,170,57,Smoke,568,497,738,554
1542.png,111,76,Smoke,811,477,922,553
1542.png,130,227,Smoke,1025,313,1155,540
1542.png,32,170,Smoke,962,373,994,543
1542.png,29,218,Smoke,1163,345,1192,563
1542.png,132,155,Smoke,1247,398,1379,553
1542.png,180,109,Smoke,1740,457,1920,566
1542.png,76,227,Smoke,1621,383,1697,610
1542.png,155,48,Smoke,1721,581,1876,629
1542.png,50,128,Smoke,1431,412,1481,540
1542.png,141,67,Smoke,1757,375,1898,442
1542.png,55,80,Smoke,546,424,601,504
1542.png,23,151,Smoke,1212,423,1235,574
1543.png,80,48,Smoke,414,514,494,562
1543.png,170,57,Smoke,568,497,738,554
1543.png,111,76,Smoke,811,477,922,553
1543.png,130,227,Smoke,1025,314,1155,541
1543.png,32,170,Smoke,962,373,994,543
1543.png,29,218,Smoke,1163,345,1192,563
1543.png,132,155,Smoke,1247,398,1379,553
1543.png,181,109,Smoke,1739,458,1920,567
1543.png,76,227,Smoke,1621,384,1697,611
1543.png,155,48,Smoke,1721,581,1876,629
1543.png,50,128,Smoke,1431,413,1481,541
1543.png,141,67,Smoke,1757,376,1898,443
1543.png,57,57,Smoke,1761,304,1818,361
1544.png,80,48,Smoke,414,514,494,562
1544.png,170,57,Smoke,568,497,738,554
1544.png,111,76,Smoke,811,477,922,553
1544.png,130,227,Smoke,1025,313,1155,540
1544.png,32,170,Smoke,962,373,994,543
1544.png,29,218,Smoke,1163,345,1192,563
1544.png,132,155,Smoke,1247,398,1379,553
1544.png,180,109,Smoke,1740,457,1920,566
1544.png,76,227,Smoke,1621,383,1697,610
1544.png,155,48,Smoke,1721,581,1876,629
1544.png,50,128,Smoke,1430,413,1480,541
1544.png,141,67,Smoke,1757,376,1898,443
1544.png,57,57,Smoke,1761,304,1818,361
1544.png,55,80,Smoke,546,424,601,504
1544.png,23,151,Smoke,1212,424,1235,575
1545.png,80,48,Smoke,414,514,494,562
1545.png,170,57,Smoke,568,497,738,554
1545.png,111,76,Smoke,811,477,922,553
1545.png,130,227,Smoke,1025,314,1155,541
1545.png,32,170,Smoke,962,373,994,543
1545.png,29,218,Smoke,1163,345,1192,563
1545.png,132,155,Smoke,1247,398,1379,553
1545.png,181,109,Smoke,1739,457,1920,566
1545.png,76,227,Smoke,1621,384,1697,611
1545.png,155,48,Smoke,1721,581,1876,629
1545.png,50,128,Smoke,1431,412,1481,540
1545.png,141,67,Smoke,1757,376,1898,443
1545.png,57,57,Smoke,1761,304,1818,361
1545.png,55,80,Smoke,546,424,601,504
1545.png,23,151,Smoke,1212,423,1235,574
1546.png,80,48,Smoke,414,514,494,562
1546.png,170,57,Smoke,568,497,738,554
1546.png,111,76,Smoke,811,477,922,553
1546.png,130,227,Smoke,1025,313,1155,540
1546.png,32,170,Smoke,962,373,994,543
1546.png,29,218,Smoke,1163,345,1192,563
1546.png,132,155,Smoke,1247,398,1379,553
1546.png,180,109,Smoke,1740,457,1920,566
1546.png,76,227,Smoke,1621,383,1697,610
1546.png,155,48,Smoke,1721,581,1876,629
1546.png,50,128,Smoke,1431,412,1481,540
1546.png,141,67,Smoke,1757,377,1898,444
1546.png,57,57,Smoke,1761,304,1818,361
1546.png,55,80,Smoke,546,424,601,504
1546.png,23,151,Smoke,1212,424,1235,575
1547.png,80,48,Smoke,414,514,494,562
1547.png,170,57,Smoke,568,497,738,554
1547.png,111,76,Smoke,811,477,922,553
1547.png,130,227,Smoke,1025,312,1155,539
1547.png,32,170,Smoke,962,373,994,543
1547.png,29,218,Smoke,1163,345,1192,563
1547.png,132,155,Smoke,1247,398,1379,553
1547.png,183,109,Smoke,1737,457,1920,566
1547.png,76,227,Smoke,1621,382,1697,609
1547.png,155,48,Smoke,1721,582,1876,630
1547.png,50,128,Smoke,1431,413,1481,541
1547.png,141,67,Smoke,1757,377,1898,444
1547.png,57,57,Smoke,1761,304,1818,361
1547.png,55,80,Smoke,546,424,601,504
1547.png,23,151,Smoke,1212,423,1235,574
1548.png,80,48,Smoke,414,514,494,562
1548.png,170,57,Smoke,568,497,738,554
1548.png,111,76,Smoke,812,477,923,553
1548.png,130,227,Smoke,1025,315,1155,542
1548.png,32,170,Smoke,962,373,994,543
1548.png,29,218,Smoke,1163,345,1192,563
1548.png,132,155,Smoke,1247,398,1379,553
1548.png,180,109,Smoke,1740,457,1920,566
1548.png,76,227,Smoke,1621,383,1697,610
1548.png,155,48,Smoke,1721,582,1876,630
1548.png,50,128,Smoke,1431,412,1481,540
1548.png,141,67,Smoke,1757,376,1898,443
1548.png,57,57,Smoke,1761,304,1818,361
1548.png,55,80,Smoke,546,424,601,504
1548.png,23,151,Smoke,1212,424,1235,575
1549.png,80,48,Smoke,414,514,494,562
1549.png,170,57,Smoke,568,497,738,554
1549.png,111,76,Smoke,813,477,924,553
1549.png,130,227,Smoke,1025,312,1155,539
1549.png,32,170,Smoke,962,373,994,543
1549.png,29,218,Smoke,1163,345,1192,563
1549.png,132,155,Smoke,1247,398,1379,553
1549.png,181,109,Smoke,1739,457,1920,566
1549.png,76,227,Smoke,1621,384,1697,611
1549.png,155,48,Smoke,1721,582,1876,630
1549.png,50,128,Smoke,1431,412,1481,540
1549.png,141,67,Smoke,1757,376,1898,443
1549.png,57,57,Smoke,1761,304,1818,361
1549.png,55,80,Smoke,546,424,601,504
1549.png,23,151,Smoke,1212,423,1235,574
1550.png,80,48,Smoke,414,514,494,562
1550.png,170,57,Smoke,568,497,738,554
1550.png,111,76,Smoke,813,477,924,553
1550.png,130,227,Smoke,1025,311,1155,538
1550.png,32,170,Smoke,962,373,994,543
1550.png,29,218,Smoke,1163,345,1192,563
1550.png,132,155,Smoke,1247,398,1379,553
1550.png,180,109,Smoke,1740,457,1920,566
1550.png,76,227,Smoke,1621,383,1697,610
1550.png,155,48,Smoke,1721,582,1876,630
1550.png,50,128,Smoke,1431,411,1481,539
1550.png,141,67,Smoke,1758,376,1899,443
1550.png,57,57,Smoke,1761,305,1818,362
1550.png,55,80,Smoke,546,424,601,504
1550.png,23,151,Smoke,1212,424,1235,575
1551.png,80,48,Smoke,414,514,494,562
1551.png,170,57,Smoke,568,497,738,554
1551.png,111,76,Smoke,814,477,925,553
1551.png,130,227,Smoke,1025,312,1155,539
1551.png,32,170,Smoke,962,373,994,543
1551.png,29,218,Smoke,1163,345,1192,563
1551.png,132,155,Smoke,1247,398,1379,553
1551.png,181,109,Smoke,1739,457,1920,566
1551.png,76,227,Smoke,1621,384,1697,611
1551.png,155,48,Smoke,1721,582,1876,630
1551.png,50,128,Smoke,1431,411,1481,539
1551.png,141,67,Smoke,1758,376,1899,443
1551.png,57,57,Smoke,1761,304,1818,361
1551.png,55,80,Smoke,546,424,601,504
1551.png,23,151,Smoke,1212,423,1235,574
1551.png,57,57,Smoke,1761,304,1818,361
1551.png,55,80,Smoke,546,424,601,504
1551.png,23,151,Smoke,1212,424,1235,575
1552.png,80,48,Smoke,414,514,494,562
1552.png,170,57,Smoke,568,497,738,554
1552.png,111,76,Smoke,814,477,925,553
1552.png,130,227,Smoke,1025,311,1155,538
1552.png,32,170,Smoke,962,373,994,543
1552.png,29,218,Smoke,1163,345,1192,563
1552.png,132,155,Smoke,1247,398,1379,553
1552.png,180,109,Smoke,1740,457,1920,566
1552.png,76,227,Smoke,1621,383,1697,610
1552.png,155,48,Smoke,1721,582,1876,630
1552.png,50,128,Smoke,1431,411,1481,539
1552.png,141,67,Smoke,1759,376,1900,443
1552.png,55,80,Smoke,546,424,601,504
1552.png,23,151,Smoke,1212,423,1235,574
1553.png,80,48,Smoke,414,514,494,562
1553.png,170,57,Smoke,568,497,738,554
1553.png,111,76,Smoke,814,477,925,553
1553.png,130,227,Smoke,1025,312,1155,539
1553.png,32,170,Smoke,962,373,994,543
1553.png,29,218,Smoke,1163,345,1192,563
1553.png,132,155,Smoke,1247,397,1379,552
1553.png,181,109,Smoke,1739,457,1920,566
1553.png,76,227,Smoke,1621,384,1697,611
1553.png,155,48,Smoke,1721,582,1876,630
1553.png,50,128,Smoke,1431,411,1481,539
1553.png,141,67,Smoke,1758,377,1899,444
1553.png,57,57,Smoke,1761,304,1818,361
1554.png,80,48,Smoke,414,514,494,562
1554.png,170,57,Smoke,568,497,738,554
1554.png,111,76,Smoke,814,477,925,553
1554.png,130,227,Smoke,1025,311,1155,538
1554.png,32,170,Smoke,962,373,994,543
1554.png,29,218,Smoke,1163,343,1192,561
1554.png,132,155,Smoke,1247,397,1379,552
1554.png,180,109,Smoke,1740,457,1920,566
1554.png,76,227,Smoke,1621,385,1697,612
1554.png,155,48,Smoke,1721,582,1876,630
1554.png,50,128,Smoke,1431,411,1481,539
1554.png,141,67,Smoke,1758,377,1899,444
1554.png,57,57,Smoke,1761,304,1818,361
1554.png,55,80,Smoke,546,424,601,504
1554.png,23,151,Smoke,1212,422,1235,573
1555.png,80,48,Smoke,414,514,494,562
1555.png,113,57,Smoke,624,498,737,555
1555.png,111,76,Smoke,814,477,925,553
1555.png,130,227,Smoke,1025,312,1155,539
1555.png,32,170,Smoke,962,373,994,543
1555.png,29,218,Smoke,1163,343,1192,561
1555.png,132,155,Smoke,1247,397,1379,552
1555.png,181,109,Smoke,1739,456,1920,565
1555.png,76,227,Smoke,1621,384,1697,611
1555.png,155,48,Smoke,1721,582,1876,630
1555.png,50,128,Smoke,1431,411,1481,539
1555.png,141,67,Smoke,1758,376,1899,443
1555.png,57,57,Smoke,1761,304,1818,361
1555.png,55,80,Smoke,546,424,601,504
1555.png,23,151,Smoke,1212,423,1235,574
1556.png,80,48,Smoke,414,514,494,562
1556.png,113,57,Smoke,624,498,737,555
1556.png,111,76,Smoke,814,478,925,554
1556.png,130,227,Smoke,1025,311,1155,538
1556.png,32,170,Smoke,962,373,994,543
1556.png,29,218,Smoke,1163,343,1192,561
1556.png,132,155,Smoke,1247,398,1379,553
1556.png,180,109,Smoke,1740,457,1920,566
1556.png,76,227,Smoke,1621,383,1697,610
1556.png,155,48,Smoke,1721,582,1876,630
1556.png,50,128,Smoke,1431,411,1481,539
1556.png,141,67,Smoke,1758,376,1899,443
1556.png,57,57,Smoke,1761,304,1818,361
1556.png,55,80,Smoke,546,424,601,504
1556.png,23,151,Smoke,1212,422,1235,573
1557.png,80,48,Smoke,414,514,494,562
1557.png,113,57,Smoke,624,498,737,555
1557.png,111,76,Smoke,814,477,925,553
1557.png,130,227,Smoke,1025,312,1155,539
1557.png,32,170,Smoke,962,373,994,543
1557.png,29,218,Smoke,1163,345,1192,563
1557.png,132,155,Smoke,1247,398,1379,553
1557.png,181,109,Smoke,1739,457,1920,566
1557.png,76,227,Smoke,1621,384,1697,611
1557.png,155,48,Smoke,1721,582,1876,630
1557.png,50,128,Smoke,1431,411,1481,539
1557.png,141,67,Smoke,1758,376,1899,443
1557.png,57,57,Smoke,1761,304,1818,361
1557.png,55,80,Smoke,546,424,601,504
1557.png,23,151,Smoke,1212,423,1235,574
1558.png,80,48,Smoke,414,514,494,562
1558.png,113,57,Smoke,624,498,737,555
1558.png,111,76,Smoke,814,477,925,553
1558.png,130,227,Smoke,1025,311,1155,538
1558.png,32,170,Smoke,962,373,994,543
1558.png,29,218,Smoke,1163,345,1192,563
1558.png,132,155,Smoke,1247,398,1379,553
1558.png,180,109,Smoke,1740,457,1920,566
1558.png,76,227,Smoke,1621,385,1697,612
1558.png,155,48,Smoke,1721,582,1876,630
1558.png,50,128,Smoke,1431,411,1481,539
1558.png,141,67,Smoke,1758,377,1899,444
1558.png,57,57,Smoke,1761,304,1818,361
1558.png,55,80,Smoke,546,424,601,504
1558.png,23,151,Smoke,1212,424,1235,575
1559.png,80,48,Smoke,414,514,494,562
1559.png,113,57,Smoke,624,498,737,555
1559.png,111,76,Smoke,814,477,925,553
1559.png,130,227,Smoke,1025,312,1155,539
1559.png,32,170,Smoke,962,373,994,543
1559.png,29,218,Smoke,1163,345,1192,563
1559.png,132,155,Smoke,1247,398,1379,553
1559.png,181,109,Smoke,1739,457,1920,566
1559.png,76,227,Smoke,1621,384,1697,611
1559.png,155,48,Smoke,1721,582,1876,630
1559.png,50,128,Smoke,1431,411,1481,539
1559.png,141,67,Smoke,1758,377,1899,444
1559.png,57,57,Smoke,1761,304,1818,361
1559.png,55,80,Smoke,546,424,601,504
1559.png,23,151,Smoke,1212,423,1235,574
1560.png,80,48,Smoke,414,514,494,562
1560.png,113,57,Smoke,624,497,737,554
1560.png,111,76,Smoke,814,477,925,553
1560.png,130,227,Smoke,1025,311,1155,538
1560.png,32,170,Smoke,962,373,994,543
1560.png,29,218,Smoke,1163,343,1192,561
1560.png,132,155,Smoke,1247,398,1379,553
1560.png,180,109,Smoke,1740,457,1920,566
1560.png,76,227,Smoke,1621,385,1697,612
1560.png,155,48,Smoke,1721,582,1876,630
1560.png,50,128,Smoke,1431,411,1481,539
1560.png,141,67,Smoke,1758,377,1899,444
1560.png,57,57,Smoke,1761,304,1818,361
1560.png,55,80,Smoke,546,424,601,504
1560.png,23,151,Smoke,1212,422,1235,573
1561.png,80,48,Smoke,414,514,494,562
1561.png,113,57,Smoke,623,497,736,554
1561.png,111,76,Smoke,814,477,925,553
1561.png,130,227,Smoke,1025,312,1155,539
1561.png,32,170,Smoke,962,373,994,543
1561.png,29,218,Smoke,1163,343,1192,561
1561.png,132,155,Smoke,1246,398,1378,553
1561.png,181,109,Smoke,1739,457,1920,566
1561.png,76,227,Smoke,1621,384,1697,611
1561.png,155,48,Smoke,1722,583,1877,631
1561.png,50,128,Smoke,1431,412,1481,540
1561.png,141,67,Smoke,1758,377,1899,444
1561.png,57,57,Smoke,1761,304,1818,361
1561.png,55,80,Smoke,546,424,601,504
1561.png,23,151,Smoke,1212,423,1235,574
1561.png,57,57,Smoke,1761,304,1818,361
1561.png,55,80,Smoke,546,424,601,504
1561.png,23,151,Smoke,1212,422,1235,573
1562.png,80,48,Smoke,414,514,494,562
1562.png,113,57,Smoke,624,497,737,554
1562.png,111,76,Smoke,814,477,925,553
1562.png,130,227,Smoke,1025,312,1155,539
1562.png,32,170,Smoke,962,373,994,543
1562.png,29,218,Smoke,1163,343,1192,561
1562.png,132,155,Smoke,1246,398,1378,553
1562.png,180,109,Smoke,1740,457,1920,566
1562.png,76,227,Smoke,1621,385,1697,612
1562.png,155,48,Smoke,1722,583,1877,631
1562.png,50,128,Smoke,1431,412,1481,540
1562.png,141,67,Smoke,1758,376,1899,443
1562.png,55,80,Smoke,546,424,601,504
1562.png,23,151,Smoke,1212,423,1235,574
1563.png,80,48,Smoke,414,514,494,562
1563.png,113,57,Smoke,624,497,737,554
1563.png,111,76,Smoke,814,478,925,554
1563.png,130,227,Smoke,1025,312,1155,539
1563.png,32,170,Smoke,962,373,994,543
1563.png,29,218,Smoke,1163,343,1192,561
1563.png,132,155,Smoke,1246,398,1378,553
1563.png,181,109,Smoke,1739,457,1920,566
1563.png,76,227,Smoke,1621,384,1697,611
1563.png,155,48,Smoke,1722,583,1877,631
1563.png,50,128,Smoke,1431,412,1481,540
1563.png,141,67,Smoke,1758,377,1899,444
1563.png,57,57,Smoke,1761,304,1818,361
1564.png,80,48,Smoke,414,514,494,562
1564.png,113,57,Smoke,625,497,738,554
1564.png,111,76,Smoke,814,478,925,554
1564.png,130,227,Smoke,1025,311,1155,538
1564.png,32,170,Smoke,962,373,994,543
1564.png,29,218,Smoke,1163,345,1192,563
1564.png,132,155,Smoke,1246,397,1378,552
1564.png,180,109,Smoke,1740,457,1920,566
1564.png,76,227,Smoke,1621,384,1697,611
1564.png,155,48,Smoke,1722,583,1877,631
1564.png,50,128,Smoke,1431,412,1481,540
1564.png,141,67,Smoke,1758,377,1899,444
1564.png,57,57,Smoke,1761,304,1818,361
1564.png,55,80,Smoke,546,424,601,504
1564.png,23,151,Smoke,1212,422,1235,573
1565.png,80,48,Smoke,414,514,494,562
1565.png,113,57,Smoke,625,497,738,554
1565.png,111,76,Smoke,814,478,925,554
1565.png,130,227,Smoke,1025,312,1155,539
1565.png,32,170,Smoke,962,373,994,543
1565.png,29,218,Smoke,1163,342,1192,560
1565.png,132,155,Smoke,1246,397,1378,552
1565.png,181,109,Smoke,1739,457,1920,566
1565.png,76,227,Smoke,1621,384,1697,611
1565.png,155,48,Smoke,1722,583,1877,631
1565.png,50,128,Smoke,1431,412,1481,540
1565.png,141,67,Smoke,1757,377,1898,444
1565.png,57,57,Smoke,1761,304,1818,361
1565.png,55,80,Smoke,546,424,601,504
1565.png,23,151,Smoke,1212,423,1235,574
1566.png,80,48,Smoke,414,514,494,562
1566.png,113,57,Smoke,625,497,738,554
1566.png,111,76,Smoke,813,477,924,553
1566.png,130,227,Smoke,1025,311,1155,538
1566.png,32,170,Smoke,962,373,994,543
1566.png,29,218,Smoke,1163,339,1192,557
1566.png,132,155,Smoke,1246,397,1378,552
1566.png,180,109,Smoke,1740,457,1920,566
1566.png,76,227,Smoke,1621,383,1697,610
1566.png,155,48,Smoke,1722,583,1877,631
1566.png,50,128,Smoke,1431,412,1481,540
1566.png,141,67,Smoke,1756,377,1897,444
1566.png,57,57,Smoke,1761,304,1818,361
1566.png,55,80,Smoke,546,424,601,504
1566.png,23,151,Smoke,1212,422,1235,573
1567.png,80,48,Smoke,414,514,494,562
1567.png,113,57,Smoke,625,497,738,554
1567.png,111,76,Smoke,814,477,925,553
1567.png,130,227,Smoke,1025,310,1155,537
1567.png,32,170,Smoke,962,371,994,541
1567.png,29,218,Smoke,1163,341,1192,559
1567.png,132,155,Smoke,1246,397,1378,552
1567.png,181,109,Smoke,1739,457,1920,566
1567.png,76,227,Smoke,1621,384,1697,611
1567.png,155,48,Smoke,1722,583,1877,631
1567.png,50,128,Smoke,1431,412,1481,540
1567.png,141,67,Smoke,1757,377,1898,444
1567.png,57,57,Smoke,1761,304,1818,361
1567.png,55,80,Smoke,546,424,601,504
1567.png,23,151,Smoke,1212,423,1235,574
1568.png,80,48,Smoke,414,514,494,562
1568.png,113,57,Smoke,625,497,738,554
1568.png,111,76,Smoke,814,477,925,553
1568.png,130,227,Smoke,1025,311,1155,538
1568.png,32,170,Smoke,962,371,994,541
1568.png,29,218,Smoke,1163,345,1192,563
1568.png,132,155,Smoke,1246,397,1378,552
1568.png,180,109,Smoke,1740,457,1920,566
1568.png,76,227,Smoke,1621,383,1697,610
1568.png,155,48,Smoke,1722,582,1877,630
1568.png,50,128,Smoke,1431,412,1481,540
1568.png,141,67,Smoke,1758,378,1899,445
1568.png,57,57,Smoke,1761,304,1818,361
1568.png,55,80,Smoke,546,424,601,504
1568.png,23,151,Smoke,1212,422,1235,573
1569.png,80,48,Smoke,414,514,494,562
1569.png,113,57,Smoke,625,497,738,554
1569.png,111,76,Smoke,815,478,926,554
1569.png,130,227,Smoke,1025,312,1155,539
1569.png,32,170,Smoke,962,371,994,541
1569.png,29,218,Smoke,1163,342,1192,560
1569.png,132,155,Smoke,1246,397,1378,552
1569.png,181,109,Smoke,1739,457,1920,566
1569.png,76,227,Smoke,1621,384,1697,611
1569.png,155,48,Smoke,1722,582,1877,630
1569.png,50,128,Smoke,1431,412,1481,540
1569.png,141,67,Smoke,1758,378,1899,445
1569.png,57,57,Smoke,1761,304,1818,361
1569.png,55,80,Smoke,546,424,601,504
1569.png,23,151,Smoke,1212,423,1235,574
1570.png,80,48,Smoke,414,514,494,562
1570.png,113,57,Smoke,625,497,738,554
1570.png,111,76,Smoke,814,477,925,553
1570.png,130,227,Smoke,1025,311,1155,538
1570.png,32,170,Smoke,962,371,994,541
1570.png,29,218,Smoke,1163,341,1192,559
1570.png,132,155,Smoke,1246,396,1378,551
1570.png,180,109,Smoke,1740,457,1920,566
1570.png,76,227,Smoke,1621,383,1697,610
1570.png,155,48,Smoke,1722,582,1877,630
1570.png,50,128,Smoke,1431,412,1481,540
1570.png,141,67,Smoke,1758,378,1899,445
1570.png,57,57,Smoke,1761,304,1818,361
1570.png,55,80,Smoke,546,424,601,504
1570.png,23,151,Smoke,1212,422,1235,573
1571.png,80,48,Smoke,414,514,494,562
1571.png,113,57,Smoke,625,497,738,554
1571.png,111,76,Smoke,814,477,925,553
1571.png,130,227,Smoke,1025,312,1155,539
1571.png,32,170,Smoke,962,371,994,541
1571.png,29,218,Smoke,1163,341,1192,559
1571.png,132,155,Smoke,1246,396,1378,551
1571.png,181,109,Smoke,1739,457,1920,566
1571.png,76,227,Smoke,1621,384,1697,611
1571.png,155,48,Smoke,1722,582,1877,630
1571.png,50,128,Smoke,1431,412,1481,540
1571.png,141,67,Smoke,1757,377,1898,444
1571.png,57,57,Smoke,1761,304,1818,361
1571.png,55,80,Smoke,546,424,601,504
1571.png,23,151,Smoke,1212,423,1235,574
1571.png,57,57,Smoke,1761,304,1818,361
1571.png,55,80,Smoke,546,424,601,504
1571.png,23,151,Smoke,1212,422,1235,573
1572.png,80,48,Smoke,414,514,494,562
1572.png,113,57,Smoke,625,497,738,554
1572.png,111,76,Smoke,814,477,925,553
1572.png,130,227,Smoke,1025,313,1155,540
1572.png,32,170,Smoke,962,371,994,541
1572.png,29,218,Smoke,1163,341,1192,559
1572.png,132,155,Smoke,1245,396,1377,551
1572.png,182,109,Smoke,1738,457,1920,566
1572.png,76,227,Smoke,1621,384,1697,611
1572.png,155,48,Smoke,1722,582,1877,630
1572.png,50,128,Smoke,1431,412,1481,540
1572.png,141,67,Smoke,1757,377,1898,444
1572.png,55,80,Smoke,546,424,601,504
1572.png,23,151,Smoke,1212,423,1235,574
1573.png,80,48,Smoke,414,514,494,562
1573.png,113,57,Smoke,624,496,737,553
1573.png,111,76,Smoke,814,477,925,553
1573.png,130,227,Smoke,1025,311,1155,538
1573.png,32,170,Smoke,963,371,995,541
1573.png,29,218,Smoke,1163,341,1192,559
1573.png,132,155,Smoke,1247,396,1379,551
1573.png,181,109,Smoke,1739,457,1920,566
1573.png,76,227,Smoke,1621,384,1697,611
1573.png,155,48,Smoke,1722,582,1877,630
1573.png,50,128,Smoke,1431,412,1481,540
1573.png,141,67,Smoke,1758,377,1899,444
1573.png,57,57,Smoke,1761,303,1818,360
1574.png,80,48,Smoke,414,514,494,562
1574.png,113,57,Smoke,625,497,738,554
1574.png,111,76,Smoke,814,477,925,553
1574.png,130,227,Smoke,1025,311,1155,538
1574.png,32,170,Smoke,963,371,995,541
1574.png,29,218,Smoke,1163,341,1192,559
1574.png,132,155,Smoke,1246,397,1378,552
1574.png,182,109,Smoke,1738,457,1920,566
1574.png,76,227,Smoke,1621,385,1697,612
1574.png,155,48,Smoke,1722,582,1877,630
1574.png,50,128,Smoke,1431,412,1481,540
1574.png,141,67,Smoke,1757,377,1898,444
1574.png,57,57,Smoke,1761,304,1818,361
1574.png,55,80,Smoke,546,424,601,504
1574.png,23,151,Smoke,1212,424,1235,575
1575.png,80,48,Smoke,414,514,494,562
1575.png,113,57,Smoke,625,496,738,553
1575.png,111,76,Smoke,814,477,925,553
1575.png,130,227,Smoke,1025,311,1155,538
1575.png,32,170,Smoke,963,369,995,539
1575.png,29,218,Smoke,1163,341,1192,559
1575.png,132,155,Smoke,1246,397,1378,552
1575.png,181,109,Smoke,1739,457,1920,566
1575.png,76,227,Smoke,1621,384,1697,611
1575.png,155,48,Smoke,1722,582,1877,630
1575.png,50,128,Smoke,1431,412,1481,540
1575.png,141,67,Smoke,1757,377,1898,444
1575.png,57,57,Smoke,1761,304,1818,361
1575.png,55,80,Smoke,546,424,601,504
1575.png,23,151,Smoke,1211,423,1234,574
1576.png,80,48,Smoke,414,514,494,562
1576.png,113,57,Smoke,625,496,738,553
1576.png,111,76,Smoke,814,477,925,553
1576.png,130,227,Smoke,1025,311,1155,538
1576.png,32,170,Smoke,962,371,994,541
1576.png,29,218,Smoke,1163,341,1192,559
1576.png,132,155,Smoke,1247,396,1379,551
1576.png,182,109,Smoke,1738,457,1920,566
1576.png,76,227,Smoke,1621,384,1697,611
1576.png,155,48,Smoke,1722,582,1877,630
1576.png,50,128,Smoke,1431,412,1481,540
1576.png,141,67,Smoke,1757,377,1898,444
1576.png,57,57,Smoke,1761,304,1818,361
1576.png,55,80,Smoke,546,424,601,504
1576.png,23,151,Smoke,1212,424,1235,575
1577.png,80,48,Smoke,414,514,494,562
1577.png,113,57,Smoke,625,496,738,553
1577.png,111,76,Smoke,814,477,925,553
1577.png,130,227,Smoke,1026,312,1156,539
1577.png,32,170,Smoke,962,371,994,541
1577.png,29,218,Smoke,1163,341,1192,559
1577.png,132,155,Smoke,1246,396,1378,551
1577.png,181,109,Smoke,1739,457,1920,566
1577.png,76,227,Smoke,1621,384,1697,611
1577.png,155,48,Smoke,1722,582,1877,630
1577.png,50,128,Smoke,1431,412,1481,540
1577.png,141,67,Smoke,1758,377,1899,444
1577.png,57,57,Smoke,1761,304,1818,361
1577.png,55,80,Smoke,546,424,601,504
1577.png,23,151,Smoke,1211,423,1234,574
1578.png,80,48,Smoke,414,514,494,562
1578.png,113,57,Smoke,626,496,739,553
1578.png,111,76,Smoke,814,477,925,553
1578.png,130,227,Smoke,1025,311,1155,538
1578.png,32,170,Smoke,963,371,995,541
1578.png,29,218,Smoke,1163,341,1192,559
1578.png,132,155,Smoke,1246,396,1378,551
1578.png,182,109,Smoke,1738,457,1920,566
1578.png,76,227,Smoke,1621,383,1697,610
1578.png,155,48,Smoke,1722,582,1877,630
1578.png,50,128,Smoke,1431,412,1481,540
1578.png,141,67,Smoke,1757,377,1898,444
1578.png,57,57,Smoke,1763,304,1820,361
1578.png,55,80,Smoke,546,424,601,504
1578.png,23,151,Smoke,1211,424,1234,575
1579.png,80,48,Smoke,414,514,494,562
1579.png,113,57,Smoke,626,498,739,555
1579.png,111,76,Smoke,814,477,925,553
1579.png,130,227,Smoke,1026,312,1156,539
1579.png,32,170,Smoke,963,371,995,541
1579.png,29,218,Smoke,1163,337,1192,555
1579.png,132,155,Smoke,1246,396,1378,551
1579.png,181,109,Smoke,1739,458,1920,567
1579.png,76,227,Smoke,1621,384,1697,611
1579.png,155,48,Smoke,1722,582,1877,630
1579.png,50,128,Smoke,1431,412,1481,540
1579.png,141,67,Smoke,1757,377,1898,444
1579.png,57,57,Smoke,1761,304,1818,361
1579.png,55,80,Smoke,546,424,601,504
1579.png,23,151,Smoke,1212,423,1235,574
1580.png,80,48,Smoke,414,514,494,562
1580.png,113,57,Smoke,626,498,739,555
1580.png,111,76,Smoke,815,477,926,553
1580.png,130,227,Smoke,1026,311,1156,538
1580.png,32,170,Smoke,963,371,995,541
1580.png,29,218,Smoke,1163,341,1192,559
1580.png,132,155,Smoke,1246,396,1378,551
1580.png,182,109,Smoke,1738,457,1920,566
1580.png,76,227,Smoke,1621,383,1697,610
1580.png,155,48,Smoke,1722,582,1877,630
1580.png,50,128,Smoke,1431,412,1481,540
1580.png,141,67,Smoke,1757,377,1898,444
1580.png,57,57,Smoke,1761,304,1818,361
1580.png,55,80,Smoke,546,424,601,504
1580.png,23,151,Smoke,1211,424,1234,575
1581.png,80,48,Smoke,414,514,494,562
1581.png,113,57,Smoke,627,498,740,555
1581.png,111,76,Smoke,815,477,926,553
1581.png,130,227,Smoke,1026,312,1156,539
1581.png,32,170,Smoke,963,371,995,541
1581.png,29,218,Smoke,1163,339,1192,557
1581.png,132,155,Smoke,1246,396,1378,551
1581.png,181,109,Smoke,1739,458,1920,567
1581.png,76,227,Smoke,1622,384,1698,611
1581.png,155,48,Smoke,1722,582,1877,630
1581.png,50,128,Smoke,1431,412,1481,540
1581.png,141,67,Smoke,1758,377,1899,444
1581.png,57,57,Smoke,1761,304,1818,361
1581.png,55,80,Smoke,546,424,601,504
1581.png,23,151,Smoke,1212,423,1235,574
1581.png,57,57,Smoke,1761,304,1818,361
1581.png,55,80,Smoke,546,424,601,504
1581.png,23,151,Smoke,1212,424,1235,575
1582.png,80,48,Smoke,414,514,494,562
1582.png,113,57,Smoke,628,498,741,555
1582.png,111,76,Smoke,815,477,926,553
1582.png,130,227,Smoke,1026,312,1156,539
1582.png,32,170,Smoke,963,371,995,541
1582.png,29,218,Smoke,1163,338,1192,556
1582.png,132,155,Smoke,1246,396,1378,551
1582.png,180,109,Smoke,1740,458,1920,567
1582.png,76,227,Smoke,1622,383,1698,610
1582.png,155,48,Smoke,1722,582,1877,630
1582.png,50,128,Smoke,1431,412,1481,540
1582.png,141,67,Smoke,1758,377,1899,444
1582.png,55,80,Smoke,546,424,601,504
1582.png,23,151,Smoke,1212,423,1235,574
1583.png,80,48,Smoke,414,514,494,562
1583.png,113,57,Smoke,628,498,741,555
1583.png,111,76,Smoke,815,477,926,553
1583.png,130,227,Smoke,1026,312,1156,539
1583.png,32,170,Smoke,963,371,995,541
1583.png,29,218,Smoke,1163,341,1192,559
1583.png,132,155,Smoke,1246,396,1378,551
1583.png,181,109,Smoke,1739,458,1920,567
1583.png,76,227,Smoke,1622,384,1698,611
1583.png,155,48,Smoke,1722,582,1877,630
1583.png,50,128,Smoke,1431,412,1481,540
1583.png,141,67,Smoke,1758,377,1899,444
1583.png,57,57,Smoke,1761,305,1818,362
1584.png,80,48,Smoke,414,514,494,562
1584.png,113,57,Smoke,628,498,741,555
1584.png,111,76,Smoke,815,477,926,553
1584.png,130,227,Smoke,1026,312,1156,539
1584.png,32,170,Smoke,963,371,995,541
1584.png,29,218,Smoke,1163,338,1192,556
1584.png,132,155,Smoke,1246,396,1378,551
1584.png,180,109,Smoke,1740,458,1920,567
1584.png,76,227,Smoke,1622,383,1698,610
1584.png,155,48,Smoke,1722,581,1877,629
1584.png,50,128,Smoke,1431,412,1481,540
1584.png,141,67,Smoke,1759,377,1900,444
1584.png,57,57,Smoke,1762,304,1819,361
1584.png,55,80,Smoke,546,424,601,504
1584.png,23,151,Smoke,1212,424,1235,575
1585.png,80,48,Smoke,414,514,494,562
1585.png,113,57,Smoke,628,498,741,555
1585.png,111,76,Smoke,816,477,927,553
1585.png,130,227,Smoke,1026,311,1156,538
1585.png,32,170,Smoke,963,369,995,539
1585.png,29,218,Smoke,1163,337,1192,555
1585.png,132,155,Smoke,1246,396,1378,551
1585.png,181,109,Smoke,1739,458,1920,567
1585.png,76,227,Smoke,1622,384,1698,611
1585.png,155,48,Smoke,1722,581,1877,629
1585.png,50,128,Smoke,1431,412,1481,540
1585.png,141,67,Smoke,1758,377,1899,444
1585.png,57,57,Smoke,1761,304,1818,361
1585.png,55,80,Smoke,546,424,601,504
1585.png,23,151,Smoke,1211,423,1234,574
1586.png,80,48,Smoke,414,514,494,562
1586.png,113,57,Smoke,628,498,741,555
1586.png,111,76,Smoke,815,477,926,553
1586.png,130,227,Smoke,1026,312,1156,539
1586.png,32,170,Smoke,963,372,995,542
1586.png,29,218,Smoke,1163,337,1192,555
1586.png,132,155,Smoke,1246,396,1378,551
1586.png,180,109,Smoke,1740,458,1920,567
1586.png,76,227,Smoke,1622,384,1698,611
1586.png,155,48,Smoke,1722,581,1877,629
1586.png,50,128,Smoke,1431,412,1481,540
1586.png,141,67,Smoke,1758,377,1899,444
1586.png,57,57,Smoke,1761,305,1818,362
1586.png,55,80,Smoke,546,424,601,504
1586.png,23,151,Smoke,1211,424,1234,575
1587.png,80,48,Smoke,414,514,494,562
1587.png,113,57,Smoke,628,498,741,555
1587.png,111,76,Smoke,816,477,927,553
1587.png,130,227,Smoke,1026,312,1156,539
1587.png,32,170,Smoke,963,372,995,542
1587.png,29,218,Smoke,1163,338,1192,556
1587.png,132,155,Smoke,1246,396,1378,551
1587.png,181,109,Smoke,1739,458,1920,567
1587.png,76,227,Smoke,1622,384,1698,611
1587.png,155,48,Smoke,1722,581,1877,629
1587.png,50,128,Smoke,1431,412,1481,540
1587.png,141,67,Smoke,1758,377,1899,444
1587.png,57,57,Smoke,1761,304,1818,361
1587.png,55,80,Smoke,546,424,601,504
1587.png,23,151,Smoke,1212,424,1235,575
1588.png,80,48,Smoke,414,514,494,562
1588.png,113,57,Smoke,628,498,741,555
1588.png,111,76,Smoke,816,477,927,553
1588.png,130,227,Smoke,1026,312,1156,539
1588.png,32,170,Smoke,963,371,995,541
1588.png,29,218,Smoke,1163,338,1192,556
1588.png,132,155,Smoke,1246,398,1378,553
1588.png,180,109,Smoke,1740,458,1920,567
1588.png,76,227,Smoke,1622,383,1698,610
1588.png,155,48,Smoke,1722,581,1877,629
1588.png,50,128,Smoke,1431,412,1481,540
1588.png,141,67,Smoke,1759,377,1900,444
1588.png,57,57,Smoke,1761,304,1818,361
1588.png,55,80,Smoke,546,424,601,504
1588.png,23,151,Smoke,1212,424,1235,575
1589.png,80,48,Smoke,414,514,494,562
1589.png,113,57,Smoke,628,498,741,555
1589.png,111,76,Smoke,816,477,927,553
1589.png,130,227,Smoke,1026,312,1156,539
1589.png,32,170,Smoke,963,372,995,542
1589.png,29,218,Smoke,1163,339,1192,557
1589.png,132,155,Smoke,1246,397,1378,552
1589.png,181,109,Smoke,1739,458,1920,567
1589.png,76,227,Smoke,1622,384,1698,611
1589.png,155,48,Smoke,1722,581,1877,629
1589.png,50,128,Smoke,1431,412,1481,540
1589.png,141,67,Smoke,1758,377,1899,444
1589.png,57,57,Smoke,1761,304,1818,361
1589.png,55,80,Smoke,546,424,601,504
1589.png,23,151,Smoke,1211,423,1234,574
1590.png,80,48,Smoke,414,514,494,562
1590.png,113,57,Smoke,628,497,741,554
1590.png,111,76,Smoke,816,477,927,553
1590.png,130,227,Smoke,1026,312,1156,539
1590.png,32,170,Smoke,963,372,995,542
1590.png,29,218,Smoke,1163,338,1192,556
1590.png,132,155,Smoke,1246,398,1378,553
1590.png,180,109,Smoke,1740,458,1920,567
1590.png,76,227,Smoke,1622,384,1698,611
1590.png,155,48,Smoke,1722,581,1877,629
1590.png,50,128,Smoke,1431,412,1481,540
1590.png,141,67,Smoke,1758,377,1899,444
1590.png,57,57,Smoke,1761,304,1818,361
1590.png,55,80,Smoke,546,424,601,504
1590.png,23,151,Smoke,1211,424,1234,575
1591.png,80,48,Smoke,414,514,494,562
1591.png,113,57,Smoke,628,497,741,554
1591.png,111,76,Smoke,816,477,927,553
1591.png,130,227,Smoke,1026,310,1156,537
1591.png,32,170,Smoke,964,372,996,542
1591.png,29,218,Smoke,1163,337,1192,555
1591.png,132,155,Smoke,1246,397,1378,552
1591.png,181,109,Smoke,1739,458,1920,567
1591.png,76,227,Smoke,1622,384,1698,611
1591.png,155,48,Smoke,1722,581,1877,629
1591.png,50,128,Smoke,1431,412,1481,540
1591.png,141,67,Smoke,1759,377,1900,444
1591.png,57,57,Smoke,1761,304,1818,361
1591.png,55,80,Smoke,546,424,601,504
1591.png,23,151,Smoke,1211,423,1234,574
1591.png,57,57,Smoke,1761,304,1818,361
1591.png,55,80,Smoke,546,424,601,504
1591.png,23,151,Smoke,1211,424,1234,575
1592.png,80,48,Smoke,414,514,494,562
1592.png,113,57,Smoke,628,497,741,554
1592.png,111,76,Smoke,816,477,927,553
1592.png,130,227,Smoke,1026,310,1156,537
1592.png,32,170,Smoke,964,372,996,542
1592.png,29,218,Smoke,1163,338,1192,556
1592.png,132,155,Smoke,1246,397,1378,552
1592.png,180,109,Smoke,1740,458,1920,567
1592.png,76,227,Smoke,1622,383,1698,610
1592.png,155,48,Smoke,1722,581,1877,629
1592.png,50,128,Smoke,1431,413,1481,541
1592.png,141,67,Smoke,1759,377,1900,444
1592.png,55,80,Smoke,546,424,601,504
1592.png,23,151,Smoke,1211,423,1234,574
1593.png,80,48,Smoke,414,514,494,562
1593.png,113,57,Smoke,629,497,742,554
1593.png,111,76,Smoke,816,477,927,553
1593.png,130,227,Smoke,1026,310,1156,537
1593.png,32,170,Smoke,964,372,996,542
1593.png,29,218,Smoke,1163,338,1192,556
1593.png,132,155,Smoke,1246,397,1378,552
1593.png,181,109,Smoke,1739,458,1920,567
1593.png,76,227,Smoke,1622,383,1698,610
1593.png,155,48,Smoke,1722,581,1877,629
1593.png,50,128,Smoke,1431,412,1481,540
1593.png,141,67,Smoke,1759,377,1900,444
1593.png,57,57,Smoke,1762,303,1819,360
1594.png,80,48,Smoke,414,514,494,562
1594.png,113,57,Smoke,629,497,742,554
1594.png,111,76,Smoke,816,477,927,553
1594.png,130,227,Smoke,1026,309,1156,536
1594.png,32,170,Smoke,964,372,996,542
1594.png,29,218,Smoke,1163,335,1192,553
1594.png,132,155,Smoke,1246,397,1378,552
1594.png,180,109,Smoke,1740,458,1920,567
1594.png,76,227,Smoke,1622,384,1698,611
1594.png,155,48,Smoke,1722,581,1877,629
1594.png,50,128,Smoke,1431,413,1481,541
1594.png,141,67,Smoke,1759,377,1900,444
1594.png,80,57,Smoke,1762,302,1842,359
1594.png,55,80,Smoke,546,424,601,504
1594.png,23,151,Smoke,1211,422,1234,573
1595.png,80,48,Smoke,414,514,494,562
1595.png,113,57,Smoke,629,497,742,554
1595.png,111,76,Smoke,817,477,928,553
1595.png,130,227,Smoke,1026,310,1156,537
1595.png,32,170,Smoke,964,372,996,542
1595.png,29,218,Smoke,1163,337,1192,555
1595.png,132,155,Smoke,1246,397,1378,552
1595.png,181,109,Smoke,1739,458,1920,567
1595.png,76,227,Smoke,1622,384,1698,611
1595.png,155,48,Smoke,1722,581,1877,629
1595.png,50,128,Smoke,1431,412,1481,540
1595.png,141,67,Smoke,1759,377,1900,444
1595.png,80,57,Smoke,1763,302,1843,359
1595.png,55,80,Smoke,546,424,601,504
1595.png,23,151,Smoke,1211,423,1234,574
1596.png,80,48,Smoke,414,514,494,562
1596.png,113,57,Smoke,629,497,742,554
1596.png,111,76,Smoke,817,477,928,553
1596.png,130,227,Smoke,1026,309,1156,536
1596.png,32,170,Smoke,964,372,996,542
1596.png,29,218,Smoke,1163,337,1192,555
1596.png,132,155,Smoke,1246,397,1378,552
1596.png,180,109,Smoke,1740,458,1920,567
1596.png,76,227,Smoke,1622,384,1698,611
1596.png,155,48,Smoke,1722,581,1877,629
1596.png,50,128,Smoke,1431,412,1481,540
1596.png,141,67,Smoke,1760,378,1901,445
1596.png,80,57,Smoke,1763,302,1843,359
1596.png,55,80,Smoke,546,424,601,504
1596.png,23,151,Smoke,1211,422,1234,573
1597.png,80,48,Smoke,414,514,494,562
1597.png,113,57,Smoke,629,497,742,554
1597.png,111,76,Smoke,817,477,928,553
1597.png,130,227,Smoke,1026,310,1156,537
1597.png,32,170,Smoke,964,372,996,542
1597.png,29,218,Smoke,1163,335,1192,553
1597.png,132,155,Smoke,1246,397,1378,552
1597.png,181,109,Smoke,1739,458,1920,567
1597.png,76,227,Smoke,1622,384,1698,611
1597.png,155,48,Smoke,1722,581,1877,629
1597.png,50,128,Smoke,1431,413,1481,541
1597.png,141,67,Smoke,1759,377,1900,444
1597.png,80,57,Smoke,1763,302,1843,359
1597.png,55,80,Smoke,546,424,601,504
1597.png,23,151,Smoke,1211,422,1234,573
1598.png,80,48,Smoke,414,514,494,562
1598.png,113,57,Smoke,629,497,742,554
1598.png,111,76,Smoke,817,477,928,553
1598.png,130,227,Smoke,1026,309,1156,536
1598.png,32,170,Smoke,964,372,996,542
1598.png,29,218,Smoke,1163,337,1192,555
1598.png,132,155,Smoke,1246,397,1378,552
1598.png,180,109,Smoke,1740,458,1920,567
1598.png,76,227,Smoke,1622,383,1698,610
1598.png,155,48,Smoke,1722,581,1877,629
1598.png,50,128,Smoke,1431,413,1481,541
1598.png,141,67,Smoke,1757,377,1898,444
1598.png,80,57,Smoke,1763,302,1843,359
1598.png,55,80,Smoke,546,424,601,504
1598.png,23,151,Smoke,1211,421,1234,572
1599.png,80,48,Smoke,414,514,494,562
1599.png,113,57,Smoke,629,497,742,554
1599.png,111,76,Smoke,817,479,928,555
1599.png,130,227,Smoke,1026,304,1156,531
1599.png,32,170,Smoke,964,372,996,542
1599.png,29,218,Smoke,1163,337,1192,555
1599.png,132,155,Smoke,1246,397,1378,552
1599.png,181,109,Smoke,1739,458,1920,567
1599.png,76,227,Smoke,1622,384,1698,611
1599.png,155,48,Smoke,1722,581,1877,629
1599.png,50,128,Smoke,1431,413,1481,541
1599.png,141,67,Smoke,1759,376,1900,443
1599.png,80,57,Smoke,1763,302,1843,359
1599.png,55,80,Smoke,546,424,601,504
1599.png,23,151,Smoke,1211,421,1234,572
1600.png,80,48,Smoke,414,514,494,562
1600.png,113,57,Smoke,629,497,742,554
1600.png,111,76,Smoke,818,477,929,553
1600.png,130,227,Smoke,1026,309,1156,536
1600.png,32,170,Smoke,964,372,996,542
1600.png,29,218,Smoke,1163,337,1192,555
1600.png,132,155,Smoke,1246,397,1378,552
1600.png,180,109,Smoke,1740,458,1920,567
1600.png,76,227,Smoke,1622,383,1698,610
1600.png,155,48,Smoke,1722,581,1877,629
1600.png,50,128,Smoke,1431,412,1481,540
1600.png,141,67,Smoke,1758,376,1899,443
1600.png,80,57,Smoke,1763,302,1843,359
1600.png,55,80,Smoke,546,424,601,504
1600.png,23,151,Smoke,1211,421,1234,572
1601.png,80,48,Smoke,414,514,494,562
1601.png,113,57,Smoke,629,497,742,554
1601.png,111,76,Smoke,818,476,929,552
1601.png,130,227,Smoke,1026,310,1156,537
1601.png,32,170,Smoke,964,372,996,542
1601.png,29,218,Smoke,1163,337,1192,555
1601.png,132,155,Smoke,1246,397,1378,552
1601.png,181,109,Smoke,1739,458,1920,567
1601.png,76,227,Smoke,1622,384,1698,611
1601.png,155,48,Smoke,1722,581,1877,629
1601.png,50,128,Smoke,1431,412,1481,540
1601.png,141,67,Smoke,1758,377,1899,444
1601.png,80,57,Smoke,1763,302,1843,359
1601.png,55,80,Smoke,546,424,601,504
1601.png,23,151,Smoke,1211,423,1234,574
1601.png,80,57,Smoke,1763,302,1843,359
1601.png,55,80,Smoke,546,424,601,504
1601.png,23,151,Smoke,1211,420,1234,571
1602.png,80,48,Smoke,414,514,494,562
1602.png,113,57,Smoke,629,497,742,554
1602.png,122,78,Smoke,807,475,929,553
1602.png,130,227,Smoke,1026,311,1156,538
1602.png,32,170,Smoke,964,372,996,542
1602.png,29,218,Smoke,1163,335,1192,553
1602.png,132,155,Smoke,1246,397,1378,552
1602.png,180,109,Smoke,1740,458,1920,567
1602.png,76,227,Smoke,1622,383,1698,610
1602.png,155,48,Smoke,1722,581,1877,629
1602.png,50,128,Smoke,1431,412,1481,540
1602.png,141,67,Smoke,1758,377,1899,444
1602.png,55,80,Smoke,546,424,601,504
1602.png,23,151,Smoke,1211,421,1234,572
1603.png,80,48,Smoke,414,514,494,562
1603.png,113,57,Smoke,629,497,742,554
1603.png,122,78,Smoke,807,475,929,553
1603.png,130,227,Smoke,1026,311,1156,538
1603.png,32,170,Smoke,965,372,997,542
1603.png,29,218,Smoke,1162,337,1191,555
1603.png,132,155,Smoke,1246,397,1378,552
1603.png,181,109,Smoke,1739,458,1920,567
1603.png,76,227,Smoke,1622,384,1698,611
1603.png,155,48,Smoke,1722,581,1877,629
1603.png,50,128,Smoke,1431,412,1481,540
1603.png,141,67,Smoke,1758,377,1899,444
1603.png,80,57,Smoke,1763,302,1843,359
1604.png,80,48,Smoke,414,514,494,562
1604.png,113,57,Smoke,629,497,742,554
1604.png,122,78,Smoke,807,474,929,552
1604.png,130,227,Smoke,1026,310,1156,537
1604.png,32,170,Smoke,964,372,996,542
1604.png,29,218,Smoke,1163,337,1192,555
1604.png,132,155,Smoke,1246,397,1378,552
1604.png,180,109,Smoke,1740,458,1920,567
1604.png,76,227,Smoke,1623,384,1699,611
1604.png,155,48,Smoke,1722,581,1877,629
1604.png,50,128,Smoke,1431,412,1481,540
1604.png,141,67,Smoke,1759,377,1900,444
1604.png,80,57,Smoke,1763,302,1843,359
1604.png,55,80,Smoke,546,424,601,504
1604.png,23,151,Smoke,1211,421,1234,572
1605.png,80,48,Smoke,414,514,494,562
1605.png,113,57,Smoke,629,497,742,554
1605.png,122,78,Smoke,807,474,929,552
1605.png,130,227,Smoke,1026,311,1156,538
1605.png,32,170,Smoke,965,372,997,542
1605.png,29,218,Smoke,1163,336,1192,554
1605.png,132,155,Smoke,1246,397,1378,552
1605.png,181,109,Smoke,1739,458,1920,567
1605.png,76,227,Smoke,1623,384,1699,611
1605.png,155,48,Smoke,1722,582,1877,630
1605.png,50,128,Smoke,1431,412,1481,540
1605.png,141,67,Smoke,1759,377,1900,444
1605.png,80,57,Smoke,1763,302,1843,359
1605.png,55,80,Smoke,546,424,601,504
1605.png,23,151,Smoke,1211,421,1234,572
1606.png,80,48,Smoke,414,514,494,562
1606.png,113,57,Smoke,630,497,743,554
1606.png,122,78,Smoke,808,475,930,553
1606.png,130,227,Smoke,1026,311,1156,538
1606.png,32,170,Smoke,965,372,997,542
1606.png,29,218,Smoke,1163,337,1192,555
1606.png,132,155,Smoke,1246,397,1378,552
1606.png,180,109,Smoke,1740,458,1920,567
1606.png,76,227,Smoke,1623,384,1699,611
1606.png,155,48,Smoke,1722,581,1877,629
1606.png,50,128,Smoke,1431,412,1481,540
1606.png,141,67,Smoke,1759,377,1900,444
1606.png,80,57,Smoke,1763,302,1843,359
1606.png,55,80,Smoke,546,424,601,504
1606.png,23,151,Smoke,1212,421,1235,572
1607.png,80,48,Smoke,414,514,494,562
1607.png,113,57,Smoke,630,497,743,554
1607.png,122,78,Smoke,807,472,929,550
1607.png,130,227,Smoke,1026,312,1156,539
1607.png,32,170,Smoke,966,372,998,542
1607.png,29,218,Smoke,1163,337,1192,555
1607.png,132,155,Smoke,1246,396,1378,551
1607.png,181,109,Smoke,1739,458,1920,567
1607.png,76,227,Smoke,1623,384,1699,611
1607.png,155,48,Smoke,1722,581,1877,629
1607.png,50,128,Smoke,1431,412,1481,540
1607.png,141,67,Smoke,1759,377,1900,444
1607.png,80,57,Smoke,1763,302,1843,359
1607.png,55,80,Smoke,546,424,601,504
1607.png,23,151,Smoke,1210,422,1233,573
1608.png,80,48,Smoke,414,514,494,562
1608.png,113,57,Smoke,630,497,743,554
1608.png,122,78,Smoke,807,474,929,552
1608.png,130,227,Smoke,1026,310,1156,537
1608.png,32,170,Smoke,965,372,997,542
1608.png,29,218,Smoke,1163,337,1192,555
1608.png,132,155,Smoke,1246,397,1378,552
1608.png,180,109,Smoke,1740,458,1920,567
1608.png,76,227,Smoke,1623,383,1699,610
1608.png,155,48,Smoke,1722,582,1877,630
1608.png,50,128,Smoke,1431,412,1481,540
1608.png,141,67,Smoke,1759,377,1900,444
1608.png,80,57,Smoke,1763,302,1843,359
1608.png,55,80,Smoke,546,424,601,504
1608.png,23,151,Smoke,1211,423,1234,574
1609.png,80,48,Smoke,414,514,494,562
1609.png,113,57,Smoke,630,497,743,554
1609.png,122,78,Smoke,807,474,929,552
1609.png,130,227,Smoke,1026,310,1156,537
1609.png,32,170,Smoke,964,372,996,542
1609.png,29,218,Smoke,1163,337,1192,555
1609.png,132,155,Smoke,1246,397,1378,552
1609.png,181,109,Smoke,1739,457,1920,566
1609.png,76,227,Smoke,1623,384,1699,611
1609.png,155,48,Smoke,1722,581,1877,629
1609.png,50,128,Smoke,1431,412,1481,540
1609.png,141,67,Smoke,1759,377,1900,444
1609.png,80,57,Smoke,1763,302,1843,359
1609.png,55,80,Smoke,546,424,601,504
1609.png,23,151,Smoke,1211,422,1234,573
1610.png,80,48,Smoke,414,514,494,562
1610.png,113,57,Smoke,630,497,743,554
1610.png,122,78,Smoke,808,473,930,551
1610.png,130,227,Smoke,1026,310,1156,537
1610.png,32,170,Smoke,965,372,997,542
1610.png,29,218,Smoke,1163,337,1192,555
1610.png,132,155,Smoke,1246,397,1378,552
1610.png,180,109,Smoke,1740,457,1920,566
1610.png,76,227,Smoke,1623,383,1699,610
1610.png,155,48,Smoke,1722,581,1877,629
1610.png,50,128,Smoke,1431,412,1481,540
1610.png,141,67,Smoke,1759,377,1900,444
1610.png,80,57,Smoke,1762,302,1842,359
1610.png,55,80,Smoke,546,424,601,504
1610.png,23,151,Smoke,1211,422,1234,573
1611.png,80,48,Smoke,414,514,494,562
1611.png,113,57,Smoke,630,497,743,554
1611.png,122,78,Smoke,807,472,929,550
1611.png,130,227,Smoke,1026,310,1156,537
1611.png,32,170,Smoke,964,372,996,542
1611.png,29,218,Smoke,1162,337,1191,555
1611.png,132,155,Smoke,1246,397,1378,552
1611.png,181,109,Smoke,1739,457,1920,566
1611.png,76,227,Smoke,1623,384,1699,611
1611.png,155,48,Smoke,1722,580,1877,628
1611.png,50,128,Smoke,1431,412,1481,540
1611.png,141,67,Smoke,1759,377,1900,444
1611.png,80,57,Smoke,1763,302,1843,359
1611.png,55,80,Smoke,546,424,601,504
1611.png,23,151,Smoke,1210,423,1233,574
1611.png,80,57,Smoke,1763,302,1843,359
1611.png,55,80,Smoke,546,424,601,504
1611.png,23,151,Smoke,1211,421,1234,572
1612.png,80,48,Smoke,414,514,494,562
1612.png,113,57,Smoke,630,497,743,554
1612.png,122,78,Smoke,808,474,930,552
1612.png,130,227,Smoke,1026,310,1156,537
1612.png,32,170,Smoke,964,372,996,542
1612.png,29,218,Smoke,1162,337,1191,555
1612.png,132,155,Smoke,1246,397,1378,552
1612.png,180,109,Smoke,1740,457,1920,566
1612.png,76,227,Smoke,1623,384,1699,611
1612.png,155,48,Smoke,1722,580,1877,628
1612.png,50,128,Smoke,1431,412,1481,540
1612.png,141,67,Smoke,1759,377,1900,444
1612.png,55,80,Smoke,546,424,601,504
1612.png,23,151,Smoke,1210,422,1233,573
1613.png,80,48,Smoke,414,514,494,562
1613.png,113,57,Smoke,630,497,743,554
1613.png,122,78,Smoke,808,474,930,552
1613.png,130,227,Smoke,1026,312,1156,539
1613.png,32,170,Smoke,964,372,996,542
1613.png,29,218,Smoke,1162,337,1191,555
1613.png,132,155,Smoke,1246,396,1378,551
1613.png,181,109,Smoke,1739,457,1920,566
1613.png,76,227,Smoke,1623,384,1699,611
1613.png,155,48,Smoke,1722,580,1877,628
1613.png,50,128,Smoke,1431,412,1481,540
1613.png,141,67,Smoke,1759,377,1900,444
1613.png,80,57,Smoke,1763,302,1843,359
1614.png,80,48,Smoke,414,514,494,562
1614.png,113,57,Smoke,630,497,743,554
1614.png,122,78,Smoke,808,474,930,552
1614.png,130,227,Smoke,1026,311,1156,538
1614.png,32,170,Smoke,965,372,997,542
1614.png,29,218,Smoke,1162,337,1191,555
1614.png,132,155,Smoke,1246,397,1378,552
1614.png,180,109,Smoke,1740,457,1920,566
1614.png,76,227,Smoke,1623,384,1699,611
1614.png,155,48,Smoke,1722,580,1877,628
1614.png,50,128,Smoke,1431,412,1481,540
1614.png,141,67,Smoke,1759,378,1900,445
1614.png,80,57,Smoke,1763,302,1843,359
1614.png,55,80,Smoke,546,424,601,504
1614.png,23,151,Smoke,1210,422,1233,573
1615.png,80,48,Smoke,414,514,494,562
1615.png,113,57,Smoke,630,497,743,554
1615.png,122,78,Smoke,808,474,930,552
1615.png,130,227,Smoke,1026,312,1156,539
1615.png,32,170,Smoke,964,372,996,542
1615.png,29,218,Smoke,1162,337,1191,555
1615.png,132,155,Smoke,1246,397,1378,552
1615.png,181,109,Smoke,1739,457,1920,566
1615.png,76,227,Smoke,1623,384,1699,611
1615.png,155,48,Smoke,1722,580,1877,628
1615.png,50,128,Smoke,1431,412,1481,540
1615.png,141,67,Smoke,1760,377,1901,444
1615.png,80,57,Smoke,1763,302,1843,359
1615.png,55,80,Smoke,546,424,601,504
1615.png,23,151,Smoke,1210,422,1233,573
1616.png,80,48,Smoke,414,514,494,562
1616.png,113,57,Smoke,630,497,743,554
1616.png,122,78,Smoke,808,474,930,552
1616.png,130,227,Smoke,1026,311,1156,538
1616.png,32,170,Smoke,964,372,996,542
1616.png,29,218,Smoke,1162,337,1191,555
1616.png,132,155,Smoke,1246,396,1378,551
1616.png,180,109,Smoke,1740,457,1920,566
1616.png,76,227,Smoke,1623,385,1699,612
1616.png,155,48,Smoke,1722,580,1877,628
1616.png,50,128,Smoke,1431,412,1481,540
1616.png,141,67,Smoke,1760,377,1901,444
1616.png,80,57,Smoke,1763,302,1843,359
1616.png,55,80,Smoke,546,424,601,504
1616.png,23,151,Smoke,1210,422,1233,573
1617.png,80,48,Smoke,414,514,494,562
1617.png,113,57,Smoke,630,497,743,554
1617.png,122,78,Smoke,808,475,930,553
1617.png,130,227,Smoke,1026,312,1156,539
1617.png,32,170,Smoke,964,372,996,542
1617.png,29,218,Smoke,1162,333,1191,551
1617.png,132,155,Smoke,1246,397,1378,552
1617.png,181,109,Smoke,1739,457,1920,566
1617.png,76,227,Smoke,1623,384,1699,611
1617.png,155,48,Smoke,1722,580,1877,628
1617.png,50,128,Smoke,1431,412,1481,540
1617.png,141,67,Smoke,1759,377,1900,444
1617.png,80,57,Smoke,1763,302,1843,359
1617.png,55,80,Smoke,546,424,601,504
1617.png,23,151,Smoke,1210,422,1233,573
1618.png,80,48,Smoke,414,514,494,562
1618.png,113,57,Smoke,630,497,743,554
1618.png,122,78,Smoke,808,474,930,552
1618.png,130,227,Smoke,1026,311,1156,538
1618.png,32,170,Smoke,964,372,996,542
1618.png,29,218,Smoke,1162,333,1191,551
1618.png,132,155,Smoke,1246,397,1378,552
1618.png,182,109,Smoke,1738,457,1920,566
1618.png,76,227,Smoke,1623,383,1699,610
1618.png,155,48,Smoke,1722,580,1877,628
1618.png,50,128,Smoke,1431,412,1481,540
1618.png,141,67,Smoke,1760,377,1901,444
1618.png,80,57,Smoke,1763,302,1843,359
1618.png,55,80,Smoke,546,424,601,504
1618.png,23,151,Smoke,1210,421,1233,572
1619.png,80,48,Smoke,414,514,494,562
1619.png,113,57,Smoke,630,497,743,554
1619.png,122,78,Smoke,809,474,931,552
1619.png,130,227,Smoke,1026,312,1156,539
1619.png,32,170,Smoke,964,372,996,542
1619.png,29,218,Smoke,1162,333,1191,551
1619.png,132,155,Smoke,1246,397,1378,552
1619.png,181,109,Smoke,1739,457,1920,566
1619.png,76,227,Smoke,1623,384,1699,611
1619.png,155,48,Smoke,1722,580,1877,628
1619.png,50,128,Smoke,1431,412,1481,540
1619.png,141,67,Smoke,1759,377,1900,444
1619.png,80,57,Smoke,1764,302,1844,359
1619.png,55,80,Smoke,546,424,601,504
1619.png,23,151,Smoke,1210,420,1233,571
1620.png,80,48,Smoke,414,514,494,562
1620.png,113,57,Smoke,630,497,743,554
1620.png,122,78,Smoke,809,475,931,553
1620.png,130,227,Smoke,1026,313,1156,540
1620.png,32,170,Smoke,964,372,996,542
1620.png,29,218,Smoke,1162,333,1191,551
1620.png,132,155,Smoke,1246,397,1378,552
1620.png,180,109,Smoke,1740,457,1920,566
1620.png,76,227,Smoke,1623,385,1699,612
1620.png,155,48,Smoke,1722,579,1877,627
1620.png,50,128,Smoke,1431,412,1481,540
1620.png,141,67,Smoke,1759,376,1900,443
1620.png,80,57,Smoke,1763,302,1843,359
1620.png,55,80,Smoke,546,424,601,504
1620.png,23,151,Smoke,1210,421,1233,572
1621.png,80,48,Smoke,414,514,494,562
1621.png,113,57,Smoke,630,497,743,554
1621.png,122,78,Smoke,809,475,931,553
1621.png,130,227,Smoke,1027,308,1157,535
1621.png,32,170,Smoke,964,372,996,542
1621.png,29,218,Smoke,1162,339,1191,557
1621.png,132,155,Smoke,1246,397,1378,552
1621.png,181,109,Smoke,1739,458,1920,567
1621.png,76,227,Smoke,1623,384,1699,611
1621.png,155,48,Smoke,1722,580,1877,628
1621.png,50,128,Smoke,1431,412,1481,540
1621.png,141,67,Smoke,1759,374,1900,441
1621.png,80,57,Smoke,1764,302,1844,359
1621.png,55,80,Smoke,546,424,601,504
1621.png,23,151,Smoke,1210,422,1233,573
1621.png,80,57,Smoke,1763,302,1843,359
1621.png,55,80,Smoke,546,424,601,504
1621.png,23,151,Smoke,1210,421,1233,572
1622.png,80,48,Smoke,414,514,494,562
1622.png,113,57,Smoke,630,497,743,554
1622.png,122,78,Smoke,809,475,931,553
1622.png,130,227,Smoke,1027,308,1157,535
1622.png,32,170,Smoke,965,372,997,542
1622.png,29,218,Smoke,1161,339,1190,557
1622.png,132,155,Smoke,1246,399,1378,554
1622.png,182,109,Smoke,1738,458,1920,567
1622.png,76,227,Smoke,1623,384,1699,611
1622.png,155,48,Smoke,1722,580,1877,628
1622.png,50,128,Smoke,1431,412,1481,540
1622.png,141,67,Smoke,1759,373,1900,440
1622.png,55,80,Smoke,546,424,601,504
1622.png,23,151,Smoke,1210,422,1233,573
1623.png,80,48,Smoke,414,514,494,562
1623.png,113,57,Smoke,630,497,743,554
1623.png,122,78,Smoke,809,475,931,553
1623.png,130,227,Smoke,1027,308,1157,535
1623.png,32,170,Smoke,965,372,997,542
1623.png,29,218,Smoke,1161,339,1190,557
1623.png,132,155,Smoke,1246,399,1378,554
1623.png,181,109,Smoke,1739,457,1920,566
1623.png,76,227,Smoke,1623,384,1699,611
1623.png,155,48,Smoke,1722,580,1877,628
1623.png,50,128,Smoke,1431,412,1481,540
1623.png,141,67,Smoke,1759,374,1900,441
1623.png,80,57,Smoke,1762,302,1842,359
1624.png,80,48,Smoke,414,514,494,562
1624.png,113,57,Smoke,630,497,743,554
1624.png,122,78,Smoke,809,475,931,553
1624.png,130,227,Smoke,1027,309,1157,536
1624.png,32,170,Smoke,965,372,997,542
1624.png,29,218,Smoke,1161,337,1190,555
1624.png,132,155,Smoke,1247,397,1379,552
1624.png,180,109,Smoke,1740,457,1920,566
1624.png,76,227,Smoke,1623,385,1699,612
1624.png,155,48,Smoke,1722,579,1877,627
1624.png,50,128,Smoke,1431,412,1481,540
1624.png,141,67,Smoke,1760,375,1901,442
1624.png,80,57,Smoke,1763,302,1843,359
1624.png,55,80,Smoke,546,424,601,504
1624.png,23,151,Smoke,1210,423,1233,574
1625.png,80,48,Smoke,414,514,494,562
1625.png,113,57,Smoke,630,497,743,554
1625.png,122,78,Smoke,809,474,931,552
1625.png,130,227,Smoke,1027,310,1157,537
1625.png,32,170,Smoke,965,372,997,542
1625.png,29,218,Smoke,1161,337,1190,555
1625.png,132,155,Smoke,1246,399,1378,554
1625.png,181,109,Smoke,1739,458,1920,567
1625.png,76,227,Smoke,1623,384,1699,611
1625.png,155,48,Smoke,1722,579,1877,627
1625.png,50,128,Smoke,1431,412,1481,540
1625.png,141,67,Smoke,1760,374,1901,441
1625.png,80,57,Smoke,1763,302,1843,359
1625.png,55,80,Smoke,546,424,601,504
1625.png,23,151,Smoke,1210,422,1233,573
1626.png,80,48,Smoke,414,514,494,562
1626.png,113,57,Smoke,630,497,743,554
1626.png,122,78,Smoke,809,475,931,553
1626.png,130,227,Smoke,1027,309,1157,536
1626.png,32,170,Smoke,964,374,996,544
1626.png,29,218,Smoke,1161,337,1190,555
1626.png,132,155,Smoke,1246,399,1378,554
1626.png,182,109,Smoke,1738,458,1920,567
1626.png,76,227,Smoke,1623,384,1699,611
1626.png,155,48,Smoke,1722,579,1877,627
1626.png,50,128,Smoke,1431,412,1481,540
1626.png,141,67,Smoke,1759,372,1900,439
1626.png,80,57,Smoke,1763,302,1843,359
1626.png,55,80,Smoke,546,424,601,504
1626.png,23,151,Smoke,1210,421,1233,572
1627.png,80,48,Smoke,414,514,494,562
1627.png,113,57,Smoke,630,496,743,553
1627.png,122,78,Smoke,809,475,931,553
1627.png,130,227,Smoke,1027,308,1157,535
1627.png,32,170,Smoke,965,372,997,542
1627.png,29,218,Smoke,1161,337,1190,555
1627.png,132,155,Smoke,1246,399,1378,554
1627.png,181,109,Smoke,1739,457,1920,566
1627.png,76,227,Smoke,1623,384,1699,611
1627.png,155,48,Smoke,1722,579,1877,627
1627.png,50,128,Smoke,1431,412,1481,540
1627.png,141,67,Smoke,1758,373,1899,440
1627.png,80,57,Smoke,1763,302,1843,359
1627.png,55,80,Smoke,546,424,601,504
1627.png,23,151,Smoke,1210,422,1233,573
1628.png,80,48,Smoke,414,514,494,562
1628.png,113,57,Smoke,629,496,742,553
1628.png,122,78,Smoke,809,475,931,553
1628.png,130,227,Smoke,1027,309,1157,536
1628.png,32,170,Smoke,965,372,997,542
1628.png,29,218,Smoke,1161,337,1190,555
1628.png,132,155,Smoke,1247,397,1379,552
1628.png,180,109,Smoke,1740,458,1920,567
1628.png,76,227,Smoke,1623,384,1699,611
1628.png,155,48,Smoke,1722,579,1877,627
1628.png,50,128,Smoke,1431,412,1481,540
1628.png,141,67,Smoke,1758,373,1899,440
1628.png,80,57,Smoke,1763,302,1843,359
1628.png,55,80,Smoke,546,424,601,504
1628.png,23,151,Smoke,1210,421,1233,572
1629.png,80,48,Smoke,414,514,494,562
1629.png,113,57,Smoke,629,496,742,553
1629.png,122,78,Smoke,809,475,931,553
1629.png,130,227,Smoke,1027,308,1157,535
1629.png,32,170,Smoke,964,372,996,542
1629.png,29,218,Smoke,1161,337,1190,555
1629.png,132,155,Smoke,1247,397,1379,552
1629.png,181,109,Smoke,1739,457,1920,566
1629.png,76,227,Smoke,1623,384,1699,611
1629.png,155,48,Smoke,1722,579,1877,627
1629.png,50,128,Smoke,1431,412,1481,540
1629.png,141,67,Smoke,1759,373,1900,440
1629.png,80,57,Smoke,1763,302,1843,359
1629.png,55,80,Smoke,546,424,601,504
1629.png,23,151,Smoke,1210,422,1233,573
1630.png,80,48,Smoke,414,514,494,562
1630.png,113,57,Smoke,629,496,742,553
1630.png,122,78,Smoke,809,475,931,553
1630.png,130,227,Smoke,1027,309,1157,536
1630.png,32,170,Smoke,965,372,997,542
1630.png,29,218,Smoke,1161,337,1190,555
1630.png,132,155,Smoke,1246,397,1378,552
1630.png,180,109,Smoke,1740,457,1920,566
1630.png,76,227,Smoke,1623,384,1699,611
1630.png,155,48,Smoke,1722,579,1877,627
1630.png,50,128,Smoke,1431,412,1481,540
1630.png,141,67,Smoke,1758,374,1899,441
1630.png,80,57,Smoke,1763,302,1843,359
1630.png,55,80,Smoke,546,424,601,504
1630.png,23,151,Smoke,1210,421,1233,572
1631.png,80,48,Smoke,414,514,494,562
1631.png,113,57,Smoke,629,495,742,552
1631.png,122,78,Smoke,809,475,931,553
1631.png,130,227,Smoke,1027,310,1157,537
1631.png,32,170,Smoke,964,374,996,544
1631.png,29,218,Smoke,1161,339,1190,557
1631.png,132,155,Smoke,1247,397,1379,552
1631.png,181,109,Smoke,1739,456,1920,565
1631.png,76,227,Smoke,1623,384,1699,611
1631.png,155,48,Smoke,1722,579,1877,627
1631.png,50,128,Smoke,1431,412,1481,540
1631.png,141,67,Smoke,1759,374,1900,441
1631.png,80,57,Smoke,1763,302,1843,359
1631.png,55,80,Smoke,546,424,601,504
1631.png,23,151,Smoke,1210,422,1233,573
1631.png,80,57,Smoke,1762,302,1842,359
1631.png,55,80,Smoke,546,424,601,504
1631.png,23,151,Smoke,1210,421,1233,572
1632.png,80,48,Smoke,414,514,494,562
1632.png,113,57,Smoke,629,495,742,552
1632.png,122,78,Smoke,809,475,931,553
1632.png,130,227,Smoke,1027,310,1157,537
1632.png,32,170,Smoke,964,374,996,544
1632.png,29,218,Smoke,1161,339,1190,557
1632.png,132,155,Smoke,1247,397,1379,552
1632.png,180,109,Smoke,1740,456,1920,565
1632.png,76,227,Smoke,1623,384,1699,611
1632.png,155,48,Smoke,1722,579,1877,627
1632.png,50,128,Smoke,1431,412,1481,540
1632.png,141,67,Smoke,1759,375,1900,442
1632.png,55,80,Smoke,546,424,601,504
1632.png,23,151,Smoke,1210,422,1233,573
1633.png,80,48,Smoke,414,514,494,562
1633.png,113,57,Smoke,629,495,742,552
1633.png,122,78,Smoke,809,474,931,552
1633.png,130,227,Smoke,1027,310,1157,537
1633.png,32,170,Smoke,964,374,996,544
1633.png,29,218,Smoke,1161,339,1190,557
1633.png,132,155,Smoke,1247,397,1379,552
1633.png,181,109,Smoke,1739,456,1920,565
1633.png,76,227,Smoke,1623,384,1699,611
1633.png,155,48,Smoke,1722,579,1877,627
1633.png,50,128,Smoke,1431,412,1481,540
1633.png,141,67,Smoke,1759,373,1900,440
1633.png,80,57,Smoke,1762,303,1842,360
1634.png,80,48,Smoke,414,514,494,562
1634.png,113,57,Smoke,629,495,742,552
1634.png,122,78,Smoke,809,474,931,552
1634.png,130,227,Smoke,1027,310,1157,537
1634.png,32,170,Smoke,964,374,996,544
1634.png,29,218,Smoke,1161,339,1190,557
1634.png,132,155,Smoke,1247,397,1379,552
1634.png,180,109,Smoke,1740,456,1920,565
1634.png,76,227,Smoke,1623,384,1699,611
1634.png,155,48,Smoke,1722,579,1877,627
1634.png,50,128,Smoke,1431,412,1481,540
1634.png,141,67,Smoke,1758,374,1899,441
1634.png,80,57,Smoke,1761,302,1841,359
1634.png,55,80,Smoke,546,424,601,504
1634.png,23,151,Smoke,1210,421,1233,572
1635.png,80,48,Smoke,414,514,494,562
1635.png,113,57,Smoke,629,495,742,552
1635.png,122,78,Smoke,809,474,931,552
1635.png,130,227,Smoke,1027,310,1157,537
1635.png,32,170,Smoke,964,374,996,544
1635.png,29,218,Smoke,1161,339,1190,557
1635.png,132,155,Smoke,1247,397,1379,552
1635.png,181,109,Smoke,1739,456,1920,565
1635.png,76,227,Smoke,1623,384,1699,611
1635.png,155,48,Smoke,1722,579,1877,627
1635.png,50,128,Smoke,1431,412,1481,540
1635.png,141,67,Smoke,1759,374,1900,441
1635.png,80,57,Smoke,1762,302,1842,359
1635.png,55,80,Smoke,546,424,601,504
1635.png,23,151,Smoke,1210,422,1233,573
1636.png,80,48,Smoke,414,514,494,562
1636.png,113,57,Smoke,629,495,742,552
1636.png,122,78,Smoke,809,474,931,552
1636.png,130,227,Smoke,1027,309,1157,536
1636.png,32,170,Smoke,964,374,996,544
1636.png,29,218,Smoke,1161,339,1190,557
1636.png,132,155,Smoke,1247,397,1379,552
1636.png,180,109,Smoke,1740,456,1920,565
1636.png,76,227,Smoke,1623,383,1699,610
1636.png,155,48,Smoke,1722,579,1877,627
1636.png,50,128,Smoke,1431,412,1481,540
1636.png,141,67,Smoke,1759,373,1900,440
1636.png,80,57,Smoke,1762,302,1842,359
1636.png,55,80,Smoke,546,424,601,504
1636.png,23,151,Smoke,1210,422,1233,573
1637.png,80,48,Smoke,414,514,494,562
1637.png,113,57,Smoke,629,495,742,552
1637.png,122,78,Smoke,809,474,931,552
1637.png,130,227,Smoke,1027,310,1157,537
1637.png,32,170,Smoke,964,376,996,546
1637.png,29,218,Smoke,1161,338,1190,556
1637.png,132,155,Smoke,1247,397,1379,552
1637.png,181,109,Smoke,1739,456,1920,565
1637.png,76,227,Smoke,1623,384,1699,611
1637.png,155,48,Smoke,1722,579,1877,627
1637.png,50,128,Smoke,1431,412,1481,540
1637.png,141,67,Smoke,1757,374,1898,441
1637.png,80,57,Smoke,1761,302,1841,359
1637.png,55,80,Smoke,546,424,601,504
1637.png,23,151,Smoke,1210,422,1233,573
1638.png,80,48,Smoke,414,514,494,562
1638.png,113,57,Smoke,629,495,742,552
1638.png,122,78,Smoke,810,475,932,553
1638.png,130,227,Smoke,1027,309,1157,536
1638.png,32,170,Smoke,964,376,996,546
1638.png,29,218,Smoke,1161,339,1190,557
1638.png,132,155,Smoke,1247,397,1379,552
1638.png,180,109,Smoke,1740,456,1920,565
1638.png,76,227,Smoke,1623,385,1699,612
1638.png,155,48,Smoke,1722,579,1877,627
1638.png,50,128,Smoke,1431,412,1481,540
1638.png,141,67,Smoke,1758,374,1899,441
1638.png,80,57,Smoke,1762,302,1842,359
1638.png,55,80,Smoke,546,424,601,504
1638.png,23,151,Smoke,1210,422,1233,573
1639.png,80,48,Smoke,414,514,494,562
1639.png,113,57,Smoke,629,495,742,552
1639.png,122,78,Smoke,810,475,932,553
1639.png,130,227,Smoke,1027,310,1157,537
1639.png,32,170,Smoke,964,376,996,546
1639.png,29,218,Smoke,1161,339,1190,557
1639.png,132,155,Smoke,1246,397,1378,552
1639.png,181,109,Smoke,1739,456,1920,565
1639.png,76,227,Smoke,1622,385,1698,612
1639.png,155,48,Smoke,1722,579,1877,627
1639.png,50,128,Smoke,1431,412,1481,540
1639.png,141,67,Smoke,1759,374,1900,441
1639.png,80,57,Smoke,1761,302,1841,359
1639.png,55,80,Smoke,546,424,601,504
1639.png,23,151,Smoke,1210,421,1233,572
1640.png,80,48,Smoke,414,514,494,562
1640.png,113,57,Smoke,629,495,742,552
1640.png,122,78,Smoke,810,475,932,553
1640.png,130,227,Smoke,1027,309,1157,536
1640.png,32,170,Smoke,964,376,996,546
1640.png,29,218,Smoke,1161,339,1190,557
1640.png,132,155,Smoke,1246,397,1378,552
1640.png,182,109,Smoke,1738,456,1920,565
1640.png,76,227,Smoke,1623,383,1699,610
1640.png,155,48,Smoke,1722,579,1877,627
1640.png,50,128,Smoke,1431,412,1481,540
1640.png,141,67,Smoke,1759,374,1900,441
1640.png,80,57,Smoke,1761,302,1841,359
1640.png,55,80,Smoke,546,424,601,504
1640.png,23,151,Smoke,1210,421,1233,572
1641.png,80,48,Smoke,414,514,494,562
1641.png,113,57,Smoke,629,495,742,552
1641.png,122,78,Smoke,810,475,932,553
1641.png,130,227,Smoke,1027,310,1157,537
1641.png,32,170,Smoke,963,376,995,546
1641.png,29,218,Smoke,1161,338,1190,556
1641.png,132,155,Smoke,1246,397,1378,552
1641.png,181,109,Smoke,1739,456,1920,565
1641.png,76,227,Smoke,1623,382,1699,609
1641.png,155,48,Smoke,1722,579,1877,627
1641.png,50,128,Smoke,1431,412,1481,540
1641.png,141,67,Smoke,1759,374,1900,441
1641.png,80,57,Smoke,1761,302,1841,359
1641.png,55,80,Smoke,546,424,601,504
1641.png,23,151,Smoke,1210,422,1233,573
1641.png,80,57,Smoke,1761,302,1841,359
1641.png,55,80,Smoke,546,424,601,504
1641.png,23,151,Smoke,1210,422,1233,573
1642.png,80,48,Smoke,414,514,494,562
1642.png,113,57,Smoke,629,495,742,552
1642.png,122,78,Smoke,810,475,932,553
1642.png,130,227,Smoke,1027,309,1157,536
1642.png,32,170,Smoke,963,376,995,546
1642.png,29,218,Smoke,1161,338,1190,556
1642.png,132,155,Smoke,1246,397,1378,552
1642.png,180,109,Smoke,1740,456,1920,565
1642.png,76,227,Smoke,1623,382,1699,609
1642.png,155,48,Smoke,1722,579,1877,627
1642.png,50,128,Smoke,1431,412,1481,540
1642.png,141,67,Smoke,1759,374,1900,441
1642.png,55,80,Smoke,546,424,601,504
1642.png,23,151,Smoke,1210,422,1233,573
1643.png,80,48,Smoke,414,514,494,562
1643.png,113,57,Smoke,629,495,742,552
1643.png,122,78,Smoke,810,475,932,553
1643.png,130,227,Smoke,1027,310,1157,537
1643.png,32,170,Smoke,963,376,995,546
1643.png,29,218,Smoke,1161,338,1190,556
1643.png,132,155,Smoke,1246,397,1378,552
1643.png,181,109,Smoke,1739,457,1920,566
1643.png,76,227,Smoke,1623,382,1699,609
1643.png,155,48,Smoke,1722,579,1877,627
1643.png,50,128,Smoke,1431,412,1481,540
1643.png,141,67,Smoke,1759,374,1900,441
1643.png,80,57,Smoke,1761,302,1841,359
1644.png,80,48,Smoke,414,514,494,562
1644.png,113,57,Smoke,629,495,742,552
1644.png,122,78,Smoke,810,475,932,553
1644.png,130,227,Smoke,1027,309,1157,536
1644.png,32,170,Smoke,964,376,996,546
1644.png,29,218,Smoke,1161,338,1190,556
1644.png,132,155,Smoke,1246,397,1378,552
1644.png,182,109,Smoke,1738,457,1920,566
1644.png,76,227,Smoke,1623,383,1699,610
1644.png,155,48,Smoke,1722,580,1877,628
1644.png,50,128,Smoke,1431,412,1481,540
1644.png,141,67,Smoke,1759,374,1900,441
1644.png,80,57,Smoke,1761,302,1841,359
1644.png,55,80,Smoke,546,424,601,504
1644.png,23,151,Smoke,1210,423,1233,574
1645.png,80,48,Smoke,414,514,494,562
1645.png,113,57,Smoke,629,495,742,552
1645.png,122,78,Smoke,810,475,932,553
1645.png,130,227,Smoke,1027,310,1157,537
1645.png,32,170,Smoke,963,378,995,548
1645.png,29,218,Smoke,1161,338,1190,556
1645.png,132,155,Smoke,1246,397,1378,552
1645.png,181,109,Smoke,1739,457,1920,566
1645.png,76,227,Smoke,1623,382,1699,609
1645.png,155,48,Smoke,1722,579,1877,627
1645.png,50,128,Smoke,1431,412,1481,540
1645.png,141,67,Smoke,1759,374,1900,441
1645.png,80,57,Smoke,1761,301,1841,358
1645.png,55,80,Smoke,546,424,601,504
1645.png,23,151,Smoke,1210,423,1233,574
1646.png,80,48,Smoke,414,514,494,562
1646.png,113,57,Smoke,629,495,742,552
1646.png,122,78,Smoke,810,475,932,553
1646.png,130,227,Smoke,1027,309,1157,536
1646.png,32,170,Smoke,963,378,995,548
1646.png,29,218,Smoke,1161,338,1190,556
1646.png,132,155,Smoke,1246,397,1378,552
1646.png,182,109,Smoke,1738,456,1920,565
1646.png,76,227,Smoke,1622,382,1698,609
1646.png,155,48,Smoke,1722,579,1877,627
1646.png,50,128,Smoke,1431,412,1481,540
1646.png,141,67,Smoke,1759,374,1900,441
1646.png,80,57,Smoke,1761,301,1841,358
1646.png,55,80,Smoke,546,424,601,504
1646.png,23,151,Smoke,1210,422,1233,573
1647.png,80,48,Smoke,414,514,494,562
1647.png,113,57,Smoke,629,495,742,552
1647.png,122,78,Smoke,810,474,932,552
1647.png,130,227,Smoke,1027,310,1157,537
1647.png,32,170,Smoke,963,378,995,548
1647.png,29,218,Smoke,1161,338,1190,556
1647.png,132,155,Smoke,1246,397,1378,552
1647.png,181,109,Smoke,1739,457,1920,566
1647.png,76,227,Smoke,1623,382,1699,609
1647.png,155,48,Smoke,1722,579,1877,627
1647.png,50,128,Smoke,1431,412,1481,540
1647.png,141,67,Smoke,1759,375,1900,442
1647.png,80,57,Smoke,1761,301,1841,358
1647.png,55,80,Smoke,546,424,601,504
1647.png,23,151,Smoke,1210,422,1233,573
1648.png,80,48,Smoke,414,514,494,562
1648.png,113,57,Smoke,629,495,742,552
1648.png,122,78,Smoke,810,474,932,552
1648.png,130,227,Smoke,1027,309,1157,536
1648.png,32,170,Smoke,963,378,995,548
1648.png,29,218,Smoke,1161,338,1190,556
1648.png,132,155,Smoke,1246,397,1378,552
1648.png,182,109,Smoke,1738,456,1920,565
1648.png,76,227,Smoke,1623,382,1699,609
1648.png,155,48,Smoke,1722,579,1877,627
1648.png,50,128,Smoke,1431,412,1481,540
1648.png,141,67,Smoke,1759,374,1900,441
1648.png,80,57,Smoke,1760,301,1840,358
1648.png,55,80,Smoke,546,424,601,504
1648.png,23,151,Smoke,1210,422,1233,573
1649.png,80,48,Smoke,414,514,494,562
1649.png,113,57,Smoke,629,495,742,552
1649.png,122,78,Smoke,810,475,932,553
1649.png,130,227,Smoke,1027,310,1157,537
1649.png,32,170,Smoke,963,378,995,548
1649.png,29,218,Smoke,1161,338,1190,556
1649.png,132,155,Smoke,1246,397,1378,552
1649.png,181,109,Smoke,1739,457,1920,566
1649.png,76,227,Smoke,1623,382,1699,609
1649.png,155,48,Smoke,1722,579,1877,627
1649.png,50,128,Smoke,1431,412,1481,540
1649.png,141,67,Smoke,1759,373,1900,440
1649.png,80,57,Smoke,1762,302,1842,359
1649.png,55,80,Smoke,546,424,601,504
1649.png,23,151,Smoke,1210,421,1233,572
1650.png,80,48,Smoke,414,514,494,562
1650.png,113,57,Smoke,628,495,741,552
1650.png,122,78,Smoke,810,475,932,553
1650.png,130,227,Smoke,1027,309,1157,536
1650.png,32,170,Smoke,963,378,995,548
1650.png,29,218,Smoke,1161,338,1190,556
1650.png,132,155,Smoke,1246,397,1378,552
1650.png,182,109,Smoke,1738,457,1920,566
1650.png,76,227,Smoke,1623,383,1699,610
1650.png,155,48,Smoke,1722,579,1877,627
1650.png,50,128,Smoke,1431,412,1481,540
1650.png,141,67,Smoke,1759,373,1900,440
1650.png,80,57,Smoke,1761,301,1841,358
1650.png,55,80,Smoke,546,424,601,504
1650.png,23,151,Smoke,1210,422,1233,573
1651.png,80,48,Smoke,414,514,494,562
1651.png,113,57,Smoke,629,495,742,552
1651.png,122,78,Smoke,810,475,932,553
1651.png,130,227,Smoke,1027,310,1157,537
1651.png,32,170,Smoke,963,378,995,548
1651.png,29,218,Smoke,1161,338,1190,556
1651.png,132,155,Smoke,1246,397,1378,552
1651.png,181,109,Smoke,1739,457,1920,566
1651.png,76,227,Smoke,1623,382,1699,609
1651.png,155,48,Smoke,1722,579,1877,627
1651.png,50,128,Smoke,1431,412,1481,540
1651.png,141,67,Smoke,1759,373,1900,440
1651.png,80,57,Smoke,1760,302,1840,359
1651.png,55,80,Smoke,546,424,601,504
1651.png,23,151,Smoke,1210,422,1233,573
1651.png,80,57,Smoke,1760,301,1840,358
1651.png,55,80,Smoke,546,424,601,504
1651.png,23,151,Smoke,1210,423,1233,574
1652.png,80,48,Smoke,414,514,494,562
1652.png,113,57,Smoke,629,495,742,552
1652.png,122,78,Smoke,810,475,932,553
1652.png,130,227,Smoke,1027,310,1157,537
1652.png,32,170,Smoke,963,378,995,548
1652.png,29,218,Smoke,1161,338,1190,556
1652.png,132,155,Smoke,1246,397,1378,552
1652.png,180,109,Smoke,1740,457,1920,566
1652.png,76,227,Smoke,1623,381,1699,608
1652.png,155,48,Smoke,1722,579,1877,627
1652.png,50,128,Smoke,1431,412,1481,540
1652.png,141,67,Smoke,1759,373,1900,440
1652.png,55,80,Smoke,546,424,601,504
1652.png,23,151,Smoke,1210,422,1233,573
1653.png,80,48,Smoke,414,514,494,562
1653.png,113,57,Smoke,629,495,742,552
1653.png,122,78,Smoke,810,475,932,553
1653.png,130,227,Smoke,1027,310,1157,537
1653.png,32,170,Smoke,963,378,995,548
1653.png,29,218,Smoke,1161,338,1190,556
1653.png,132,155,Smoke,1246,397,1378,552
1653.png,181,109,Smoke,1739,457,1920,566
1653.png,76,227,Smoke,1623,382,1699,609
1653.png,155,48,Smoke,1722,579,1877,627
1653.png,50,128,Smoke,1431,412,1481,540
1653.png,141,67,Smoke,1758,372,1899,439
1653.png,80,57,Smoke,1760,301,1840,358
1654.png,80,48,Smoke,414,514,494,562
1654.png,113,57,Smoke,629,495,742,552
1654.png,122,78,Smoke,810,475,932,553
1654.png,130,227,Smoke,1027,311,1157,538
1654.png,32,170,Smoke,963,378,995,548
1654.png,29,218,Smoke,1161,338,1190,556
1654.png,132,155,Smoke,1246,397,1378,552
1654.png,183,109,Smoke,1737,457,1920,566
1654.png,76,227,Smoke,1623,381,1699,608
1654.png,155,48,Smoke,1722,579,1877,627
1654.png,50,128,Smoke,1431,412,1481,540
1654.png,141,67,Smoke,1760,373,1901,440
1654.png,80,57,Smoke,1760,301,1840,358
1654.png,55,80,Smoke,546,424,601,504
1654.png,23,151,Smoke,1210,423,1233,574
1655.png,80,48,Smoke,414,514,494,562
1655.png,113,57,Smoke,629,496,742,553
1655.png,122,78,Smoke,810,475,932,553
1655.png,130,227,Smoke,1027,310,1157,537
1655.png,32,170,Smoke,964,378,996,548
1655.png,29,218,Smoke,1161,338,1190,556
1655.png,132,155,Smoke,1246,397,1378,552
1655.png,183,109,Smoke,1737,457,1920,566
1655.png,76,227,Smoke,1623,382,1699,609
1655.png,155,48,Smoke,1722,579,1877,627
1655.png,50,128,Smoke,1431,412,1481,540
1655.png,141,67,Smoke,1758,373,1899,440
1655.png,80,57,Smoke,1760,301,1840,358
1655.png,55,80,Smoke,546,424,601,504
1655.png,23,151,Smoke,1210,422,1233,573
1656.png,80,48,Smoke,414,514,494,562
1656.png,113,57,Smoke,629,496,742,553
1656.png,122,78,Smoke,810,475,932,553
1656.png,130,227,Smoke,1027,311,1157,538
1656.png,32,170,Smoke,964,378,996,548
1656.png,29,218,Smoke,1161,338,1190,556
1656.png,132,155,Smoke,1246,397,1378,552
1656.png,183,109,Smoke,1737,457,1920,566
1656.png,76,227,Smoke,1623,381,1699,608
1656.png,155,48,Smoke,1722,579,1877,627
1656.png,50,128,Smoke,1431,413,1481,541
1656.png,141,67,Smoke,1759,373,1900,440
1656.png,80,57,Smoke,1760,301,1840,358
1656.png,55,80,Smoke,546,424,601,504
1656.png,23,151,Smoke,1210,423,1233,574
1657.png,80,48,Smoke,414,514,494,562
1657.png,113,57,Smoke,629,495,742,552
1657.png,122,78,Smoke,811,475,933,553
1657.png,130,227,Smoke,1027,310,1157,537
1657.png,32,170,Smoke,964,376,996,546
1657.png,29,218,Smoke,1161,338,1190,556
1657.png,132,155,Smoke,1246,397,1378,552
1657.png,181,109,Smoke,1739,456,1920,565
1657.png,76,227,Smoke,1623,382,1699,609
1657.png,155,48,Smoke,1722,579,1877,627
1657.png,50,128,Smoke,1431,412,1481,540
1657.png,141,67,Smoke,1759,373,1900,440
1657.png,80,57,Smoke,1760,301,1840,358
1657.png,55,80,Smoke,546,424,601,504
1657.png,23,151,Smoke,1210,422,1233,573
1658.png,80,48,Smoke,414,514,494,562
1658.png,113,57,Smoke,629,495,742,552
1658.png,122,78,Smoke,811,475,933,553
1658.png,130,227,Smoke,1027,311,1157,538
1658.png,32,170,Smoke,965,376,997,546
1658.png,29,218,Smoke,1161,338,1190,556
1658.png,132,155,Smoke,1246,397,1378,552
1658.png,182,109,Smoke,1738,456,1920,565
1658.png,76,227,Smoke,1623,381,1699,608
1658.png,155,48,Smoke,1722,579,1877,627
1658.png,50,128,Smoke,1431,413,1481,541
1658.png,141,67,Smoke,1759,373,1900,440
1658.png,80,57,Smoke,1760,301,1840,358
1658.png,55,80,Smoke,546,424,601,504
1658.png,23,151,Smoke,1210,423,1233,574
1659.png,80,48,Smoke,414,514,494,562
1659.png,113,57,Smoke,629,495,742,552
1659.png,122,78,Smoke,811,476,933,554
1659.png,128,246,Smoke,1017,311,1145,557
1659.png,32,170,Smoke,965,376,997,546
1659.png,29,218,Smoke,1161,338,1190,556
1659.png,132,155,Smoke,1246,397,1378,552
1659.png,181,109,Smoke,1739,457,1920,566
1659.png,76,227,Smoke,1623,382,1699,609
1659.png,155,48,Smoke,1722,579,1877,627
1659.png,50,128,Smoke,1431,413,1481,541
1659.png,141,67,Smoke,1759,373,1900,440
1659.png,80,57,Smoke,1759,301,1839,358
1659.png,55,80,Smoke,546,424,601,504
1659.png,23,151,Smoke,1210,424,1233,575
1660.png,80,48,Smoke,414,514,494,562
1660.png,113,57,Smoke,629,495,742,552
1660.png,122,78,Smoke,811,476,933,554
1660.png,128,246,Smoke,1017,311,1145,557
1660.png,32,170,Smoke,965,378,997,548
1660.png,29,218,Smoke,1161,338,1190,556
1660.png,132,155,Smoke,1246,397,1378,552
1660.png,184,109,Smoke,1736,456,1920,565
1660.png,76,227,Smoke,1623,383,1699,610
1660.png,155,48,Smoke,1722,579,1877,627
1660.png,50,128,Smoke,1431,413,1481,541
1660.png,141,67,Smoke,1759,373,1900,440
1660.png,80,57,Smoke,1761,301,1841,358
1660.png,55,80,Smoke,546,424,601,504
1660.png,23,151,Smoke,1210,421,1233,572
1661.png,80,48,Smoke,414,514,494,562
1661.png,113,57,Smoke,629,495,742,552
1661.png,122,78,Smoke,811,475,933,553
1661.png,128,246,Smoke,1017,311,1145,557
1661.png,32,170,Smoke,965,378,997,548
1661.png,29,218,Smoke,1161,338,1190,556
1661.png,132,155,Smoke,1246,397,1378,552
1661.png,181,109,Smoke,1739,456,1920,565
1661.png,76,227,Smoke,1623,382,1699,609
1661.png,155,48,Smoke,1722,579,1877,627
1661.png,50,128,Smoke,1431,412,1481,540
1661.png,141,67,Smoke,1759,373,1900,440
1661.png,80,57,Smoke,1760,301,1840,358
1661.png,55,80,Smoke,546,424,601,504
1661.png,23,151,Smoke,1210,422,1233,573
1661.png,80,57,Smoke,1760,301,1840,358
1661.png,55,80,Smoke,546,424,601,504
1661.png,23,151,Smoke,1210,423,1233,574
1662.png,80,48,Smoke,414,514,494,562
1662.png,113,57,Smoke,629,496,742,553
1662.png,122,78,Smoke,811,475,933,553
1662.png,128,246,Smoke,1017,310,1145,556
1662.png,32,170,Smoke,966,378,998,548
1662.png,29,218,Smoke,1161,338,1190,556
1662.png,132,155,Smoke,1246,397,1378,552
1662.png,182,109,Smoke,1738,457,1920,566
1662.png,76,227,Smoke,1623,382,1699,609
1662.png,155,48,Smoke,1722,579,1877,627
1662.png,50,128,Smoke,1431,412,1481,540
1662.png,141,67,Smoke,1760,373,1901,440
1662.png,55,80,Smoke,546,424,601,504
1662.png,23,151,Smoke,1210,422,1233,573
1663.png,80,48,Smoke,414,514,494,562
1663.png,113,57,Smoke,629,495,742,552
1663.png,122,78,Smoke,811,475,933,553
1663.png,128,246,Smoke,1017,310,1145,556
1663.png,32,170,Smoke,965,378,997,548
1663.png,29,218,Smoke,1161,338,1190,556
1663.png,132,155,Smoke,1246,397,1378,552
1663.png,181,109,Smoke,1739,456,1920,565
1663.png,76,227,Smoke,1623,382,1699,609
1663.png,155,48,Smoke,1722,579,1877,627
1663.png,50,128,Smoke,1431,411,1481,539
1663.png,141,67,Smoke,1760,373,1901,440
1663.png,80,57,Smoke,1760,301,1840,358
1664.png,80,48,Smoke,414,514,494,562
1664.png,113,57,Smoke,629,495,742,552
1664.png,122,78,Smoke,811,474,933,552
1664.png,128,246,Smoke,1017,310,1145,556
1664.png,32,170,Smoke,965,378,997,548
1664.png,29,218,Smoke,1161,338,1190,556
1664.png,132,155,Smoke,1246,397,1378,552
1664.png,182,109,Smoke,1738,456,1920,565
1664.png,76,227,Smoke,1623,382,1699,609
1664.png,155,48,Smoke,1722,579,1877,627
1664.png,50,128,Smoke,1431,411,1481,539
1664.png,141,67,Smoke,1760,373,1901,440
1664.png,80,57,Smoke,1760,301,1840,358
1664.png,55,80,Smoke,546,424,601,504
1664.png,23,151,Smoke,1210,423,1233,574
1665.png,80,48,Smoke,414,514,494,562
1665.png,113,57,Smoke,629,495,742,552
1665.png,122,78,Smoke,811,474,933,552
1665.png,128,246,Smoke,1018,311,1146,557
1665.png,32,170,Smoke,965,378,997,548
1665.png,29,218,Smoke,1161,338,1190,556
1665.png,132,155,Smoke,1246,397,1378,552
1665.png,181,109,Smoke,1739,456,1920,565
1665.png,76,227,Smoke,1623,382,1699,609
1665.png,155,48,Smoke,1722,579,1877,627
1665.png,50,128,Smoke,1431,411,1481,539
1665.png,141,67,Smoke,1760,373,1901,440
1665.png,80,57,Smoke,1760,301,1840,358
1665.png,55,80,Smoke,546,424,601,504
1665.png,23,151,Smoke,1210,422,1233,573
1666.png,80,48,Smoke,414,514,494,562
1666.png,113,57,Smoke,630,495,743,552
1666.png,122,78,Smoke,811,474,933,552
1666.png,128,246,Smoke,1018,310,1146,556
1666.png,32,170,Smoke,966,378,998,548
1666.png,29,218,Smoke,1161,338,1190,556
1666.png,132,155,Smoke,1246,397,1378,552
1666.png,182,109,Smoke,1738,456,1920,565
1666.png,76,227,Smoke,1624,382,1700,609
1666.png,155,48,Smoke,1722,579,1877,627
1666.png,50,128,Smoke,1431,412,1481,540
1666.png,141,67,Smoke,1758,372,1899,439
1666.png,80,57,Smoke,1760,301,1840,358
1666.png,55,80,Smoke,546,424,601,504
1666.png,23,151,Smoke,1210,421,1233,572
1667.png,80,48,Smoke,414,514,494,562
1667.png,113,57,Smoke,630,494,743,551
1667.png,122,78,Smoke,811,474,933,552
1667.png,128,246,Smoke,1019,310,1147,556
1667.png,32,170,Smoke,966,378,998,548
1667.png,29,218,Smoke,1161,338,1190,556
1667.png,132,155,Smoke,1246,397,1378,552
1667.png,181,109,Smoke,1739,457,1920,566
1667.png,76,227,Smoke,1624,382,1700,609
1667.png,155,48,Smoke,1722,579,1877,627
1667.png,50,128,Smoke,1431,412,1481,540
1667.png,141,67,Smoke,1759,373,1900,440
1667.png,80,57,Smoke,1759,301,1839,358
1667.png,55,80,Smoke,546,424,601,504
1667.png,23,151,Smoke,1210,420,1233,571
1668.png,80,48,Smoke,414,514,494,562
1668.png,113,57,Smoke,630,494,743,551
1668.png,122,78,Smoke,811,474,933,552
1668.png,128,246,Smoke,1019,310,1147,556
1668.png,32,170,Smoke,966,378,998,548
1668.png,29,218,Smoke,1161,338,1190,556
1668.png,132,155,Smoke,1246,397,1378,552
1668.png,182,109,Smoke,1738,457,1920,566
1668.png,76,227,Smoke,1624,381,1700,608
1668.png,155,48,Smoke,1722,579,1877,627
1668.png,50,128,Smoke,1431,412,1481,540
1668.png,141,67,Smoke,1759,373,1900,440
1668.png,80,57,Smoke,1760,301,1840,358
1668.png,55,80,Smoke,546,424,601,504
1668.png,23,151,Smoke,1210,421,1233,572
1669.png,80,48,Smoke,414,514,494,562
1669.png,113,57,Smoke,629,495,742,552
1669.png,122,78,Smoke,811,474,933,552
1669.png,128,246,Smoke,1020,310,1148,556
1669.png,32,170,Smoke,966,378,998,548
1669.png,29,218,Smoke,1161,338,1190,556
1669.png,132,155,Smoke,1246,397,1378,552
1669.png,181,109,Smoke,1739,457,1920,566
1669.png,76,227,Smoke,1624,382,1700,609
1669.png,155,48,Smoke,1722,579,1877,627
1669.png,50,128,Smoke,1431,412,1481,540
1669.png,141,67,Smoke,1759,373,1900,440
1669.png,80,57,Smoke,1760,301,1840,358
1669.png,55,80,Smoke,546,424,601,504
1669.png,23,151,Smoke,1210,420,1233,571
1670.png,80,48,Smoke,414,514,494,562
1670.png,113,57,Smoke,629,495,742,552
1670.png,122,78,Smoke,811,474,933,552
1670.png,128,246,Smoke,1021,309,1149,555
1670.png,32,170,Smoke,966,378,998,548
1670.png,29,218,Smoke,1161,338,1190,556
1670.png,132,155,Smoke,1246,397,1378,552
1670.png,184,109,Smoke,1736,457,1920,566
1670.png,76,227,Smoke,1624,381,1700,608
1670.png,155,48,Smoke,1722,579,1877,627
1670.png,50,128,Smoke,1431,412,1481,540
1670.png,141,67,Smoke,1759,373,1900,440
1670.png,80,57,Smoke,1760,301,1840,358
1670.png,55,80,Smoke,546,424,601,504
1670.png,23,151,Smoke,1210,419,1233,570
1671.png,80,48,Smoke,414,514,494,562
1671.png,113,57,Smoke,629,495,742,552
1671.png,122,78,Smoke,811,474,933,552
1671.png,128,246,Smoke,1020,312,1148,558
1671.png,32,170,Smoke,966,380,998,550
1671.png,29,218,Smoke,1161,338,1190,556
1671.png,132,155,Smoke,1246,397,1378,552
1671.png,181,109,Smoke,1739,456,1920,565
1671.png,76,227,Smoke,1623,382,1699,609
1671.png,155,48,Smoke,1722,579,1877,627
1671.png,50,128,Smoke,1431,412,1481,540
1671.png,141,67,Smoke,1759,373,1900,440
1671.png,80,57,Smoke,1760,301,1840,358
1671.png,55,80,Smoke,546,424,601,504
1671.png,23,151,Smoke,1210,420,1233,571
1671.png,80,57,Smoke,1759,301,1839,358
1671.png,55,80,Smoke,546,424,601,504
1671.png,23,151,Smoke,1210,421,1233,572
1672.png,80,48,Smoke,414,514,494,562
1672.png,113,57,Smoke,629,495,742,552
1672.png,122,78,Smoke,811,474,933,552
1672.png,128,246,Smoke,1020,313,1148,559
1672.png,32,170,Smoke,966,380,998,550
1672.png,29,218,Smoke,1161,334,1190,552
1672.png,132,155,Smoke,1246,397,1378,552
1672.png,184,109,Smoke,1736,457,1920,566
1672.png,76,227,Smoke,1623,382,1699,609
1672.png,155,48,Smoke,1722,579,1877,627
1672.png,50,128,Smoke,1431,412,1481,540
1672.png,141,67,Smoke,1759,373,1900,440
1672.png,55,80,Smoke,546,424,601,504
1672.png,23,151,Smoke,1210,420,1233,571
1673.png,80,48,Smoke,414,514,494,562
1673.png,113,57,Smoke,629,495,742,552
1673.png,122,78,Smoke,811,474,933,552
1673.png,128,246,Smoke,1020,312,1148,558
1673.png,32,170,Smoke,966,380,998,550
1673.png,29,218,Smoke,1161,338,1190,556
1673.png,132,155,Smoke,1246,397,1378,552
1673.png,181,109,Smoke,1739,457,1920,566
1673.png,76,227,Smoke,1623,382,1699,609
1673.png,155,48,Smoke,1722,579,1877,627
1673.png,50,128,Smoke,1431,412,1481,540
1673.png,141,67,Smoke,1760,374,1901,441
1673.png,80,57,Smoke,1760,301,1840,358
1674.png,80,48,Smoke,414,514,494,562
1674.png,113,57,Smoke,629,495,742,552
1674.png,122,78,Smoke,811,474,933,552
1674.png,128,246,Smoke,1020,313,1148,559
1674.png,32,170,Smoke,966,380,998,550
1674.png,29,218,Smoke,1161,338,1190,556
1674.png,132,155,Smoke,1247,397,1379,552
1674.png,183,109,Smoke,1737,456,1920,565
1674.png,76,227,Smoke,1623,382,1699,609
1674.png,155,48,Smoke,1722,579,1877,627
1674.png,50,128,Smoke,1431,412,1481,540
1674.png,141,67,Smoke,1759,375,1900,442
1674.png,80,57,Smoke,1759,302,1839,359
1674.png,55,80,Smoke,546,424,601,504
1674.png,23,151,Smoke,1210,421,1233,572
1675.png,80,48,Smoke,414,514,494,562
1675.png,113,57,Smoke,629,496,742,553
1675.png,122,78,Smoke,811,474,933,552
1675.png,128,246,Smoke,1021,312,1149,558
1675.png,32,170,Smoke,966,380,998,550
1675.png,29,218,Smoke,1161,338,1190,556
1675.png,132,155,Smoke,1247,397,1379,552
1675.png,181,109,Smoke,1739,457,1920,566
1675.png,76,227,Smoke,1623,382,1699,609
1675.png,155,48,Smoke,1722,579,1877,627
1675.png,50,128,Smoke,1431,412,1481,540
1675.png,141,67,Smoke,1760,374,1901,441
1675.png,80,57,Smoke,1758,302,1838,359
1675.png,55,80,Smoke,546,424,601,504
1675.png,23,151,Smoke,1210,422,1233,573
1676.png,80,48,Smoke,414,514,494,562
1676.png,113,57,Smoke,629,496,742,553
1676.png,122,78,Smoke,811,474,933,552
1676.png,128,246,Smoke,1021,313,1149,559
1676.png,32,170,Smoke,966,380,998,550
1676.png,29,218,Smoke,1161,338,1190,556
1676.png,132,155,Smoke,1247,397,1379,552
1676.png,184,109,Smoke,1736,456,1920,565
1676.png,76,227,Smoke,1623,381,1699,608
1676.png,155,48,Smoke,1722,579,1877,627
1676.png,50,128,Smoke,1431,412,1481,540
1676.png,141,67,Smoke,1759,375,1900,442
1676.png,80,57,Smoke,1759,301,1839,358
1676.png,55,80,Smoke,546,424,601,504
1676.png,23,151,Smoke,1210,420,1233,571
1677.png,80,48,Smoke,414,514,494,562
1677.png,113,57,Smoke,629,496,742,553
1677.png,122,78,Smoke,811,474,933,552
1677.png,128,246,Smoke,1021,312,1149,558
1677.png,32,170,Smoke,967,378,999,548
1677.png,29,218,Smoke,1161,330,1190,548
1677.png,132,155,Smoke,1247,397,1379,552
1677.png,181,109,Smoke,1739,457,1920,566
1677.png,76,227,Smoke,1623,382,1699,609
1677.png,155,48,Smoke,1722,579,1877,627
1677.png,50,128,Smoke,1431,412,1481,540
1677.png,141,67,Smoke,1760,376,1901,443
1677.png,80,57,Smoke,1759,301,1839,358
1677.png,55,80,Smoke,546,424,601,504
1677.png,23,151,Smoke,1210,420,1233,571
1678.png,80,48,Smoke,414,514,494,562
1678.png,113,57,Smoke,629,496,742,553
1678.png,122,78,Smoke,812,474,934,552
1678.png,128,246,Smoke,1021,313,1149,559
1678.png,32,170,Smoke,966,380,998,550
1678.png,29,218,Smoke,1161,336,1190,554
1678.png,132,155,Smoke,1247,397,1379,552
1678.png,182,109,Smoke,1738,457,1920,566
1678.png,76,227,Smoke,1623,382,1699,609
1678.png,155,48,Smoke,1722,579,1877,627
1678.png,50,128,Smoke,1431,412,1481,540
1678.png,141,67,Smoke,1759,375,1900,442
1678.png,80,57,Smoke,1759,301,1839,358
1678.png,55,80,Smoke,546,424,601,504
1678.png,23,151,Smoke,1210,421,1233,572
1679.png,80,48,Smoke,414,514,494,562
1679.png,113,57,Smoke,629,496,742,553
1679.png,122,78,Smoke,812,474,934,552
1679.png,128,246,Smoke,1021,312,1149,558
1679.png,32,170,Smoke,966,380,998,550
1679.png,29,218,Smoke,1161,334,1190,552
1679.png,132,155,Smoke,1247,397,1379,552
1679.png,181,109,Smoke,1739,457,1920,566
1679.png,76,227,Smoke,1623,382,1699,609
1679.png,155,48,Smoke,1722,579,1877,627
1679.png,50,128,Smoke,1431,412,1481,540
1679.png,141,67,Smoke,1761,373,1902,440
1679.png,80,57,Smoke,1759,301,1839,358
1679.png,55,80,Smoke,546,424,601,504
1679.png,23,151,Smoke,1210,422,1233,573
1680.png,80,48,Smoke,414,514,494,562
1680.png,99,55,Smoke,643,498,742,553
1680.png,122,78,Smoke,812,474,934,552
1680.png,128,246,Smoke,1020,313,1148,559
1680.png,32,170,Smoke,966,380,998,550
1680.png,29,218,Smoke,1161,334,1190,552
1680.png,132,155,Smoke,1247,397,1379,552
1680.png,182,109,Smoke,1738,457,1920,566
1680.png,76,227,Smoke,1623,382,1699,609
1680.png,155,48,Smoke,1722,579,1877,627
1680.png,50,128,Smoke,1431,412,1481,540
1680.png,141,67,Smoke,1759,375,1900,442
1680.png,80,57,Smoke,1759,302,1839,359
1680.png,55,80,Smoke,546,424,601,504
1680.png,23,151,Smoke,1210,419,1233,570
1681.png,80,48,Smoke,414,514,494,562
1681.png,99,55,Smoke,642,498,741,553
1681.png,122,78,Smoke,812,474,934,552
1681.png,128,246,Smoke,1021,312,1149,558
1681.png,32,170,Smoke,966,378,998,548
1681.png,29,218,Smoke,1161,332,1190,550
1681.png,132,155,Smoke,1247,397,1379,552
1681.png,181,109,Smoke,1739,457,1920,566
1681.png,76,227,Smoke,1623,382,1699,609
1681.png,155,48,Smoke,1722,579,1877,627
1681.png,50,128,Smoke,1431,412,1481,540
1681.png,141,67,Smoke,1761,373,1902,440
1681.png,80,57,Smoke,1758,301,1838,358
1681.png,55,80,Smoke,546,424,601,504
1681.png,23,151,Smoke,1210,420,1233,571
1681.png,80,57,Smoke,1759,301,1839,358
1681.png,55,80,Smoke,546,424,601,504
1681.png,23,151,Smoke,1210,421,1233,572
1682.png,80,48,Smoke,414,514,494,562
1682.png,99,55,Smoke,642,498,741,553
1682.png,122,78,Smoke,812,474,934,552
1682.png,128,246,Smoke,1021,311,1149,557
1682.png,32,170,Smoke,966,378,998,548
1682.png,29,218,Smoke,1161,332,1190,550
1682.png,132,155,Smoke,1247,397,1379,552
1682.png,180,109,Smoke,1740,457,1920,566
1682.png,76,227,Smoke,1623,382,1699,609
1682.png,155,48,Smoke,1722,579,1877,627
1682.png,50,128,Smoke,1431,412,1481,540
1682.png,141,67,Smoke,1762,373,1903,440
1682.png,55,80,Smoke,546,424,601,504
1682.png,23,151,Smoke,1210,420,1233,571
1683.png,80,48,Smoke,414,514,494,562
1683.png,99,55,Smoke,642,498,741,553
1683.png,122,78,Smoke,812,474,934,552
1683.png,128,246,Smoke,1021,312,1149,558
1683.png,32,170,Smoke,966,380,998,550
1683.png,29,218,Smoke,1161,332,1190,550
1683.png,132,155,Smoke,1247,397,1379,552
1683.png,181,109,Smoke,1739,457,1920,566
1683.png,76,227,Smoke,1623,382,1699,609
1683.png,155,48,Smoke,1722,579,1877,627
1683.png,50,128,Smoke,1431,412,1481,540
1683.png,141,67,Smoke,1761,373,1902,440
1683.png,80,57,Smoke,1759,300,1839,357
1684.png,80,48,Smoke,414,514,494,562
1684.png,99,55,Smoke,642,498,741,553
1684.png,122,78,Smoke,812,474,934,552
1684.png,128,246,Smoke,1021,313,1149,559
1684.png,32,170,Smoke,966,380,998,550
1684.png,29,218,Smoke,1161,332,1190,550
1684.png,132,155,Smoke,1247,397,1379,552
1684.png,180,109,Smoke,1740,457,1920,566
1684.png,76,227,Smoke,1623,383,1699,610
1684.png,155,48,Smoke,1722,579,1877,627
1684.png,50,128,Smoke,1431,412,1481,540
1684.png,141,67,Smoke,1761,373,1902,440
1684.png,80,57,Smoke,1759,301,1839,358
1684.png,55,80,Smoke,546,424,601,504
1684.png,23,151,Smoke,1210,421,1233,572
1685.png,80,48,Smoke,414,514,494,562
1685.png,99,55,Smoke,642,498,741,553
1685.png,122,78,Smoke,812,474,934,552
1685.png,128,246,Smoke,1021,312,1149,558
1685.png,32,170,Smoke,966,380,998,550
1685.png,29,218,Smoke,1161,332,1190,550
1685.png,132,155,Smoke,1247,397,1379,552
1685.png,181,109,Smoke,1739,457,1920,566
1685.png,76,227,Smoke,1622,382,1698,609
1685.png,155,48,Smoke,1722,579,1877,627
1685.png,50,128,Smoke,1431,412,1481,540
1685.png,141,67,Smoke,1761,373,1902,440
1685.png,80,57,Smoke,1760,301,1840,358
1685.png,55,80,Smoke,546,424,601,504
1685.png,23,151,Smoke,1210,420,1233,571
1686.png,80,48,Smoke,414,514,494,562
1686.png,99,55,Smoke,642,498,741,553
1686.png,122,78,Smoke,812,473,934,551
1686.png,128,246,Smoke,1021,313,1149,559
1686.png,32,170,Smoke,966,380,998,550
1686.png,29,218,Smoke,1161,332,1190,550
1686.png,132,155,Smoke,1247,397,1379,552
1686.png,180,109,Smoke,1740,457,1920,566
1686.png,76,227,Smoke,1624,383,1700,610
1686.png,155,48,Smoke,1722,579,1877,627
1686.png,50,128,Smoke,1431,412,1481,540
1686.png,141,67,Smoke,1761,373,1902,440
1686.png,80,57,Smoke,1759,300,1839,357
1686.png,55,80,Smoke,546,424,601,504
1686.png,23,151,Smoke,1210,421,1233,572
1687.png,80,48,Smoke,414,514,494,562
1687.png,99,55,Smoke,642,498,741,553
1687.png,122,78,Smoke,812,474,934,552
1687.png,128,246,Smoke,1021,312,1149,558
1687.png,32,170,Smoke,966,380,998,550
1687.png,29,218,Smoke,1161,332,1190,550
1687.png,132,155,Smoke,1247,397,1379,552
1687.png,181,109,Smoke,1739,456,1920,565
1687.png,76,227,Smoke,1622,382,1698,609
1687.png,155,48,Smoke,1722,579,1877,627
1687.png,50,128,Smoke,1431,412,1481,540
1687.png,141,67,Smoke,1761,373,1902,440
1687.png,80,57,Smoke,1759,300,1839,357
1687.png,55,80,Smoke,546,424,601,504
1687.png,23,151,Smoke,1210,420,1233,571
1688.png,80,48,Smoke,414,514,494,562
1688.png,99,55,Smoke,642,498,741,553
1688.png,122,78,Smoke,812,474,934,552
1688.png,128,246,Smoke,1021,313,1149,559
1688.png,32,170,Smoke,966,380,998,550
1688.png,29,218,Smoke,1161,332,1190,550
1688.png,132,155,Smoke,1247,397,1379,552
1688.png,180,109,Smoke,1740,456,1920,565
1688.png,76,227,Smoke,1624,383,1700,610
1688.png,155,48,Smoke,1722,579,1877,627
1688.png,50,128,Smoke,1431,412,1481,540
1688.png,141,67,Smoke,1761,373,1902,440
1688.png,80,57,Smoke,1759,300,1839,357
1688.png,55,80,Smoke,546,424,601,504
1688.png,23,151,Smoke,1210,421,1233,572
1689.png,80,48,Smoke,414,514,494,562
1689.png,99,55,Smoke,642,498,741,553
1689.png,122,78,Smoke,812,474,934,552
1689.png,128,246,Smoke,1021,312,1149,558
1689.png,32,170,Smoke,966,380,998,550
1689.png,29,218,Smoke,1161,332,1190,550
1689.png,132,155,Smoke,1247,397,1379,552
1689.png,181,109,Smoke,1739,456,1920,565
1689.png,76,227,Smoke,1624,383,1700,610
1689.png,155,48,Smoke,1722,579,1877,627
1689.png,50,128,Smoke,1431,413,1481,541
1689.png,141,67,Smoke,1761,373,1902,440
1689.png,80,57,Smoke,1759,300,1839,357
1689.png,55,80,Smoke,546,424,601,504
1689.png,23,151,Smoke,1210,420,1233,571
1690.png,80,48,Smoke,414,514,494,562
1690.png,99,55,Smoke,642,499,741,554
1690.png,122,78,Smoke,812,474,934,552
1690.png,128,246,Smoke,1021,311,1149,557
1690.png,32,170,Smoke,966,380,998,550
1690.png,29,218,Smoke,1161,334,1190,552
1690.png,132,155,Smoke,1247,397,1379,552
1690.png,180,109,Smoke,1740,456,1920,565
1690.png,76,227,Smoke,1623,383,1699,610
1690.png,155,48,Smoke,1722,579,1877,627
1690.png,50,128,Smoke,1431,412,1481,540
1690.png,141,67,Smoke,1761,373,1902,440
1690.png,80,57,Smoke,1760,300,1840,357
1690.png,55,80,Smoke,546,424,601,504
1690.png,23,151,Smoke,1210,421,1233,572
1691.png,80,48,Smoke,414,514,494,562
1691.png,99,55,Smoke,642,499,741,554
1691.png,122,78,Smoke,812,474,934,552
1691.png,128,246,Smoke,1022,312,1150,558
1691.png,32,170,Smoke,966,380,998,550
1691.png,29,218,Smoke,1161,334,1190,552
1691.png,132,155,Smoke,1247,397,1379,552
1691.png,181,109,Smoke,1739,456,1920,565
1691.png,76,227,Smoke,1623,382,1699,609
1691.png,155,48,Smoke,1722,579,1877,627
1691.png,50,128,Smoke,1431,412,1481,540
1691.png,141,67,Smoke,1761,372,1902,439
1691.png,80,57,Smoke,1759,300,1839,357
1691.png,55,80,Smoke,546,424,601,504
1691.png,23,151,Smoke,1210,420,1233,571
1691.png,80,57,Smoke,1758,299,1838,356
1691.png,55,80,Smoke,546,424,601,504
1691.png,23,151,Smoke,1210,421,1233,572
1692.png,80,48,Smoke,414,514,494,562
1692.png,99,55,Smoke,642,499,741,554
1692.png,122,78,Smoke,812,474,934,552
1692.png,128,246,Smoke,1022,313,1150,559
1692.png,32,170,Smoke,966,380,998,550
1692.png,29,218,Smoke,1161,336,1190,554
1692.png,132,155,Smoke,1247,397,1379,552
1692.png,182,109,Smoke,1738,458,1920,567
1692.png,76,227,Smoke,1622,382,1698,609
1692.png,155,48,Smoke,1722,579,1877,627
1692.png,50,128,Smoke,1431,412,1481,540
1692.png,141,67,Smoke,1760,372,1901,439
1692.png,55,80,Smoke,546,424,601,504
1692.png,23,151,Smoke,1210,420,1233,571
1693.png,80,48,Smoke,414,514,494,562
1693.png,99,55,Smoke,642,499,741,554
1693.png,122,78,Smoke,812,473,934,551
1693.png,128,246,Smoke,1022,312,1150,558
1693.png,32,170,Smoke,966,380,998,550
1693.png,29,218,Smoke,1161,336,1190,554
1693.png,132,155,Smoke,1247,396,1379,551
1693.png,181,109,Smoke,1739,456,1920,565
1693.png,76,227,Smoke,1623,382,1699,609
1693.png,155,48,Smoke,1722,579,1877,627
1693.png,50,128,Smoke,1431,412,1481,540
1693.png,141,67,Smoke,1761,372,1902,439
1693.png,80,57,Smoke,1757,300,1837,357
1694.png,80,48,Smoke,414,514,494,562
1694.png,99,55,Smoke,642,499,741,554
1694.png,122,78,Smoke,812,474,934,552
1694.png,128,246,Smoke,1022,313,1150,559
1694.png,32,170,Smoke,966,382,998,552
1694.png,29,218,Smoke,1161,336,1190,554
1694.png,132,155,Smoke,1247,396,1379,551
1694.png,180,109,Smoke,1740,456,1920,565
1694.png,76,227,Smoke,1623,383,1699,610
1694.png,155,48,Smoke,1722,579,1877,627
1694.png,50,128,Smoke,1431,412,1481,540
1694.png,141,67,Smoke,1762,372,1903,439
1694.png,80,57,Smoke,1758,299,1838,356
1694.png,55,80,Smoke,546,424,601,504
1694.png,23,151,Smoke,1210,419,1233,570
1695.png,80,48,Smoke,414,514,494,562
1695.png,99,55,Smoke,642,499,741,554
1695.png,122,78,Smoke,812,473,934,551
1695.png,128,246,Smoke,1022,312,1150,558
1695.png,32,170,Smoke,966,382,998,552
1695.png,29,218,Smoke,1161,336,1190,554
1695.png,132,155,Smoke,1247,396,1379,551
1695.png,181,109,Smoke,1739,456,1920,565
1695.png,76,227,Smoke,1623,382,1699,609
1695.png,155,48,Smoke,1722,579,1877,627
1695.png,50,128,Smoke,1431,412,1481,540
1695.png,141,67,Smoke,1762,372,1903,439
1695.png,80,57,Smoke,1758,299,1838,356
1695.png,55,80,Smoke,546,424,601,504
1695.png,23,151,Smoke,1210,420,1233,571
1696.png,80,48,Smoke,414,514,494,562
1696.png,99,55,Smoke,642,499,741,554
1696.png,122,78,Smoke,812,473,934,551
1696.png,128,246,Smoke,1022,313,1150,559
1696.png,32,170,Smoke,966,382,998,552
1696.png,29,218,Smoke,1161,336,1190,554
1696.png,132,155,Smoke,1247,396,1379,551
1696.png,180,109,Smoke,1740,456,1920,565
1696.png,76,227,Smoke,1623,382,1699,609
1696.png,155,48,Smoke,1722,579,1877,627
1696.png,50,128,Smoke,1431,412,1481,540
1696.png,141,67,Smoke,1761,372,1902,439
1696.png,80,57,Smoke,1758,299,1838,356
1696.png,55,80,Smoke,546,424,601,504
1696.png,23,151,Smoke,1210,419,1233,570
1697.png,80,48,Smoke,414,514,494,562
1697.png,99,55,Smoke,642,499,741,554
1697.png,122,78,Smoke,812,473,934,551
1697.png,128,246,Smoke,1022,312,1150,558
1697.png,32,170,Smoke,966,382,998,552
1697.png,29,218,Smoke,1161,336,1190,554
1697.png,132,155,Smoke,1247,396,1379,551
1697.png,181,109,Smoke,1739,457,1920,566
1697.png,76,227,Smoke,1623,382,1699,609
1697.png,155,48,Smoke,1722,579,1877,627
1697.png,50,128,Smoke,1431,412,1481,540
1697.png,141,67,Smoke,1761,372,1902,439
1697.png,80,57,Smoke,1758,299,1838,356
1697.png,55,80,Smoke,546,424,601,504
1697.png,23,151,Smoke,1210,420,1233,571
1698.png,80,48,Smoke,414,514,494,562
1698.png,99,55,Smoke,642,498,741,553
1698.png,122,78,Smoke,812,474,934,552
1698.png,128,246,Smoke,1022,313,1150,559
1698.png,32,170,Smoke,966,380,998,550
1698.png,29,218,Smoke,1161,334,1190,552
1698.png,132,155,Smoke,1246,397,1378,552
1698.png,180,109,Smoke,1740,456,1920,565
1698.png,76,227,Smoke,1623,381,1699,608
1698.png,155,48,Smoke,1722,579,1877,627
1698.png,50,128,Smoke,1431,412,1481,540
1698.png,141,67,Smoke,1761,372,1902,439
1698.png,80,57,Smoke,1758,299,1838,356
1698.png,55,80,Smoke,546,424,601,504
1698.png,23,151,Smoke,1210,419,1233,570
1699.png,80,48,Smoke,414,514,494,562
1699.png,99,55,Smoke,642,498,741,553
1699.png,122,78,Smoke,811,474,933,552
1699.png,128,246,Smoke,1022,312,1150,558
1699.png,32,170,Smoke,966,380,998,550
1699.png,29,218,Smoke,1161,334,1190,552
1699.png,132,155,Smoke,1246,397,1378,552
1699.png,181,109,Smoke,1739,456,1920,565
1699.png,76,227,Smoke,1623,382,1699,609
1699.png,155,48,Smoke,1722,579,1877,627
1699.png,50,128,Smoke,1431,412,1481,540
1699.png,141,67,Smoke,1761,372,1902,439
1699.png,80,57,Smoke,1758,299,1838,356
1699.png,55,80,Smoke,546,424,601,504
1699.png,23,151,Smoke,1210,420,1233,571
1700.png,80,48,Smoke,414,514,494,562
1700.png,99,55,Smoke,642,498,741,553
1700.png,122,78,Smoke,812,474,934,552
1700.png,128,246,Smoke,1022,313,1150,559
1700.png,32,170,Smoke,966,380,998,550
1700.png,29,218,Smoke,1161,336,1190,554
1700.png,132,155,Smoke,1246,397,1378,552
1700.png,180,109,Smoke,1740,456,1920,565
1700.png,76,227,Smoke,1622,382,1698,609
1700.png,155,48,Smoke,1722,579,1877,627
1700.png,50,128,Smoke,1431,412,1481,540
1700.png,141,67,Smoke,1761,372,1902,439
1700.png,80,57,Smoke,1758,299,1838,356
1700.png,55,80,Smoke,546,424,601,504
1700.png,23,151,Smoke,1210,419,1233,570
1701.png,80,48,Smoke,414,514,494,562
1701.png,99,55,Smoke,642,499,741,554
1701.png,122,78,Smoke,812,474,934,552
1701.png,128,246,Smoke,1022,312,1150,558
1701.png,32,170,Smoke,966,380,998,550
1701.png,29,218,Smoke,1161,336,1190,554
1701.png,132,155,Smoke,1246,397,1378,552
1701.png,181,109,Smoke,1739,456,1920,565
1701.png,76,227,Smoke,1623,382,1699,609
1701.png,155,48,Smoke,1722,579,1877,627
1701.png,50,128,Smoke,1431,412,1481,540
1701.png,141,67,Smoke,1761,372,1902,439
1701.png,80,57,Smoke,1758,299,1838,356
1701.png,55,80,Smoke,546,424,601,504
1701.png,23,151,Smoke,1210,420,1233,571
1701.png,80,57,Smoke,1758,299,1838,356
1701.png,55,80,Smoke,546,424,601,504
1701.png,23,151,Smoke,1210,419,1233,570
1702.png,80,48,Smoke,414,514,494,562
1702.png,99,55,Smoke,643,499,742,554
1702.png,122,78,Smoke,812,473,934,551
1702.png,128,246,Smoke,1022,313,1150,559
1702.png,32,170,Smoke,966,380,998,550
1702.png,29,218,Smoke,1161,337,1190,555
1702.png,132,155,Smoke,1246,397,1378,552
1702.png,180,109,Smoke,1740,456,1920,565
1702.png,76,227,Smoke,1623,382,1699,609
1702.png,155,48,Smoke,1722,579,1877,627
1702.png,50,128,Smoke,1431,412,1481,540
1702.png,141,67,Smoke,1761,372,1902,439
1702.png,55,80,Smoke,546,424,601,504
1702.png,23,151,Smoke,1210,420,1233,571
1703.png,80,48,Smoke,414,514,494,562
1703.png,99,55,Smoke,643,499,742,554
1703.png,122,78,Smoke,813,474,935,552
1703.png,128,246,Smoke,1022,314,1150,560
1703.png,32,170,Smoke,966,380,998,550
1703.png,29,218,Smoke,1161,336,1190,554
1703.png,132,155,Smoke,1246,397,1378,552
1703.png,181,109,Smoke,1739,456,1920,565
1703.png,76,227,Smoke,1623,382,1699,609
1703.png,155,48,Smoke,1722,579,1877,627
1703.png,50,128,Smoke,1431,412,1481,540
1703.png,141,67,Smoke,1761,372,1902,439
1703.png,80,57,Smoke,1758,299,1838,356
1704.png,80,48,Smoke,414,514,494,562
1704.png,99,55,Smoke,642,500,741,555
1704.png,122,78,Smoke,812,472,934,550
1704.png,128,246,Smoke,1022,313,1150,559
1704.png,32,170,Smoke,966,380,998,550
1704.png,29,218,Smoke,1161,336,1190,554
1704.png,132,155,Smoke,1246,397,1378,552
1704.png,182,109,Smoke,1738,456,1920,565
1704.png,76,227,Smoke,1623,381,1699,608
1704.png,155,48,Smoke,1722,579,1877,627
1704.png,50,128,Smoke,1431,412,1481,540
1704.png,141,67,Smoke,1761,372,1902,439
1704.png,80,57,Smoke,1759,299,1839,356
1704.png,55,80,Smoke,546,424,601,504
1704.png,23,151,Smoke,1210,420,1233,571
1705.png,80,48,Smoke,414,514,494,562
1705.png,99,55,Smoke,643,499,742,554
1705.png,122,78,Smoke,812,473,934,551
1705.png,128,246,Smoke,1022,312,1150,558
1705.png,32,170,Smoke,966,380,998,550
1705.png,29,218,Smoke,1161,336,1190,554
1705.png,132,155,Smoke,1246,397,1378,552
1705.png,181,109,Smoke,1739,456,1920,565
1705.png,76,227,Smoke,1623,382,1699,609
1705.png,155,48,Smoke,1722,579,1877,627
1705.png,50,128,Smoke,1431,412,1481,540
1705.png,141,67,Smoke,1761,372,1902,439
1705.png,80,57,Smoke,1759,299,1839,356
1705.png,55,80,Smoke,546,424,601,504
1705.png,23,151,Smoke,1210,420,1233,571
1706.png,80,48,Smoke,414,514,494,562
1706.png,99,55,Smoke,643,499,742,554
1706.png,122,78,Smoke,812,473,934,551
1706.png,128,246,Smoke,1022,313,1150,559
1706.png,32,170,Smoke,966,380,998,550
1706.png,29,218,Smoke,1161,336,1190,554
1706.png,132,155,Smoke,1246,397,1378,552
1706.png,182,109,Smoke,1738,456,1920,565
1706.png,76,227,Smoke,1623,381,1699,608
1706.png,155,48,Smoke,1722,579,1877,627
1706.png,50,128,Smoke,1431,412,1481,540
1706.png,141,67,Smoke,1761,372,1902,439
1706.png,80,57,Smoke,1759,299,1839,356
1706.png,55,80,Smoke,546,424,601,504
1706.png,23,151,Smoke,1210,421,1233,572
1707.png,80,48,Smoke,414,514,494,562
1707.png,99,55,Smoke,643,499,742,554
1707.png,122,78,Smoke,813,474,935,552
1707.png,128,246,Smoke,1022,312,1150,558
1707.png,32,170,Smoke,966,380,998,550
1707.png,29,218,Smoke,1161,336,1190,554
1707.png,132,155,Smoke,1246,397,1378,552
1707.png,181,109,Smoke,1739,456,1920,565
1707.png,76,227,Smoke,1623,382,1699,609
1707.png,155,48,Smoke,1722,579,1877,627
1707.png,50,128,Smoke,1431,412,1481,540
1707.png,141,67,Smoke,1761,372,1902,439
1707.png,80,57,Smoke,1759,299,1839,356
1707.png,55,80,Smoke,546,424,601,504
1707.png,23,151,Smoke,1210,420,1233,571
1708.png,80,48,Smoke,414,514,494,562
1708.png,99,55,Smoke,643,498,742,553
1708.png,122,78,Smoke,812,473,934,551
1708.png,128,246,Smoke,1022,313,1150,559
1708.png,32,170,Smoke,966,380,998,550
1708.png,29,218,Smoke,1161,336,1190,554
1708.png,132,155,Smoke,1246,397,1378,552
1708.png,180,109,Smoke,1740,456,1920,565
1708.png,76,227,Smoke,1623,381,1699,608
1708.png,155,48,Smoke,1722,579,1877,627
1708.png,50,128,Smoke,1431,412,1481,540
1708.png,141,67,Smoke,1761,372,1902,439
1708.png,80,57,Smoke,1759,299,1839,356
1708.png,55,80,Smoke,546,424,601,504
1708.png,23,151,Smoke,1210,419,1233,570
1709.png,80,48,Smoke,414,514,494,562
1709.png,99,55,Smoke,643,498,742,553
1709.png,122,78,Smoke,812,474,934,552
1709.png,128,246,Smoke,1022,314,1150,560
1709.png,32,170,Smoke,966,380,998,550
1709.png,29,218,Smoke,1161,336,1190,554
1709.png,132,155,Smoke,1246,397,1378,552
1709.png,181,109,Smoke,1739,457,1920,566
1709.png,76,227,Smoke,1623,382,1699,609
1709.png,155,48,Smoke,1722,579,1877,627
1709.png,50,128,Smoke,1431,412,1481,540
1709.png,141,67,Smoke,1761,372,1902,439
1709.png,80,57,Smoke,1759,299,1839,356
1709.png,55,80,Smoke,546,424,601,504
1709.png,23,151,Smoke,1210,420,1233,571
1710.png,80,48,Smoke,414,514,494,562
1710.png,99,55,Smoke,643,498,742,553
1710.png,122,78,Smoke,812,473,934,551
1710.png,128,246,Smoke,1022,313,1150,559
1710.png,32,170,Smoke,966,380,998,550
1710.png,29,218,Smoke,1161,336,1190,554
1710.png,132,155,Smoke,1246,397,1378,552
1710.png,180,109,Smoke,1740,456,1920,565
1710.png,76,227,Smoke,1623,383,1699,610
1710.png,155,48,Smoke,1722,579,1877,627
1710.png,50,128,Smoke,1431,412,1481,540
1710.png,141,67,Smoke,1761,372,1902,439
1710.png,80,57,Smoke,1759,299,1839,356
1710.png,55,80,Smoke,546,424,601,504
1710.png,23,151,Smoke,1210,421,1233,572
1711.png,80,48,Smoke,414,514,494,562
1711.png,99,55,Smoke,642,498,741,553
1711.png,122,78,Smoke,812,473,934,551
1711.png,128,246,Smoke,1022,314,1150,560
1711.png,32,170,Smoke,966,380,998,550
1711.png,29,218,Smoke,1161,336,1190,554
1711.png,132,155,Smoke,1246,397,1378,552
1711.png,181,109,Smoke,1739,456,1920,565
1711.png,76,227,Smoke,1623,382,1699,609
1711.png,155,48,Smoke,1722,579,1877,627
1711.png,50,128,Smoke,1431,412,1481,540
1711.png,141,67,Smoke,1761,372,1902,439
1711.png,80,57,Smoke,1759,299,1839,356
1711.png,55,80,Smoke,546,424,601,504
1711.png,23,151,Smoke,1211,418,1234,569
1711.png,80,57,Smoke,1759,299,1839,356
1711.png,55,80,Smoke,546,424,601,504
1711.png,23,151,Smoke,1209,419,1232,570
1712.png,80,48,Smoke,414,514,494,562
1712.png,99,55,Smoke,642,498,741,553
1712.png,122,78,Smoke,812,473,934,551
1712.png,128,246,Smoke,1022,315,1150,561
1712.png,32,170,Smoke,966,380,998,550
1712.png,29,218,Smoke,1161,336,1190,554
1712.png,132,155,Smoke,1246,397,1378,552
1712.png,180,109,Smoke,1740,456,1920,565
1712.png,76,227,Smoke,1623,382,1699,609
1712.png,155,48,Smoke,1722,579,1877,627
1712.png,50,128,Smoke,1431,412,1481,540
1712.png,141,67,Smoke,1761,372,1902,439
1712.png,55,80,Smoke,546,424,601,504
1712.png,23,151,Smoke,1211,418,1234,569
1713.png,80,48,Smoke,414,514,494,562
1713.png,99,55,Smoke,642,498,741,553
1713.png,122,78,Smoke,812,473,934,551
1713.png,128,246,Smoke,1022,314,1150,560
1713.png,32,170,Smoke,966,380,998,550
1713.png,29,218,Smoke,1161,335,1190,553
1713.png,132,155,Smoke,1246,397,1378,552
1713.png,181,109,Smoke,1739,456,1920,565
1713.png,76,227,Smoke,1623,382,1699,609
1713.png,155,48,Smoke,1722,579,1877,627
1713.png,50,128,Smoke,1431,412,1481,540
1713.png,141,67,Smoke,1761,372,1902,439
1713.png,80,57,Smoke,1759,301,1839,358
1714.png,80,48,Smoke,414,514,494,562
1714.png,99,55,Smoke,642,498,741,553
1714.png,122,78,Smoke,812,473,934,551
1714.png,128,246,Smoke,1022,315,1150,561
1714.png,32,170,Smoke,966,380,998,550
1714.png,29,218,Smoke,1161,335,1190,553
1714.png,132,155,Smoke,1246,397,1378,552
1714.png,180,109,Smoke,1740,456,1920,565
1714.png,76,227,Smoke,1623,383,1699,610
1714.png,155,48,Smoke,1722,579,1877,627
1714.png,50,128,Smoke,1431,412,1481,540
1714.png,141,67,Smoke,1761,372,1902,439
1714.png,80,57,Smoke,1759,299,1839,356
1714.png,55,80,Smoke,546,424,601,504
1714.png,23,151,Smoke,1211,418,1234,569
1715.png,80,48,Smoke,414,514,494,562
1715.png,99,55,Smoke,642,498,741,553
1715.png,122,78,Smoke,812,473,934,551
1715.png,128,246,Smoke,1022,316,1150,562
1715.png,32,170,Smoke,966,380,998,550
1715.png,29,218,Smoke,1161,334,1190,552
1715.png,132,155,Smoke,1246,397,1378,552
1715.png,181,109,Smoke,1739,456,1920,565
1715.png,76,227,Smoke,1623,382,1699,609
1715.png,155,48,Smoke,1722,579,1877,627
1715.png,50,128,Smoke,1431,412,1481,540
1715.png,141,67,Smoke,1761,372,1902,439
1715.png,80,57,Smoke,1759,299,1839,356
1715.png,55,80,Smoke,546,424,601,504
1715.png,23,151,Smoke,1211,418,1234,569
1716.png,80,48,Smoke,414,514,494,562
1716.png,99,55,Smoke,642,498,741,553
1716.png,122,78,Smoke,812,473,934,551
1716.png,128,246,Smoke,1022,315,1150,561
1716.png,32,170,Smoke,966,380,998,550
1716.png,29,218,Smoke,1161,336,1190,554
1716.png,132,155,Smoke,1246,397,1378,552
1716.png,180,109,Smoke,1740,456,1920,565
1716.png,76,227,Smoke,1623,382,1699,609
1716.png,155,48,Smoke,1722,579,1877,627
1716.png,50,128,Smoke,1431,412,1481,540
1716.png,141,67,Smoke,1761,372,1902,439
1716.png,80,57,Smoke,1759,300,1839,357
1716.png,55,80,Smoke,546,424,601,504
1716.png,23,151,Smoke,1211,418,1234,569
1717.png,80,48,Smoke,414,514,494,562
1717.png,99,55,Smoke,642,498,741,553
1717.png,122,78,Smoke,812,473,934,551
1717.png,128,246,Smoke,1022,316,1150,562
1717.png,32,170,Smoke,966,382,998,552
1717.png,29,218,Smoke,1161,336,1190,554
1717.png,132,155,Smoke,1246,397,1378,552
1717.png,181,109,Smoke,1739,456,1920,565
1717.png,76,227,Smoke,1623,382,1699,609
1717.png,155,48,Smoke,1722,579,1877,627
1717.png,50,128,Smoke,1431,412,1481,540
1717.png,141,67,Smoke,1761,371,1902,438
1717.png,80,57,Smoke,1759,299,1839,356
1717.png,55,80,Smoke,546,424,601,504
1717.png,23,151,Smoke,1211,418,1234,569
1718.png,80,48,Smoke,414,514,494,562
1718.png,99,55,Smoke,642,498,741,553
1718.png,122,78,Smoke,812,473,934,551
1718.png,128,246,Smoke,1022,315,1150,561
1718.png,32,170,Smoke,966,382,998,552
1718.png,29,218,Smoke,1161,334,1190,552
1718.png,132,155,Smoke,1246,397,1378,552
1718.png,180,109,Smoke,1740,456,1920,565
1718.png,76,227,Smoke,1623,382,1699,609
1718.png,155,48,Smoke,1722,579,1877,627
1718.png,50,128,Smoke,1431,412,1481,540
1718.png,141,67,Smoke,1761,371,1902,438
1718.png,80,57,Smoke,1758,299,1838,356
1718.png,55,80,Smoke,546,424,601,504
1718.png,23,151,Smoke,1211,417,1234,568
1719.png,80,48,Smoke,414,514,494,562
1719.png,99,55,Smoke,642,497,741,552
1719.png,122,78,Smoke,812,473,934,551
1719.png,128,246,Smoke,1022,316,1150,562
1719.png,32,170,Smoke,966,382,998,552
1719.png,29,218,Smoke,1161,336,1190,554
1719.png,132,155,Smoke,1246,397,1378,552
1719.png,181,109,Smoke,1739,456,1920,565
1719.png,76,227,Smoke,1623,382,1699,609
1719.png,155,48,Smoke,1722,579,1877,627
1719.png,50,128,Smoke,1431,412,1481,540
1719.png,141,67,Smoke,1761,371,1902,438
1719.png,80,57,Smoke,1759,299,1839,356
1719.png,55,80,Smoke,546,424,601,504
1719.png,23,151,Smoke,1211,418,1234,569
1720.png,80,48,Smoke,414,514,494,562
1720.png,99,55,Smoke,642,498,741,553
1720.png,122,78,Smoke,812,473,934,551
1720.png,128,246,Smoke,1023,311,1151,557
1720.png,32,170,Smoke,966,382,998,552
1720.png,29,218,Smoke,1161,334,1190,552
1720.png,132,155,Smoke,1246,397,1378,552
1720.png,180,109,Smoke,1740,456,1920,565
1720.png,76,227,Smoke,1623,382,1699,609
1720.png,155,48,Smoke,1722,579,1877,627
1720.png,50,128,Smoke,1431,412,1481,540
1720.png,141,67,Smoke,1758,372,1899,439
1720.png,80,57,Smoke,1758,299,1838,356
1720.png,55,80,Smoke,546,424,601,504
1720.png,23,151,Smoke,1211,419,1234,570
1721.png,80,48,Smoke,414,514,494,562
1721.png,99,55,Smoke,642,498,741,553
1721.png,122,78,Smoke,812,473,934,551
1721.png,128,246,Smoke,1023,314,1151,560
1721.png,32,170,Smoke,966,382,998,552
1721.png,29,218,Smoke,1161,336,1190,554
1721.png,132,155,Smoke,1246,397,1378,552
1721.png,181,109,Smoke,1739,456,1920,565
1721.png,76,227,Smoke,1623,382,1699,609
1721.png,155,48,Smoke,1722,579,1877,627
1721.png,50,128,Smoke,1431,412,1481,540
1721.png,141,67,Smoke,1759,372,1900,439
1721.png,80,57,Smoke,1758,299,1838,356
1721.png,55,80,Smoke,546,424,601,504
1721.png,23,151,Smoke,1211,418,1234,569
1721.png,80,57,Smoke,1758,299,1838,356
1721.png,55,80,Smoke,546,424,601,504
1721.png,23,151,Smoke,1211,417,1234,568
1722.png,80,48,Smoke,414,514,494,562
1722.png,99,55,Smoke,642,498,741,553
1722.png,122,78,Smoke,812,473,934,551
1722.png,128,246,Smoke,1023,315,1151,561
1722.png,32,170,Smoke,966,382,998,552
1722.png,29,218,Smoke,1161,337,1190,555
1722.png,132,155,Smoke,1246,397,1378,552
1722.png,180,109,Smoke,1740,456,1920,565
1722.png,76,227,Smoke,1623,382,1699,609
1722.png,155,48,Smoke,1722,579,1877,627
1722.png,50,128,Smoke,1431,412,1481,540
1722.png,141,67,Smoke,1759,371,1900,438
1722.png,55,80,Smoke,546,424,601,504
1722.png,23,151,Smoke,1211,418,1234,569
1723.png,80,48,Smoke,414,514,494,562
1723.png,99,55,Smoke,642,498,741,553
1723.png,122,78,Smoke,813,473,935,551
1723.png,128,246,Smoke,1023,316,1151,562
1723.png,32,170,Smoke,966,382,998,552
1723.png,29,218,Smoke,1161,336,1190,554
1723.png,132,155,Smoke,1246,397,1378,552
1723.png,181,109,Smoke,1739,455,1920,564
1723.png,76,227,Smoke,1623,382,1699,609
1723.png,155,48,Smoke,1722,579,1877,627
1723.png,50,128,Smoke,1431,412,1481,540
1723.png,141,67,Smoke,1759,371,1900,438
1723.png,80,57,Smoke,1758,299,1838,356
1724.png,80,48,Smoke,414,514,494,562
1724.png,99,55,Smoke,642,498,741,553
1724.png,122,78,Smoke,812,473,934,551
1724.png,128,246,Smoke,1023,315,1151,561
1724.png,32,170,Smoke,966,382,998,552
1724.png,29,218,Smoke,1161,337,1190,555
1724.png,132,155,Smoke,1246,397,1378,552
1724.png,180,109,Smoke,1740,455,1920,564
1724.png,76,227,Smoke,1623,382,1699,609
1724.png,155,48,Smoke,1722,579,1877,627
1724.png,50,128,Smoke,1431,412,1481,540
1724.png,141,67,Smoke,1759,372,1900,439
1724.png,80,57,Smoke,1758,299,1838,356
1724.png,55,80,Smoke,546,424,601,504
1724.png,23,151,Smoke,1211,417,1234,568
1725.png,80,48,Smoke,414,514,494,562
1725.png,99,55,Smoke,642,498,741,553
1725.png,122,78,Smoke,812,472,934,550
1725.png,128,246,Smoke,1023,316,1151,562
1725.png,32,170,Smoke,966,382,998,552
1725.png,29,218,Smoke,1161,338,1190,556
1725.png,132,155,Smoke,1246,397,1378,552
1725.png,181,109,Smoke,1739,455,1920,564
1725.png,76,227,Smoke,1623,382,1699,609
1725.png,155,48,Smoke,1722,579,1877,627
1725.png,50,128,Smoke,1431,412,1481,540
1725.png,141,67,Smoke,1759,371,1900,438
1725.png,80,57,Smoke,1758,299,1838,356
1725.png,55,80,Smoke,546,424,601,504
1725.png,23,151,Smoke,1211,418,1234,569
1726.png,80,48,Smoke,414,514,494,562
1726.png,99,55,Smoke,642,498,741,553
1726.png,122,78,Smoke,813,473,935,551
1726.png,128,246,Smoke,1023,315,1151,561
1726.png,32,170,Smoke,966,382,998,552
1726.png,29,218,Smoke,1161,337,1190,555
1726.png,132,155,Smoke,1246,397,1378,552
1726.png,180,109,Smoke,1740,456,1920,565
1726.png,76,227,Smoke,1623,383,1699,610
1726.png,155,48,Smoke,1722,579,1877,627
1726.png,50,128,Smoke,1431,412,1481,540
1726.png,141,67,Smoke,1759,373,1900,440
1726.png,80,57,Smoke,1758,299,1838,356
1726.png,55,80,Smoke,546,424,601,504
1726.png,23,151,Smoke,1211,417,1234,568
1727.png,80,48,Smoke,414,514,494,562
1727.png,99,55,Smoke,642,498,741,553
1727.png,122,78,Smoke,813,473,935,551
1727.png,128,246,Smoke,1023,314,1151,560
1727.png,32,170,Smoke,966,382,998,552
1727.png,29,218,Smoke,1161,337,1190,555
1727.png,132,155,Smoke,1246,397,1378,552
1727.png,181,109,Smoke,1739,456,1920,565
1727.png,76,258,Smoke,1624,382,1700,640
1727.png,155,48,Smoke,1722,579,1877,627
1727.png,50,128,Smoke,1431,412,1481,540
1727.png,141,67,Smoke,1759,370,1900,437
1727.png,80,57,Smoke,1758,299,1838,356
1727.png,55,80,Smoke,546,424,601,504
1727.png,23,151,Smoke,1211,418,1234,569
1728.png,80,48,Smoke,414,514,494,562
1728.png,99,55,Smoke,642,498,741,553
1728.png,122,78,Smoke,812,472,934,550
1728.png,128,246,Smoke,1023,315,1151,561
1728.png,32,170,Smoke,966,382,998,552
1728.png,29,218,Smoke,1161,337,1190,555
1728.png,132,155,Smoke,1246,397,1378,552
1728.png,180,109,Smoke,1740,455,1920,564
1728.png,76,258,Smoke,1624,383,1700,641
1728.png,155,48,Smoke,1722,579,1877,627
1728.png,50,128,Smoke,1431,412,1481,540
1728.png,141,67,Smoke,1759,372,1900,439
1728.png,80,57,Smoke,1758,299,1838,356
1728.png,55,80,Smoke,546,424,601,504
1728.png,23,151,Smoke,1211,417,1234,568
1729.png,80,48,Smoke,414,514,494,562
1729.png,99,55,Smoke,642,498,741,553
1729.png,122,78,Smoke,813,473,935,551
1729.png,128,246,Smoke,1023,314,1151,560
1729.png,32,170,Smoke,966,382,998,552
1729.png,29,218,Smoke,1161,336,1190,554
1729.png,132,155,Smoke,1246,397,1378,552
1729.png,181,109,Smoke,1739,456,1920,565
1729.png,76,258,Smoke,1624,381,1700,639
1729.png,155,48,Smoke,1722,579,1877,627
1729.png,50,128,Smoke,1431,412,1481,540
1729.png,141,67,Smoke,1759,372,1900,439
1729.png,80,57,Smoke,1758,299,1838,356
1729.png,55,80,Smoke,546,424,601,504
1729.png,23,151,Smoke,1211,418,1234,569
1730.png,80,48,Smoke,414,514,494,562
1730.png,99,55,Smoke,642,498,741,553
1730.png,122,78,Smoke,813,473,935,551
1730.png,128,246,Smoke,1023,315,1151,561
1730.png,32,170,Smoke,966,382,998,552
1730.png,29,218,Smoke,1161,336,1190,554
1730.png,132,155,Smoke,1246,397,1378,552
1730.png,180,109,Smoke,1740,456,1920,565
1730.png,76,258,Smoke,1624,382,1700,640
1730.png,155,48,Smoke,1722,579,1877,627
1730.png,50,128,Smoke,1431,412,1481,540
1730.png,141,67,Smoke,1759,371,1900,438
1730.png,80,57,Smoke,1758,299,1838,356
1730.png,55,80,Smoke,546,424,601,504
1730.png,23,151,Smoke,1211,417,1234,568
1731.png,80,48,Smoke,414,514,494,562
1731.png,99,55,Smoke,642,498,741,553
1731.png,122,78,Smoke,813,474,935,552
1731.png,128,246,Smoke,1024,316,1152,562
1731.png,32,170,Smoke,966,382,998,552
1731.png,29,218,Smoke,1161,337,1190,555
1731.png,132,155,Smoke,1246,399,1378,554
1731.png,181,109,Smoke,1739,456,1920,565
1731.png,76,258,Smoke,1624,380,1700,638
1731.png,155,48,Smoke,1722,579,1877,627
1731.png,50,128,Smoke,1431,412,1481,540
1731.png,141,67,Smoke,1759,371,1900,438
1731.png,80,57,Smoke,1758,299,1838,356
1731.png,55,80,Smoke,546,424,601,504
1731.png,23,151,Smoke,1211,416,1234,567
1731.png,80,57,Smoke,1758,299,1838,356
1731.png,55,80,Smoke,546,424,601,504
1731.png,23,151,Smoke,1210,419,1233,570
1732.png,80,48,Smoke,414,514,494,562
1732.png,99,55,Smoke,642,498,741,553
1732.png,122,78,Smoke,813,473,935,551
1732.png,128,246,Smoke,1025,317,1153,563
1732.png,32,170,Smoke,966,382,998,552
1732.png,29,218,Smoke,1161,339,1190,557
1732.png,132,155,Smoke,1246,399,1378,554
1732.png,180,109,Smoke,1740,456,1920,565
1732.png,76,258,Smoke,1624,381,1700,639
1732.png,155,48,Smoke,1722,579,1877,627
1732.png,50,128,Smoke,1431,412,1481,540
1732.png,141,67,Smoke,1759,371,1900,438
1732.png,55,80,Smoke,546,424,601,504
1732.png,23,151,Smoke,1212,415,1235,566
1733.png,80,48,Smoke,414,514,494,562
1733.png,99,55,Smoke,642,498,741,553
1733.png,122,78,Smoke,813,473,935,551
1733.png,128,246,Smoke,1025,316,1153,562
1733.png,32,170,Smoke,966,382,998,552
1733.png,29,218,Smoke,1161,339,1190,557
1733.png,132,155,Smoke,1246,399,1378,554
1733.png,181,109,Smoke,1739,456,1920,565
1733.png,76,258,Smoke,1625,380,1701,638
1733.png,155,48,Smoke,1722,579,1877,627
1733.png,50,128,Smoke,1431,412,1481,540
1733.png,141,67,Smoke,1759,371,1900,438
1733.png,80,57,Smoke,1758,299,1838,356
1734.png,80,48,Smoke,414,514,494,562
1734.png,99,55,Smoke,642,498,741,553
1734.png,122,78,Smoke,813,474,935,552
1734.png,128,246,Smoke,1025,315,1153,561
1734.png,32,170,Smoke,966,382,998,552
1734.png,29,218,Smoke,1161,339,1190,557
1734.png,132,155,Smoke,1246,397,1378,552
1734.png,180,109,Smoke,1740,456,1920,565
1734.png,76,258,Smoke,1624,380,1700,638
1734.png,155,48,Smoke,1722,579,1877,627
1734.png,50,128,Smoke,1431,412,1481,540
1734.png,141,67,Smoke,1759,371,1900,438
1734.png,80,57,Smoke,1758,299,1838,356
1734.png,55,80,Smoke,546,424,601,504
1734.png,23,151,Smoke,1212,415,1235,566
1735.png,80,48,Smoke,414,514,494,562
1735.png,99,55,Smoke,642,498,741,553
1735.png,122,78,Smoke,813,473,935,551
1735.png,128,246,Smoke,1025,318,1153,564
1735.png,32,170,Smoke,966,382,998,552
1735.png,29,218,Smoke,1161,339,1190,557
1735.png,132,155,Smoke,1246,398,1378,553
1735.png,181,109,Smoke,1739,456,1920,565
1735.png,76,258,Smoke,1624,381,1700,639
1735.png,155,48,Smoke,1722,579,1877,627
1735.png,50,128,Smoke,1431,412,1481,540
1735.png,141,67,Smoke,1759,371,1900,438
1735.png,80,57,Smoke,1758,299,1838,356
1735.png,55,80,Smoke,546,424,601,504
1735.png,23,151,Smoke,1212,417,1235,568
1736.png,80,48,Smoke,414,514,494,562
1736.png,99,55,Smoke,642,498,741,553
1736.png,122,78,Smoke,814,475,936,553
1736.png,128,246,Smoke,1025,317,1153,563
1736.png,32,170,Smoke,966,382,998,552
1736.png,29,218,Smoke,1161,336,1190,554
1736.png,132,155,Smoke,1246,398,1378,553
1736.png,180,109,Smoke,1740,456,1920,565
1736.png,76,258,Smoke,1624,382,1700,640
1736.png,155,48,Smoke,1722,579,1877,627
1736.png,50,128,Smoke,1431,412,1481,540
1736.png,141,67,Smoke,1759,371,1900,438
1736.png,80,57,Smoke,1758,299,1838,356
1736.png,55,80,Smoke,546,424,601,504
1736.png,23,151,Smoke,1212,416,1235,567
1737.png,80,48,Smoke,414,514,494,562
1737.png,99,55,Smoke,642,498,741,553
1737.png,122,78,Smoke,814,475,936,553
1737.png,128,246,Smoke,1025,318,1153,564
1737.png,32,170,Smoke,966,382,998,552
1737.png,29,218,Smoke,1161,341,1190,559
1737.png,132,155,Smoke,1246,399,1378,554
1737.png,181,109,Smoke,1739,456,1920,565
1737.png,76,258,Smoke,1624,380,1700,638
1737.png,155,48,Smoke,1722,579,1877,627
1737.png,50,128,Smoke,1431,412,1481,540
1737.png,141,67,Smoke,1759,371,1900,438
1737.png,80,57,Smoke,1758,299,1838,356
1737.png,55,80,Smoke,546,424,601,504
1737.png,23,151,Smoke,1212,417,1235,568
1738.png,80,48,Smoke,414,514,494,562
1738.png,99,55,Smoke,642,498,741,553
1738.png,122,78,Smoke,814,475,936,553
1738.png,128,246,Smoke,1025,319,1153,565
1738.png,32,170,Smoke,966,382,998,552
1738.png,29,218,Smoke,1161,343,1190,561
1738.png,132,155,Smoke,1246,399,1378,554
1738.png,180,109,Smoke,1740,456,1920,565
1738.png,76,258,Smoke,1625,379,1701,637
1738.png,155,48,Smoke,1722,579,1877,627
1738.png,50,128,Smoke,1431,412,1481,540
1738.png,141,67,Smoke,1759,371,1900,438
1738.png,80,57,Smoke,1758,299,1838,356
1738.png,55,80,Smoke,546,424,601,504
1738.png,23,151,Smoke,1212,416,1235,567
1739.png,80,48,Smoke,414,514,494,562
1739.png,99,55,Smoke,642,498,741,553
1739.png,122,78,Smoke,814,476,936,554
1739.png,128,246,Smoke,1025,318,1153,564
1739.png,32,170,Smoke,966,382,998,552
1739.png,29,218,Smoke,1161,343,1190,561
1739.png,132,155,Smoke,1246,397,1378,552
1739.png,181,109,Smoke,1739,456,1920,565
1739.png,76,258,Smoke,1624,379,1700,637
1739.png,155,48,Smoke,1722,579,1877,627
1739.png,50,128,Smoke,1431,412,1481,540
1739.png,141,67,Smoke,1759,371,1900,438
1739.png,80,57,Smoke,1759,299,1839,356
1739.png,55,80,Smoke,546,424,601,504
1739.png,23,151,Smoke,1212,417,1235,568
1740.png,80,48,Smoke,414,514,494,562
1740.png,99,55,Smoke,642,498,741,553
1740.png,122,78,Smoke,814,474,936,552
1740.png,128,246,Smoke,1025,319,1153,565
1740.png,32,170,Smoke,966,382,998,552
1740.png,29,218,Smoke,1161,343,1190,561
1740.png,132,155,Smoke,1246,399,1378,554
1740.png,180,109,Smoke,1740,456,1920,565
1740.png,76,258,Smoke,1624,380,1700,638
1740.png,155,48,Smoke,1722,579,1877,627
1740.png,50,128,Smoke,1431,412,1481,540
1740.png,141,67,Smoke,1759,371,1900,438
1740.png,80,57,Smoke,1759,299,1839,356
1740.png,55,80,Smoke,546,424,601,504
1740.png,23,151,Smoke,1212,415,1235,566
1741.png,80,48,Smoke,414,514,494,562
1741.png,99,55,Smoke,642,498,741,553
1741.png,122,78,Smoke,814,474,936,552
1741.png,128,246,Smoke,1025,316,1153,562
1741.png,32,170,Smoke,966,382,998,552
1741.png,29,218,Smoke,1161,343,1190,561
1741.png,132,155,Smoke,1246,397,1378,552
1741.png,181,109,Smoke,1739,456,1920,565
1741.png,76,258,Smoke,1624,381,1700,639
1741.png,155,48,Smoke,1722,579,1877,627
1741.png,50,128,Smoke,1431,412,1481,540
1741.png,141,67,Smoke,1759,371,1900,438
1741.png,80,57,Smoke,1758,299,1838,356
1741.png,55,80,Smoke,546,424,601,504
1741.png,23,151,Smoke,1212,417,1235,568
1741.png,80,57,Smoke,1758,299,1838,356
1741.png,55,80,Smoke,546,424,601,504
1741.png,23,151,Smoke,1212,418,1235,569
1742.png,80,48,Smoke,414,514,494,562
1742.png,99,55,Smoke,642,498,741,553
1742.png,122,78,Smoke,814,474,936,552
1742.png,128,246,Smoke,1025,316,1153,562
1742.png,32,170,Smoke,966,382,998,552
1742.png,29,218,Smoke,1161,343,1190,561
1742.png,132,155,Smoke,1246,397,1378,552
1742.png,180,109,Smoke,1740,456,1920,565
1742.png,76,258,Smoke,1624,380,1700,638
1742.png,155,48,Smoke,1722,579,1877,627
1742.png,50,128,Smoke,1431,412,1481,540
1742.png,141,67,Smoke,1759,371,1900,438
1742.png,55,80,Smoke,546,424,601,504
1742.png,23,151,Smoke,1212,417,1235,568
1743.png,80,48,Smoke,414,514,494,562
1743.png,99,55,Smoke,642,498,741,553
1743.png,122,78,Smoke,814,474,936,552
1743.png,128,246,Smoke,1025,316,1153,562
1743.png,32,170,Smoke,966,382,998,552
1743.png,29,218,Smoke,1161,343,1190,561
1743.png,132,155,Smoke,1246,397,1378,552
1743.png,181,109,Smoke,1739,456,1920,565
1743.png,76,258,Smoke,1625,380,1701,638
1743.png,155,48,Smoke,1722,579,1877,627
1743.png,50,128,Smoke,1431,412,1481,540
1743.png,141,67,Smoke,1759,371,1900,438
1743.png,80,57,Smoke,1758,299,1838,356
1744.png,80,48,Smoke,414,514,494,562
1744.png,99,55,Smoke,642,498,741,553
1744.png,122,78,Smoke,814,474,936,552
1744.png,128,246,Smoke,1025,317,1153,563
1744.png,32,170,Smoke,966,382,998,552
1744.png,29,218,Smoke,1161,345,1190,563
1744.png,132,155,Smoke,1246,397,1378,552
1744.png,180,109,Smoke,1740,456,1920,565
1744.png,76,258,Smoke,1623,380,1699,638
1744.png,155,48,Smoke,1723,580,1878,628
1744.png,50,128,Smoke,1431,412,1481,540
1744.png,141,67,Smoke,1759,371,1900,438
1744.png,80,57,Smoke,1759,299,1839,356
1744.png,55,80,Smoke,546,424,601,504
1744.png,23,151,Smoke,1214,417,1237,568
1745.png,80,48,Smoke,414,514,494,562
1745.png,99,55,Smoke,642,498,741,553
1745.png,122,78,Smoke,814,475,936,553
1745.png,128,246,Smoke,1025,318,1153,564
1745.png,32,170,Smoke,966,382,998,552
1745.png,29,218,Smoke,1161,345,1190,563
1745.png,132,155,Smoke,1246,397,1378,552
1745.png,181,109,Smoke,1739,456,1920,565
1745.png,76,258,Smoke,1624,382,1700,640
1745.png,155,48,Smoke,1723,580,1878,628
1745.png,50,128,Smoke,1431,412,1481,540
1745.png,141,67,Smoke,1759,371,1900,438
1745.png,80,57,Smoke,1758,299,1838,356
1745.png,55,80,Smoke,546,424,601,504
1745.png,23,151,Smoke,1213,416,1236,567
1746.png,80,48,Smoke,414,514,494,562
1746.png,99,55,Smoke,642,498,741,553
1746.png,122,78,Smoke,814,475,936,553
1746.png,128,246,Smoke,1025,317,1153,563
1746.png,32,170,Smoke,966,382,998,552
1746.png,29,218,Smoke,1161,342,1190,560
1746.png,132,155,Smoke,1246,399,1378,554
1746.png,180,109,Smoke,1740,456,1920,565
1746.png,76,258,Smoke,1624,380,1700,638
1746.png,155,48,Smoke,1722,579,1877,627
1746.png,50,128,Smoke,1431,412,1481,540
1746.png,141,67,Smoke,1759,371,1900,438
1746.png,80,57,Smoke,1759,299,1839,356
1746.png,55,80,Smoke,546,424,601,504
1746.png,23,151,Smoke,1214,417,1237,568
1747.png,80,48,Smoke,414,514,494,562
1747.png,99,55,Smoke,642,498,741,553
1747.png,122,78,Smoke,814,475,936,553
1747.png,128,246,Smoke,1025,316,1153,562
1747.png,32,170,Smoke,966,382,998,552
1747.png,29,218,Smoke,1161,343,1190,561
1747.png,132,155,Smoke,1246,397,1378,552
1747.png,181,109,Smoke,1739,456,1920,565
1747.png,76,258,Smoke,1624,381,1700,639
1747.png,155,48,Smoke,1722,580,1877,628
1747.png,50,128,Smoke,1431,412,1481,540
1747.png,141,67,Smoke,1759,371,1900,438
1747.png,80,57,Smoke,1759,299,1839,356
1747.png,55,80,Smoke,546,424,601,504
1747.png,23,151,Smoke,1214,417,1237,568
1748.png,80,48,Smoke,414,514,494,562
1748.png,99,55,Smoke,642,498,741,553
1748.png,122,78,Smoke,814,475,936,553
1748.png,128,246,Smoke,1025,317,1153,563
1748.png,32,170,Smoke,966,382,998,552
1748.png,29,218,Smoke,1161,345,1190,563
1748.png,132,155,Smoke,1246,399,1378,554
1748.png,180,109,Smoke,1740,456,1920,565
1748.png,76,258,Smoke,1625,379,1701,637
1748.png,155,48,Smoke,1722,580,1877,628
1748.png,50,128,Smoke,1431,412,1481,540
1748.png,141,67,Smoke,1759,371,1900,438
1748.png,80,57,Smoke,1759,299,1839,356
1748.png,55,80,Smoke,546,424,601,504
1748.png,23,151,Smoke,1214,417,1237,568
1749.png,80,48,Smoke,414,514,494,562
1749.png,99,55,Smoke,642,498,741,553
1749.png,122,78,Smoke,814,474,936,552
1749.png,128,246,Smoke,1025,318,1153,564
1749.png,32,170,Smoke,966,382,998,552
1749.png,29,218,Smoke,1161,345,1190,563
1749.png,132,155,Smoke,1245,397,1377,552
1749.png,181,109,Smoke,1739,456,1920,565
1749.png,76,258,Smoke,1624,380,1700,638
1749.png,155,48,Smoke,1722,579,1877,627
1749.png,50,128,Smoke,1431,412,1481,540
1749.png,141,67,Smoke,1759,371,1900,438
1749.png,80,57,Smoke,1759,299,1839,356
1749.png,55,80,Smoke,546,424,601,504
1749.png,23,151,Smoke,1213,416,1236,567
1750.png,80,48,Smoke,414,514,494,562
1750.png,99,55,Smoke,642,498,741,553
1750.png,122,78,Smoke,814,474,936,552
1750.png,128,246,Smoke,1025,317,1153,563
1750.png,32,170,Smoke,966,382,998,552
1750.png,29,218,Smoke,1161,343,1190,561
1750.png,132,155,Smoke,1246,397,1378,552
1750.png,182,109,Smoke,1738,456,1920,565
1750.png,76,258,Smoke,1624,381,1700,639
1750.png,155,48,Smoke,1722,579,1877,627
1750.png,50,128,Smoke,1431,412,1481,540
1750.png,141,67,Smoke,1759,371,1900,438
1750.png,80,57,Smoke,1759,299,1839,356
1750.png,55,80,Smoke,546,424,601,504
1750.png,23,151,Smoke,1213,417,1236,568
1751.png,80,48,Smoke,414,514,494,562
1751.png,99,55,Smoke,642,498,741,553
1751.png,122,78,Smoke,814,475,936,553
1751.png,128,246,Smoke,1025,316,1153,562
1751.png,32,170,Smoke,966,382,998,552
1751.png,29,218,Smoke,1161,345,1190,563
1751.png,132,155,Smoke,1246,399,1378,554
1751.png,181,109,Smoke,1739,456,1920,565
1751.png,76,258,Smoke,1624,382,1700,640
1751.png,155,48,Smoke,1722,579,1877,627
1751.png,50,128,Smoke,1431,412,1481,540
1751.png,141,67,Smoke,1759,371,1900,438
1751.png,80,57,Smoke,1759,299,1839,356
1751.png,55,80,Smoke,546,424,601,504
1751.png,23,151,Smoke,1215,416,1238,567
1751.png,80,57,Smoke,1759,298,1839,355
1751.png,55,80,Smoke,546,424,601,504
1751.png,23,151,Smoke,1215,416,1238,567
1752.png,80,48,Smoke,414,514,494,562
1752.png,99,55,Smoke,642,498,741,553
1752.png,122,78,Smoke,814,476,936,554
1752.png,128,246,Smoke,1025,317,1153,563
1752.png,32,170,Smoke,966,382,998,552
1752.png,29,218,Smoke,1161,345,1190,563
1752.png,132,155,Smoke,1246,399,1378,554
1752.png,180,109,Smoke,1740,456,1920,565
1752.png,76,258,Smoke,1624,382,1700,640
1752.png,155,48,Smoke,1722,579,1877,627
1752.png,50,128,Smoke,1431,412,1481,540
1752.png,141,67,Smoke,1760,372,1901,439
1752.png,55,80,Smoke,546,424,601,504
1752.png,23,151,Smoke,1215,417,1238,568
1753.png,80,48,Smoke,414,514,494,562
1753.png,99,55,Smoke,642,498,741,553
1753.png,122,78,Smoke,814,475,936,553
1753.png,128,246,Smoke,1025,316,1153,562
1753.png,32,170,Smoke,966,382,998,552
1753.png,29,218,Smoke,1161,345,1190,563
1753.png,132,155,Smoke,1245,399,1377,554
1753.png,181,109,Smoke,1739,456,1920,565
1753.png,76,258,Smoke,1625,382,1701,640
1753.png,155,48,Smoke,1722,579,1877,627
1753.png,50,128,Smoke,1431,412,1481,540
1753.png,141,67,Smoke,1760,370,1901,437
1753.png,80,57,Smoke,1759,298,1839,355
1754.png,80,48,Smoke,414,514,494,562
1754.png,99,55,Smoke,642,498,741,553
1754.png,122,78,Smoke,814,476,936,554
1754.png,128,246,Smoke,1025,317,1153,563
1754.png,32,170,Smoke,966,382,998,552
1754.png,29,218,Smoke,1161,345,1190,563
1754.png,132,155,Smoke,1246,399,1378,554
1754.png,180,109,Smoke,1740,456,1920,565
1754.png,76,258,Smoke,1625,382,1701,640
1754.png,155,48,Smoke,1722,579,1877,627
1754.png,50,128,Smoke,1431,412,1481,540
1754.png,141,67,Smoke,1760,371,1901,438
1754.png,80,57,Smoke,1759,298,1839,355
1754.png,55,80,Smoke,546,424,601,504
1754.png,23,151,Smoke,1215,416,1238,567
1755.png,80,48,Smoke,414,514,494,562
1755.png,99,55,Smoke,642,498,741,553
1755.png,122,78,Smoke,814,476,936,554
1755.png,128,246,Smoke,1025,316,1153,562
1755.png,32,170,Smoke,966,384,998,554
1755.png,29,218,Smoke,1161,345,1190,563
1755.png,132,155,Smoke,1245,399,1377,554
1755.png,181,109,Smoke,1739,456,1920,565
1755.png,76,258,Smoke,1625,382,1701,640
1755.png,155,48,Smoke,1722,579,1877,627
1755.png,50,128,Smoke,1431,413,1481,541
1755.png,141,67,Smoke,1760,371,1901,438
1755.png,80,57,Smoke,1759,298,1839,355
1755.png,55,80,Smoke,546,424,601,504
1755.png,23,151,Smoke,1215,417,1238,568
1756.png,80,48,Smoke,414,514,494,562
1756.png,99,55,Smoke,642,498,741,553
1756.png,122,78,Smoke,814,476,936,554
1756.png,128,246,Smoke,1025,315,1153,561
1756.png,32,170,Smoke,966,384,998,554
1756.png,29,218,Smoke,1161,349,1190,567
1756.png,132,155,Smoke,1246,399,1378,554
1756.png,180,109,Smoke,1740,455,1920,564
1756.png,76,258,Smoke,1623,381,1699,639
1756.png,155,48,Smoke,1722,579,1877,627
1756.png,50,128,Smoke,1431,413,1481,541
1756.png,141,67,Smoke,1760,371,1901,438
1756.png,80,57,Smoke,1759,298,1839,355
1756.png,55,80,Smoke,546,424,601,504
1756.png,23,151,Smoke,1215,416,1238,567
1757.png,80,48,Smoke,414,514,494,562
1757.png,99,55,Smoke,642,498,741,553
1757.png,122,78,Smoke,814,476,936,554
1757.png,128,246,Smoke,1025,314,1153,560
1757.png,32,170,Smoke,966,384,998,554
1757.png,29,218,Smoke,1161,344,1190,562
1757.png,132,155,Smoke,1246,399,1378,554
1757.png,181,109,Smoke,1739,456,1920,565
1757.png,76,258,Smoke,1624,382,1700,640
1757.png,155,48,Smoke,1722,579,1877,627
1757.png,50,128,Smoke,1431,413,1481,541
1757.png,141,67,Smoke,1759,371,1900,438
1757.png,80,57,Smoke,1759,298,1839,355
1757.png,55,80,Smoke,546,424,601,504
1757.png,23,151,Smoke,1215,417,1238,568
1758.png,80,48,Smoke,414,514,494,562
1758.png,99,55,Smoke,642,498,741,553
1758.png,122,78,Smoke,814,476,936,554
1758.png,128,246,Smoke,1025,315,1153,561
1758.png,32,170,Smoke,966,384,998,554
1758.png,29,218,Smoke,1161,342,1190,560
1758.png,132,155,Smoke,1246,398,1378,553
1758.png,180,109,Smoke,1740,456,1920,565
1758.png,76,258,Smoke,1625,382,1701,640
1758.png,155,48,Smoke,1722,579,1877,627
1758.png,50,128,Smoke,1431,413,1481,541
1758.png,141,67,Smoke,1760,371,1901,438
1758.png,80,57,Smoke,1759,298,1839,355
1758.png,55,80,Smoke,546,424,601,504
1758.png,23,151,Smoke,1215,416,1238,567
1759.png,80,48,Smoke,414,514,494,562
1759.png,99,55,Smoke,642,498,741,553
1759.png,122,78,Smoke,814,476,936,554
1759.png,128,246,Smoke,1025,316,1153,562
1759.png,32,170,Smoke,966,384,998,554
1759.png,29,218,Smoke,1162,343,1191,561
1759.png,132,155,Smoke,1246,398,1378,553
1759.png,181,109,Smoke,1739,456,1920,565
1759.png,76,258,Smoke,1624,381,1700,639
1759.png,155,48,Smoke,1722,579,1877,627
1759.png,50,128,Smoke,1431,413,1481,541
1759.png,141,67,Smoke,1760,371,1901,438
1759.png,80,57,Smoke,1759,298,1839,355
1759.png,55,80,Smoke,546,424,601,504
1759.png,23,151,Smoke,1215,417,1238,568
1760.png,80,48,Smoke,414,514,494,562
1760.png,99,55,Smoke,642,498,741,553
1760.png,122,78,Smoke,814,476,936,554
1760.png,128,246,Smoke,1025,317,1153,563
1760.png,32,170,Smoke,966,384,998,554
1760.png,29,218,Smoke,1161,339,1190,557
1760.png,132,155,Smoke,1245,399,1377,554
1760.png,180,109,Smoke,1740,456,1920,565
1760.png,76,258,Smoke,1624,382,1700,640
1760.png,155,48,Smoke,1722,579,1877,627
1760.png,50,128,Smoke,1431,413,1481,541
1760.png,141,67,Smoke,1760,371,1901,438
1760.png,80,57,Smoke,1759,298,1839,355
1760.png,55,80,Smoke,546,424,601,504
1760.png,23,151,Smoke,1215,418,1238,569
1761.png,80,48,Smoke,414,514,494,562
1761.png,99,55,Smoke,642,498,741,553
1761.png,122,78,Smoke,814,476,936,554
1761.png,128,246,Smoke,1025,316,1153,562
1761.png,32,170,Smoke,966,384,998,554
1761.png,29,218,Smoke,1161,341,1190,559
1761.png,132,155,Smoke,1245,399,1377,554
1761.png,181,109,Smoke,1739,457,1920,566
1761.png,76,258,Smoke,1624,383,1700,641
1761.png,155,48,Smoke,1722,579,1877,627
1761.png,50,128,Smoke,1431,413,1481,541
1761.png,141,67,Smoke,1761,371,1902,438
1761.png,80,57,Smoke,1759,298,1839,355
1761.png,55,80,Smoke,546,424,601,504
1761.png,23,151,Smoke,1215,417,1238,568
1761.png,80,57,Smoke,1759,298,1839,355
1761.png,55,80,Smoke,546,424,601,504
1761.png,23,151,Smoke,1215,416,1238,567
1762.png,80,48,Smoke,414,514,494,562
1762.png,99,55,Smoke,642,498,741,553
1762.png,122,78,Smoke,814,476,936,554
1762.png,128,246,Smoke,1025,317,1153,563
1762.png,32,170,Smoke,966,384,998,554
1762.png,29,218,Smoke,1161,341,1190,559
1762.png,132,155,Smoke,1245,399,1377,554
1762.png,180,109,Smoke,1740,457,1920,566
1762.png,76,258,Smoke,1623,383,1699,641
1762.png,155,48,Smoke,1722,579,1877,627
1762.png,50,128,Smoke,1431,413,1481,541
1762.png,141,67,Smoke,1761,371,1902,438
1762.png,55,80,Smoke,546,424,601,504
1762.png,23,151,Smoke,1215,417,1238,568
1763.png,80,48,Smoke,414,514,494,562
1763.png,99,55,Smoke,642,498,741,553
1763.png,122,78,Smoke,814,476,936,554
1763.png,128,246,Smoke,1025,316,1153,562
1763.png,32,170,Smoke,966,384,998,554
1763.png,29,218,Smoke,1161,339,1190,557
1763.png,132,155,Smoke,1245,399,1377,554
1763.png,181,109,Smoke,1739,457,1920,566
1763.png,76,258,Smoke,1624,382,1700,640
1763.png,155,48,Smoke,1722,579,1877,627
1763.png,50,128,Smoke,1431,413,1481,541
1763.png,141,67,Smoke,1761,371,1902,438
1763.png,80,57,Smoke,1759,298,1839,355
1764.png,80,48,Smoke,414,514,494,562
1764.png,99,55,Smoke,642,498,741,553
1764.png,122,78,Smoke,814,476,936,554
1764.png,128,246,Smoke,1025,315,1153,561
1764.png,32,170,Smoke,966,384,998,554
1764.png,29,218,Smoke,1161,343,1190,561
1764.png,132,155,Smoke,1245,399,1377,554
1764.png,180,109,Smoke,1740,457,1920,566
1764.png,76,258,Smoke,1624,383,1700,641
1764.png,155,48,Smoke,1722,579,1877,627
1764.png,50,128,Smoke,1431,413,1481,541
1764.png,141,67,Smoke,1761,371,1902,438
1764.png,80,57,Smoke,1759,298,1839,355
1764.png,55,80,Smoke,546,424,601,504
1764.png,23,151,Smoke,1215,417,1238,568
1765.png,80,48,Smoke,414,514,494,562
1765.png,99,55,Smoke,642,497,741,552
1765.png,122,78,Smoke,814,476,936,554
1765.png,128,246,Smoke,1025,316,1153,562
1765.png,32,170,Smoke,966,386,998,556
1765.png,29,218,Smoke,1161,337,1190,555
1765.png,132,155,Smoke,1245,399,1377,554
1765.png,181,109,Smoke,1739,457,1920,566
1765.png,76,258,Smoke,1624,384,1700,642
1765.png,155,48,Smoke,1722,579,1877,627
1765.png,50,128,Smoke,1431,413,1481,541
1765.png,141,67,Smoke,1761,371,1902,438
1765.png,80,57,Smoke,1759,298,1839,355
1765.png,55,80,Smoke,546,424,601,504
1765.png,23,151,Smoke,1215,417,1238,568
1766.png,80,48,Smoke,414,514,494,562
1766.png,99,55,Smoke,642,497,741,552
1766.png,122,78,Smoke,814,476,936,554
1766.png,128,246,Smoke,1025,315,1153,561
1766.png,32,170,Smoke,966,384,998,554
1766.png,29,218,Smoke,1161,341,1190,559
1766.png,132,155,Smoke,1245,399,1377,554
1766.png,180,109,Smoke,1740,457,1920,566
1766.png,76,258,Smoke,1623,382,1699,640
1766.png,155,48,Smoke,1722,579,1877,627
1766.png,50,128,Smoke,1431,413,1481,541
1766.png,141,67,Smoke,1761,371,1902,438
1766.png,80,57,Smoke,1759,298,1839,355
1766.png,55,80,Smoke,546,424,601,504
1766.png,23,151,Smoke,1215,416,1238,567
1767.png,80,48,Smoke,414,514,494,562
1767.png,99,55,Smoke,642,498,741,553
1767.png,122,78,Smoke,814,476,936,554
1767.png,128,246,Smoke,1025,316,1153,562
1767.png,32,170,Smoke,966,386,998,556
1767.png,29,218,Smoke,1161,339,1190,557
1767.png,132,155,Smoke,1245,399,1377,554
1767.png,181,109,Smoke,1739,457,1920,566
1767.png,76,258,Smoke,1624,383,1700,641
1767.png,155,48,Smoke,1722,579,1877,627
1767.png,50,128,Smoke,1431,413,1481,541
1767.png,141,67,Smoke,1761,371,1902,438
1767.png,80,57,Smoke,1759,298,1839,355
1767.png,55,80,Smoke,546,424,601,504
1767.png,23,151,Smoke,1215,417,1238,568
1768.png,80,48,Smoke,414,514,494,562
1768.png,99,55,Smoke,642,498,741,553
1768.png,122,78,Smoke,814,476,936,554
1768.png,128,246,Smoke,1025,317,1153,563
1768.png,32,170,Smoke,966,386,998,556
1768.png,29,218,Smoke,1161,339,1190,557
1768.png,132,155,Smoke,1245,399,1377,554
1768.png,182,109,Smoke,1738,457,1920,566
1768.png,76,258,Smoke,1624,384,1700,642
1768.png,155,48,Smoke,1722,579,1877,627
1768.png,50,128,Smoke,1431,413,1481,541
1768.png,141,67,Smoke,1761,371,1902,438
1768.png,80,57,Smoke,1759,298,1839,355
1768.png,55,80,Smoke,546,424,601,504
1768.png,23,151,Smoke,1215,416,1238,567
1769.png,80,48,Smoke,414,514,494,562
1769.png,99,55,Smoke,642,498,741,553
1769.png,122,78,Smoke,814,476,936,554
1769.png,128,246,Smoke,1025,316,1153,562
1769.png,32,170,Smoke,966,386,998,556
1769.png,29,218,Smoke,1161,338,1190,556
1769.png,132,155,Smoke,1245,399,1377,554
1769.png,181,109,Smoke,1739,458,1920,567
1769.png,76,258,Smoke,1623,382,1699,640
1769.png,155,48,Smoke,1722,579,1877,627
1769.png,50,128,Smoke,1431,413,1481,541
1769.png,141,67,Smoke,1761,371,1902,438
1769.png,80,57,Smoke,1759,298,1839,355
1769.png,55,80,Smoke,546,424,601,504
1769.png,23,151,Smoke,1215,417,1238,568
1770.png,80,48,Smoke,414,514,494,562
1770.png,99,55,Smoke,642,498,741,553
1770.png,122,78,Smoke,814,476,936,554
1770.png,128,246,Smoke,1025,317,1153,563
1770.png,32,170,Smoke,966,386,998,556
1770.png,29,218,Smoke,1161,337,1190,555
1770.png,132,155,Smoke,1245,399,1377,554
1770.png,180,109,Smoke,1740,458,1920,567
1770.png,76,258,Smoke,1624,383,1700,641
1770.png,155,48,Smoke,1722,579,1877,627
1770.png,50,128,Smoke,1431,412,1481,540
1770.png,141,67,Smoke,1761,371,1902,438
1770.png,80,57,Smoke,1759,298,1839,355
1770.png,55,80,Smoke,546,424,601,504
1770.png,23,151,Smoke,1215,416,1238,567
1771.png,80,48,Smoke,414,514,494,562
1771.png,99,55,Smoke,642,499,741,554
1771.png,122,78,Smoke,814,476,936,554
1771.png,128,246,Smoke,1025,316,1153,562
1771.png,32,170,Smoke,966,386,998,556
1771.png,29,218,Smoke,1161,341,1190,559
1771.png,132,155,Smoke,1245,399,1377,554
1771.png,181,109,Smoke,1739,458,1920,567
1771.png,76,258,Smoke,1625,384,1701,642
1771.png,155,48,Smoke,1722,579,1877,627
1771.png,50,128,Smoke,1431,412,1481,540
1771.png,141,67,Smoke,1761,371,1902,438
1771.png,80,57,Smoke,1760,298,1840,355
1771.png,55,80,Smoke,546,424,601,504
1771.png,23,151,Smoke,1215,417,1238,568
1771.png,80,57,Smoke,1760,298,1840,355
1771.png,55,80,Smoke,546,424,601,504
1771.png,23,151,Smoke,1215,416,1238,567
1772.png,80,48,Smoke,414,514,494,562
1772.png,99,55,Smoke,642,499,741,554
1772.png,122,78,Smoke,814,476,936,554
1772.png,128,246,Smoke,1025,316,1153,562
1772.png,32,170,Smoke,966,386,998,556
1772.png,29,218,Smoke,1161,337,1190,555
1772.png,132,155,Smoke,1245,399,1377,554
1772.png,180,109,Smoke,1740,458,1920,567
1772.png,76,258,Smoke,1625,385,1701,643
1772.png,155,48,Smoke,1722,579,1877,627
1772.png,50,128,Smoke,1431,412,1481,540
1772.png,141,67,Smoke,1761,371,1902,438
1772.png,55,80,Smoke,546,424,601,504
1772.png,23,151,Smoke,1215,416,1238,567
1773.png,80,48,Smoke,414,514,494,562
1773.png,99,55,Smoke,642,499,741,554
1773.png,122,78,Smoke,814,476,936,554
1773.png,128,246,Smoke,1025,316,1153,562
1773.png,32,170,Smoke,966,388,998,558
1773.png,29,218,Smoke,1161,339,1190,557
1773.png,132,155,Smoke,1245,399,1377,554
1773.png,181,109,Smoke,1739,458,1920,567
1773.png,76,258,Smoke,1625,383,1701,641
1773.png,155,48,Smoke,1722,579,1877,627
1773.png,50,128,Smoke,1431,412,1481,540
1773.png,141,67,Smoke,1761,370,1902,437
1773.png,80,57,Smoke,1760,298,1840,355
1774.png,80,48,Smoke,414,514,494,562
1774.png,99,55,Smoke,642,499,741,554
1774.png,122,78,Smoke,814,476,936,554
1774.png,128,246,Smoke,1025,317,1153,563
1774.png,32,170,Smoke,966,388,998,558
1774.png,29,218,Smoke,1161,339,1190,557
1774.png,132,155,Smoke,1245,399,1377,554
1774.png,180,109,Smoke,1740,458,1920,567
1774.png,76,258,Smoke,1625,384,1701,642
1774.png,155,48,Smoke,1722,579,1877,627
1774.png,50,128,Smoke,1431,412,1481,540
1774.png,141,67,Smoke,1763,371,1904,438
1774.png,80,57,Smoke,1761,298,1841,355
1774.png,55,80,Smoke,546,424,601,504
1774.png,23,151,Smoke,1214,416,1237,567
1775.png,80,48,Smoke,414,514,494,562
1775.png,99,55,Smoke,642,499,741,554
1775.png,122,78,Smoke,814,476,936,554
1775.png,128,246,Smoke,1025,316,1153,562
1775.png,32,170,Smoke,966,388,998,558
1775.png,29,218,Smoke,1161,339,1190,557
1775.png,132,155,Smoke,1245,399,1377,554
1775.png,181,109,Smoke,1739,458,1920,567
1775.png,76,258,Smoke,1625,384,1701,642
1775.png,155,48,Smoke,1722,579,1877,627
1775.png,50,128,Smoke,1431,412,1481,540
1775.png,141,67,Smoke,1762,371,1903,438
1775.png,80,57,Smoke,1760,298,1840,355
1775.png,55,80,Smoke,546,424,601,504
1775.png,23,151,Smoke,1215,416,1238,567
1776.png,80,48,Smoke,414,514,494,562
1776.png,99,55,Smoke,642,499,741,554
1776.png,122,78,Smoke,814,476,936,554
1776.png,128,246,Smoke,1025,317,1153,563
1776.png,32,170,Smoke,966,388,998,558
1776.png,29,218,Smoke,1161,339,1190,557
1776.png,132,155,Smoke,1245,399,1377,554
1776.png,180,109,Smoke,1740,458,1920,567
1776.png,76,258,Smoke,1625,384,1701,642
1776.png,155,48,Smoke,1722,579,1877,627
1776.png,50,128,Smoke,1431,412,1481,540
1776.png,141,67,Smoke,1761,369,1902,436
1776.png,80,57,Smoke,1760,298,1840,355
1776.png,55,80,Smoke,546,424,601,504
1776.png,23,151,Smoke,1215,417,1238,568
1777.png,80,48,Smoke,414,514,494,562
1777.png,99,55,Smoke,642,498,741,553
1777.png,122,78,Smoke,814,476,936,554
1777.png,128,246,Smoke,1025,318,1153,564
1777.png,32,170,Smoke,966,388,998,558
1777.png,29,218,Smoke,1161,341,1190,559
1777.png,132,155,Smoke,1245,399,1377,554
1777.png,181,109,Smoke,1739,458,1920,567
1777.png,76,258,Smoke,1625,384,1701,642
1777.png,155,48,Smoke,1722,579,1877,627
1777.png,50,128,Smoke,1431,412,1481,540
1777.png,141,67,Smoke,1761,371,1902,438
1777.png,80,57,Smoke,1760,298,1840,355
1777.png,55,80,Smoke,546,424,601,504
1777.png,23,151,Smoke,1215,416,1238,567
1778.png,80,48,Smoke,414,514,494,562
1778.png,99,55,Smoke,642,499,741,554
1778.png,122,78,Smoke,814,476,936,554
1778.png,128,246,Smoke,1025,317,1153,563
1778.png,32,170,Smoke,966,388,998,558
1778.png,29,218,Smoke,1161,341,1190,559
1778.png,132,155,Smoke,1245,399,1377,554
1778.png,180,109,Smoke,1740,458,1920,567
1778.png,76,258,Smoke,1625,384,1701,642
1778.png,155,48,Smoke,1722,579,1877,627
1778.png,50,128,Smoke,1431,412,1481,540
1778.png,141,67,Smoke,1761,371,1902,438
1778.png,80,57,Smoke,1760,298,1840,355
1778.png,55,80,Smoke,546,424,601,504
1778.png,23,151,Smoke,1215,417,1238,568
1779.png,80,48,Smoke,414,514,494,562
1779.png,99,55,Smoke,642,499,741,554
1779.png,122,78,Smoke,814,476,936,554
1779.png,128,246,Smoke,1025,316,1153,562
1779.png,32,170,Smoke,966,388,998,558
1779.png,29,218,Smoke,1161,341,1190,559
1779.png,132,155,Smoke,1245,399,1377,554
1779.png,181,109,Smoke,1739,458,1920,567
1779.png,76,258,Smoke,1625,383,1701,641
1779.png,155,48,Smoke,1722,579,1877,627
1779.png,50,128,Smoke,1431,412,1481,540
1779.png,141,67,Smoke,1761,371,1902,438
1779.png,80,57,Smoke,1760,298,1840,355
1779.png,55,80,Smoke,546,424,601,504
1779.png,23,151,Smoke,1215,416,1238,567
1780.png,80,48,Smoke,414,514,494,562
1780.png,99,55,Smoke,642,499,741,554
1780.png,122,78,Smoke,814,476,936,554
1780.png,128,246,Smoke,1025,317,1153,563
1780.png,32,170,Smoke,966,388,998,558
1780.png,29,218,Smoke,1161,339,1190,557
1780.png,132,155,Smoke,1245,399,1377,554
1780.png,180,109,Smoke,1740,458,1920,567
1780.png,76,258,Smoke,1625,384,1701,642
1780.png,155,48,Smoke,1722,579,1877,627
1780.png,50,128,Smoke,1431,412,1481,540
1780.png,141,67,Smoke,1762,371,1903,438
1780.png,80,57,Smoke,1760,298,1840,355
1780.png,55,80,Smoke,546,424,601,504
1780.png,23,151,Smoke,1215,416,1238,567
1781.png,80,48,Smoke,414,514,494,562
1781.png,99,55,Smoke,642,499,741,554
1781.png,122,78,Smoke,814,476,936,554
1781.png,128,246,Smoke,1025,318,1153,564
1781.png,32,170,Smoke,966,388,998,558
1781.png,29,218,Smoke,1161,339,1190,557
1781.png,132,155,Smoke,1245,399,1377,554
1781.png,181,109,Smoke,1739,458,1920,567
1781.png,76,258,Smoke,1625,385,1701,643
1781.png,155,48,Smoke,1722,579,1877,627
1781.png,50,128,Smoke,1431,412,1481,540
1781.png,141,67,Smoke,1761,371,1902,438
1781.png,80,57,Smoke,1760,298,1840,355
1781.png,55,80,Smoke,546,424,601,504
1781.png,23,151,Smoke,1215,416,1238,567
1781.png,80,57,Smoke,1760,298,1840,355
1781.png,55,80,Smoke,546,424,601,504
1781.png,23,151,Smoke,1215,415,1238,566
1782.png,80,48,Smoke,414,514,494,562
1782.png,99,55,Smoke,642,499,741,554
1782.png,122,78,Smoke,814,476,936,554
1782.png,128,246,Smoke,1025,318,1153,564
1782.png,32,170,Smoke,966,388,998,558
1782.png,29,218,Smoke,1161,339,1190,557
1782.png,132,155,Smoke,1245,399,1377,554
1782.png,180,109,Smoke,1740,458,1920,567
1782.png,76,258,Smoke,1625,385,1701,643
1782.png,155,48,Smoke,1722,578,1877,626
1782.png,50,128,Smoke,1431,412,1481,540
1782.png,141,67,Smoke,1761,371,1902,438
1782.png,55,80,Smoke,546,424,601,504
1782.png,23,151,Smoke,1215,416,1238,567
1783.png,80,48,Smoke,414,514,494,562
1783.png,99,55,Smoke,642,499,741,554
1783.png,122,78,Smoke,814,476,936,554
1783.png,128,246,Smoke,1025,318,1153,564
1783.png,32,170,Smoke,966,388,998,558
1783.png,29,218,Smoke,1161,339,1190,557
1783.png,132,155,Smoke,1245,399,1377,554
1783.png,181,109,Smoke,1739,458,1920,567
1783.png,76,258,Smoke,1625,384,1701,642
1783.png,155,48,Smoke,1722,578,1877,626
1783.png,50,128,Smoke,1431,412,1481,540
1783.png,141,67,Smoke,1761,371,1902,438
1783.png,80,57,Smoke,1760,298,1840,355
1784.png,80,48,Smoke,414,514,494,562
1784.png,99,55,Smoke,642,499,741,554
1784.png,122,78,Smoke,814,476,936,554
1784.png,128,246,Smoke,1025,319,1153,565
1784.png,32,170,Smoke,966,388,998,558
1784.png,29,218,Smoke,1161,339,1190,557
1784.png,132,155,Smoke,1245,399,1377,554
1784.png,180,109,Smoke,1740,458,1920,567
1784.png,76,258,Smoke,1625,385,1701,643
1784.png,155,48,Smoke,1722,577,1877,625
1784.png,50,128,Smoke,1431,412,1481,540
1784.png,141,67,Smoke,1761,371,1902,438
1784.png,80,57,Smoke,1760,298,1840,355
1784.png,55,80,Smoke,546,424,601,504
1784.png,23,151,Smoke,1215,416,1238,567
1785.png,80,48,Smoke,414,514,494,562
1785.png,99,55,Smoke,642,499,741,554
1785.png,122,78,Smoke,814,476,936,554
1785.png,128,246,Smoke,1025,318,1153,564
1785.png,32,170,Smoke,966,388,998,558
1785.png,29,218,Smoke,1161,339,1190,557
1785.png,132,155,Smoke,1245,399,1377,554
1785.png,181,109,Smoke,1739,458,1920,567
1785.png,76,258,Smoke,1625,385,1701,643
1785.png,155,48,Smoke,1722,578,1877,626
1785.png,50,128,Smoke,1431,412,1481,540
1785.png,141,67,Smoke,1761,371,1902,438
1785.png,80,57,Smoke,1760,298,1840,355
1785.png,55,80,Smoke,546,424,601,504
1785.png,23,151,Smoke,1215,416,1238,567
1786.png,80,48,Smoke,414,514,494,562
1786.png,99,55,Smoke,642,499,741,554
1786.png,122,78,Smoke,814,476,936,554
1786.png,128,246,Smoke,1025,319,1153,565
1786.png,32,170,Smoke,966,388,998,558
1786.png,29,218,Smoke,1161,339,1190,557
1786.png,132,155,Smoke,1245,399,1377,554
1786.png,180,109,Smoke,1740,458,1920,567
1786.png,76,258,Smoke,1625,385,1701,643
1786.png,155,48,Smoke,1722,577,1877,625
1786.png,50,128,Smoke,1431,412,1481,540
1786.png,141,67,Smoke,1761,370,1902,437
1786.png,80,57,Smoke,1760,298,1840,355
1786.png,55,80,Smoke,546,424,601,504
1786.png,23,151,Smoke,1215,415,1238,566
1787.png,80,48,Smoke,414,514,494,562
1787.png,99,55,Smoke,642,499,741,554
1787.png,122,78,Smoke,814,477,936,555
1787.png,128,246,Smoke,1025,320,1153,566
1787.png,32,170,Smoke,966,388,998,558
1787.png,29,218,Smoke,1161,339,1190,557
1787.png,132,155,Smoke,1245,399,1377,554
1787.png,181,109,Smoke,1739,458,1920,567
1787.png,76,258,Smoke,1625,385,1701,643
1787.png,155,48,Smoke,1722,580,1877,628
1787.png,50,128,Smoke,1431,412,1481,540
1787.png,141,67,Smoke,1761,371,1902,438
1787.png,80,57,Smoke,1760,298,1840,355
1787.png,55,80,Smoke,546,424,601,504
1787.png,23,151,Smoke,1215,416,1238,567
1788.png,80,48,Smoke,414,514,494,562
1788.png,99,55,Smoke,642,499,741,554
1788.png,122,78,Smoke,814,476,936,554
1788.png,128,246,Smoke,1025,321,1153,567
1788.png,32,170,Smoke,966,388,998,558
1788.png,29,218,Smoke,1161,337,1190,555
1788.png,132,155,Smoke,1245,399,1377,554
1788.png,180,109,Smoke,1740,458,1920,567
1788.png,76,258,Smoke,1625,385,1701,643
1788.png,155,48,Smoke,1722,577,1877,625
1788.png,50,128,Smoke,1431,411,1481,539
1788.png,141,67,Smoke,1761,370,1902,437
1788.png,80,57,Smoke,1760,298,1840,355
1788.png,55,80,Smoke,546,424,601,504
1788.png,23,151,Smoke,1215,416,1238,567
1789.png,80,48,Smoke,414,514,494,562
1789.png,99,55,Smoke,642,498,741,553
1789.png,122,78,Smoke,814,476,936,554
1789.png,128,246,Smoke,1025,320,1153,566
1789.png,32,170,Smoke,966,388,998,558
1789.png,29,218,Smoke,1161,337,1190,555
1789.png,132,155,Smoke,1245,399,1377,554
1789.png,181,109,Smoke,1739,458,1920,567
1789.png,76,258,Smoke,1625,385,1701,643
1789.png,155,48,Smoke,1722,579,1877,627
1789.png,50,128,Smoke,1431,411,1481,539
1789.png,141,67,Smoke,1761,370,1902,437
1789.png,80,57,Smoke,1760,298,1840,355
1789.png,55,80,Smoke,546,424,601,504
1789.png,23,151,Smoke,1215,416,1238,567
1790.png,80,48,Smoke,414,514,494,562
1790.png,99,55,Smoke,642,498,741,553
1790.png,122,78,Smoke,814,476,936,554
1790.png,128,246,Smoke,1025,321,1153,567
1790.png,32,170,Smoke,966,388,998,558
1790.png,29,218,Smoke,1161,337,1190,555
1790.png,132,155,Smoke,1245,399,1377,554
1790.png,180,109,Smoke,1740,458,1920,567
1790.png,76,258,Smoke,1625,385,1701,643
1790.png,155,48,Smoke,1722,577,1877,625
1790.png,50,128,Smoke,1431,411,1481,539
1790.png,141,67,Smoke,1761,370,1902,437
1790.png,80,57,Smoke,1760,298,1840,355
1790.png,55,80,Smoke,546,424,601,504
1790.png,23,151,Smoke,1215,417,1238,568
1791.png,80,48,Smoke,414,514,494,562
1791.png,99,55,Smoke,642,499,741,554
1791.png,122,78,Smoke,814,476,936,554
1791.png,128,246,Smoke,1025,322,1153,568
1791.png,32,170,Smoke,966,388,998,558
1791.png,29,218,Smoke,1161,338,1190,556
1791.png,132,155,Smoke,1245,399,1377,554
1791.png,181,109,Smoke,1739,458,1920,567
1791.png,76,258,Smoke,1625,385,1701,643
1791.png,155,48,Smoke,1722,578,1877,626
1791.png,50,128,Smoke,1431,412,1481,540
1791.png,141,67,Smoke,1761,370,1902,437
1791.png,80,57,Smoke,1760,298,1840,355
1791.png,55,80,Smoke,546,424,601,504
1791.png,23,151,Smoke,1214,414,1237,565
1791.png,80,57,Smoke,1760,298,1840,355
1791.png,55,80,Smoke,546,424,601,504
1791.png,23,151,Smoke,1214,414,1237,565
1792.png,80,48,Smoke,414,514,494,562
1792.png,99,55,Smoke,642,499,741,554
1792.png,122,78,Smoke,814,476,936,554
1792.png,128,246,Smoke,1025,321,1153,567
1792.png,32,170,Smoke,966,388,998,558
1792.png,29,218,Smoke,1161,338,1190,556
1792.png,132,155,Smoke,1245,399,1377,554
1792.png,180,109,Smoke,1740,458,1920,567
1792.png,76,258,Smoke,1625,385,1701,643
1792.png,155,48,Smoke,1722,578,1877,626
1792.png,50,128,Smoke,1431,412,1481,540
1792.png,141,67,Smoke,1761,370,1902,437
1792.png,55,80,Smoke,546,424,601,504
1792.png,23,151,Smoke,1215,413,1238,564
1793.png,80,48,Smoke,414,514,494,562
1793.png,99,55,Smoke,642,499,741,554
1793.png,122,78,Smoke,814,476,936,554
1793.png,128,246,Smoke,1025,322,1153,568
1793.png,32,170,Smoke,966,388,998,558
1793.png,29,218,Smoke,1161,336,1190,554
1793.png,132,155,Smoke,1245,399,1377,554
1793.png,181,109,Smoke,1739,458,1920,567
1793.png,76,258,Smoke,1625,384,1701,642
1793.png,155,48,Smoke,1722,578,1877,626
1793.png,50,128,Smoke,1431,412,1481,540
1793.png,141,67,Smoke,1761,370,1902,437
1793.png,80,57,Smoke,1760,298,1840,355
1794.png,80,48,Smoke,414,514,494,562
1794.png,99,55,Smoke,642,499,741,554
1794.png,122,78,Smoke,814,476,936,554
1794.png,128,246,Smoke,1025,323,1153,569
1794.png,32,170,Smoke,966,388,998,558
1794.png,29,218,Smoke,1161,336,1190,554
1794.png,132,155,Smoke,1246,399,1378,554
1794.png,180,109,Smoke,1740,458,1920,567
1794.png,76,258,Smoke,1625,385,1701,643
1794.png,155,48,Smoke,1722,578,1877,626
1794.png,50,128,Smoke,1431,412,1481,540
1794.png,141,67,Smoke,1760,370,1901,437
1794.png,80,57,Smoke,1760,298,1840,355
1794.png,55,80,Smoke,546,424,601,504
1794.png,23,151,Smoke,1215,414,1238,565
1795.png,80,48,Smoke,414,514,494,562
1795.png,99,55,Smoke,642,499,741,554
1795.png,122,78,Smoke,814,476,936,554
1795.png,128,246,Smoke,1025,322,1153,568
1795.png,32,170,Smoke,966,388,998,558
1795.png,29,218,Smoke,1161,336,1190,554
1795.png,132,155,Smoke,1246,399,1378,554
1795.png,181,109,Smoke,1739,458,1920,567
1795.png,76,258,Smoke,1626,384,1702,642
1795.png,155,48,Smoke,1722,578,1877,626
1795.png,50,128,Smoke,1431,412,1481,540
1795.png,141,67,Smoke,1761,371,1902,438
1795.png,80,57,Smoke,1760,298,1840,355
1795.png,55,80,Smoke,546,424,601,504
1795.png,23,151,Smoke,1215,413,1238,564
1796.png,80,48,Smoke,414,514,494,562
1796.png,99,55,Smoke,642,499,741,554
1796.png,122,78,Smoke,814,476,936,554
1796.png,128,246,Smoke,1025,323,1153,569
1796.png,32,170,Smoke,966,388,998,558
1796.png,29,218,Smoke,1161,336,1190,554
1796.png,132,155,Smoke,1246,399,1378,554
1796.png,180,109,Smoke,1740,458,1920,567
1796.png,76,258,Smoke,1625,384,1701,642
1796.png,155,48,Smoke,1722,578,1877,626
1796.png,50,128,Smoke,1431,412,1481,540
1796.png,141,67,Smoke,1760,370,1901,437
1796.png,80,57,Smoke,1760,298,1840,355
1796.png,55,80,Smoke,546,424,601,504
1796.png,23,151,Smoke,1215,414,1238,565
1797.png,80,48,Smoke,414,514,494,562
1797.png,99,55,Smoke,642,499,741,554
1797.png,122,78,Smoke,814,476,936,554
1797.png,128,246,Smoke,1025,322,1153,568
1797.png,32,170,Smoke,966,388,998,558
1797.png,29,218,Smoke,1161,336,1190,554
1797.png,132,155,Smoke,1245,399,1377,554
1797.png,181,109,Smoke,1739,458,1920,567
1797.png,76,258,Smoke,1625,385,1701,643
1797.png,155,48,Smoke,1722,578,1877,626
1797.png,50,128,Smoke,1431,412,1481,540
1797.png,141,67,Smoke,1761,370,1902,437
1797.png,80,57,Smoke,1760,298,1840,355
1797.png,55,80,Smoke,546,424,601,504
1797.png,23,151,Smoke,1215,413,1238,564
1798.png,80,48,Smoke,414,514,494,562
1798.png,99,55,Smoke,642,499,741,554
1798.png,122,78,Smoke,814,476,936,554
1798.png,128,246,Smoke,1025,323,1153,569
1798.png,32,170,Smoke,966,388,998,558
1798.png,29,218,Smoke,1161,336,1190,554
1798.png,132,155,Smoke,1246,399,1378,554
1798.png,180,109,Smoke,1740,458,1920,567
1798.png,76,258,Smoke,1626,384,1702,642
1798.png,155,48,Smoke,1722,578,1877,626
1798.png,50,128,Smoke,1431,412,1481,540
1798.png,141,67,Smoke,1761,370,1902,437
1798.png,80,57,Smoke,1760,298,1840,355
1798.png,55,80,Smoke,546,424,601,504
1798.png,23,151,Smoke,1215,414,1238,565
1799.png,80,48,Smoke,414,514,494,562
1799.png,99,55,Smoke,642,499,741,554
1799.png,122,78,Smoke,814,476,936,554
1799.png,128,246,Smoke,1025,322,1153,568
1799.png,32,170,Smoke,966,388,998,558
1799.png,29,218,Smoke,1161,336,1190,554
1799.png,132,155,Smoke,1246,399,1378,554
1799.png,181,109,Smoke,1739,458,1920,567
1799.png,76,258,Smoke,1625,384,1701,642
1799.png,155,48,Smoke,1722,577,1877,625
1799.png,50,128,Smoke,1431,412,1481,540
1799.png,151,80,Smoke,1760,372,1911,452
1799.png,80,57,Smoke,1760,298,1840,355
1799.png,55,80,Smoke,546,424,601,504
1799.png,23,151,Smoke,1215,413,1238,564
